1
1
1
1
1
1
1
1
1
1
1
1
1
1
1
1
1
1
1
1
1
1
1
1
1
1
1
1
1
1
1
1
1
1
1
1
1
1
1
1
1
1
1
1
1
1
1
1
1
1
1
1
1
1
1
1
1
1
1
1
1
1
1
1
1
1
1
1
1
1
1
1
1
1
1
1
1
1
1
1
1
1
1
1
1
1
1
1
1
1
1
1
1
1
1
1
1
1
1
1
1
1
1
1
1
1
1
1
1
1
1
1
1
1
1
1
1
1
1
1
1
1
1
1
1
1
1
1
1
1
1
1
1
1
1
1
1
1
1
1
1
1
1
1
1
1
1
1
1
1
1
1
1
1
1
1
1
1
1
1
1
1
1
1
1
1
1
1
1
1
1
1
1
1
1
1
1
1
1
1
1
1
1
1
1
1
1
1
1
1
1
1
1
1
1
1
1
1
1
1
1
1
1
1
1
1
1
1
1
1
1
1
1
1
1
1
1
1
1
1
1
1
1
1
1
1
1
1
1
1
1
1.0001689
1
1
1
1
1
1
1
1
1
1
1
1
1
1
1
1
1
1
1
1
1
1
1
1
1
1
1
1
1.0001627
1
1
1
1
1
1
1
1
1
1
1
1
1
1
1
1
1
1
1
1
1
1
1
1
1
1
1
1
1.0002084
1
1
1
1
1
1
1
1
1
1
1
1
1
1
1
1
1
1
1
1
1
1
1
1
1
1
1
1
1.0001789
1
1
1
1
1
1
1
1
1
1
1
1
1
1
1
1
1
1
1
1
1
1
1
1
1
1
1
1
1.0001703
1
1
1
1
1
1
1
1
1
1
1
1
1
1
1
1
1
1
1
1
1
1
1
1
1
1
1
1
1.0002331
1
1
1
1
1
1
1
1
1
1
1
1
1
1
1
1
1
1
1
1
1
1
1
1
1
1
1
1
1.0000616
1
1
1
1
1
1
1
1
1
1
1
1
1
1
1
1
1
1
1
1
1
1
1
1
1
1
1
1
1
1
1
1
1
1
1
1
1
1
1
1
1
1
1
1
1
1
1
1
1
1
1
1
1
1
1
1
1
1
1
1
1
1
1
1
1
1
1
1
1
1
1
1
1
1
1
1
1
1
1
1
1
1
1
1
1
1
1
1
1
1
1
1
1
1
1
1
1
1
1
1
1
1
1
1
1
1
1
1
1
1
1
1
1
1
1
1
1.000013
1.0000056
0.9999955
0.99999928
1.0000134
1.0000165
0.99999443
1.0000216
1
1.0000614
1
1.0000736
1
1
1.0000157
1.0000806
1.000089
1.0000374
1.0000018
1.0000205
1.0000182
1.0000754
1.00001
1.0000963
1.0000956
0.99999506
1.0000512
1.0001536
1.000156
1.000145
1.0000403
1.0000157
0.99999363
1.0000149
1.0000156
1.0001313
1.0001094
1
1.0000363
1
1.0000286
1
1
1.0000448
1.000084
1.0000668
1.0000717
0.99998425
1.0000063
1.0000246
1.0000208
0.99996332
1.0000888
1.000017
1.0000162
1.0000166
1.000009
1.000203
1
1
1
1
1
1
1
1
1
1
1
1
1
1
1
1
1
1
1
1
1
1
1
1
1
1
1
1
1
1
1
1
1
1
1
1
1
1
1
1
1
1
1
1
1
1
1
1
1
1
1
1
1
1
1
1
1
1.000406
1
1
1
1
1
1
1
1
1
1
1
1
1
1
1
1
1
1
1
1
1
1
1
1
1
1
1
1
1.0001202
1
1.0000063
1
1.0000389
1
0.99999228
1
1.0000329
1
1.0000136
1
0.99998466
1
1
1
1.0000488
1.0001862
1.0001472
1.0000804
0.99992338
1.0001011
1.0000921
1
1.0000305
1.0000471
1.0001722
1.0000866
1.0000131
1.000101
1
1
1
1
1
1
1
1
1
1
1
1
1
1
1
1
1
1
1
1
1
1
1
1
1
1
1
1
1.0000088
1
1
1
1
1
1
1
1
1
1
1
1
1
1
1
1
1
1
1
1
1
1
1
1
1
1
1
1
1.0007514
0.9999834
0.99998711
0.99999896
0.99998728
1.0000358
0.99999446
1.0000451
0.9999953
1
1.0001084
1
1.0000791
1
1
0.9999826
1.0001233
1.000065
1.0000481
1.0000983
1.000058
0.99998262
1.0000783
1.0000452
1.0001574
0.99998632
1.0000622
0.99999755
1.0000786
1.000208
1.000029
1.0000882
0.99999758
0.99998453
1.0000174
0.99999121
0.99999215
1.0000202
1
1.0000952
1
1.0000156
1
1
1.0000439
1.0000289
1.0000688
1.0000617
0.99999873
1.000076
1.000087
0.99998337
1.0000234
1.0000477
1.0000449
1.0000701
0.99999315
0.99999079
1.0000526
1
1
1
1
1
1
1
1
1
1
1
1
1
1
1
1
1
1
1
1
1
1
1
1
1
1
1
1
1
1
1
1
1
1
1
1
1
1
1
1
1
1
1
1
1
1
1
1
1
1
1
1
1
1
1
1
1
1
1
1
1
1
1
1
1
1
1
1
1
1
1
1
1
1
1
1
1
1
1
1
1
1
1
1
1
1
1
1
1
1
1
1
1
1
1
1
1
1
1
1
1
1
1
1
1
1
1
1
1
1
1
1
1
1
1
1
0.99999925
1.0000368
1.000002
1.0000168
0.99999916
1.000008
0.9999999
1.0000014
1
1.0000057
1
1.0001092
1
1
1.0000008
1.0000225
1.0000502
1.0000197
1.0000408
1.0000036
0.99996495
1.0000025
1.0000079
0.99999071
0.9999989
1.0000139
0.99999966
1.0000539
1.0000319
0.99999642
0.99996106
1.0000542
0.99998213
0.99999594
0.99998173
0.99999779
0.99998642
1
1.0000684
1
1.0000179
1
1
1.0000137
1.0000236
1.0001934
1.0000224
0.99998753
1.0000304
0.99999718
0.99999102
0.99999076
1.0000315
0.99999838
1.0000044
0.99999978
0.99999147
1.0001039
1
1
1
1
1
1
1
1
1
1
1
1
1
1
1
1
1
1
1
1
1
1
1
1
1
1
1
1
1
1
1
1
1
1
1
1
1
1
1
1
1
1
1
1
1
1
1
1
1
1
1
1
1
1
1
1
1
0.99991655
1
1
1
1
1
1
1
1
1
1
1
1
1
1
1
1
1
1
1
1
1
1
1
1
1
1
1
1
1.0000036
1
1.000046
1
1.0000234
1
0.99999742
1
1.0000042
1
1.0000055
1
1.0000254
1
1
1
1.0000069
1.0000907
0.9999586
0.99998374
1.0000058
1.0000246
1.0000079
1
0.9999979
1.0000185
0.99999224
1
0.99995101
0.99998797
1
1
1
1
1
1
1
1
1
1
1
1
1
1
1
1
1
1
1
1
1
1
1
1
1
1
1
1
0.99990427
1
1
1
1
1
1
1
1
1
1
1
1
1
1
1
1
1
1
1
1
1
1
1
1
1
1
1
1
0.99993623
0.99998053
1.0000102
0.99999981
0.9999916
0.99999708
0.9999985
0.99999935
0.99998883
1
1.0000319
1
1.0000584
1
1
0.99998956
1.0000427
1.0000686
0.99998288
0.99999256
1.0000268
1.0000847
1.0000171
1.0000176
1.0000695
1.0000014
1.0000152
1.0000237
1.0001092
1.0000334
0.99999766
1.0000087
0.99999991
1.0000101
0.99999816
0.99999546
0.99999759
0.99998131
1
1.0000213
1
1.0000155
1
1
0.99999855
1.0000229
1.0000087
1.000012
0.9999945
0.99996775
1.0000189
0.99995775
1.0000471
0.99999379
0.99999923
0.9999767
0.9999998
1.0000235
1.0000202
1
1
1
1
1
1
1
1
1
1
1
1
1
1
1
1
1
1
1
1
1
1
1
1
1
1
1
1
1
1
1
1
1
1
1
1
1
1
1
1
1
1
1
1
1
1
1
1
1
1
1
1
1
1
1
1
1
1
1
1
1
1
1
1
1
1
1
1
1
1
1
1
1
1
1
1
1
1
1
1
1
1
1
1
1
1
1
1
1
1
1
1
1
1
1
1
1
1
1
1
1
1
1
1
1
1
1
1
1
1
1
1
1
1
1
1
1
1
1
1
1
1
1
1
1
1
1
1
1
1
1
1
1
1
1
1
1
1
1
1
1
1
1
1
1
1
1
1
1
1
1
1
1
1
1
1
1
1
1
1
1
1
1
1
1
1
1
1
1
1
1
1
1
1
1
1
1
1
1
1
1
1
1
1
1
1
1
1
1
1
1
1
1
1
1
1
1
1
1
1
1
1
1
1
1
1
1
1
1
1
1
1
1
1
1
1
1
1
1
1
1
1
1
1
1
1
1
1
1
1
1
1.0000432
1
1
1
1
1
1
1
1
1
1
1
1
1
1
1
1
1
1
1
1
1
1
1
1
1
1
1
1
0.99994806
1
1
1
1
1
1
1
1
1
1
1
1
1
1
1
1
1
1
1
1
1
1
1
1
1
1
1
1
1.0001072
1
1
1
1
1
1
1
1
1
1
1
1
1
1
1
1
1
1
1
1
1
1
1
1
1
1
1
1
1.0001086
1
1
1
1
1
1
1
1
1
1
1
1
1
1
1
1
1
1
1
1
1
1
1
1
1
1
1
1
1.0000908
1
1
1
1
1
1
1
1
1
1
1
1
1
1
1
1
1
1
1
1
1
1
1
1
1
1
1
1
1.0002024
1
1
1
1
1
1
1
1
1
1
1
1
1
1
1
1
1
1
1
1
1
1
1
1
1
1
1
1
1.0000534
1
1
1
1
1
1
1
1
1
1
1
1
1
1
1
1
1
1
1
1
1
1
1
1
1
1
1
1
1
1
1
1
1
1
1
1
1
1
1
1
1
1
1
1
1
1
1
1
1
1
1
1
1
1
1
1
1
1
1
1
1
1
1
1
1
1
1
1
1
1
1
1
1
1
1
1
1
1
1
1
1
1
1
1
1
1
1
1
1
1
1
1
1
1
1
1
1
1
1
1
1
1
1
1
1
1
1
1
1
1
1
1
1
1
1
1
0.99999809
1.000058
0.99999983
1
0.99999938
1.0000597
0.99999971
0.99999466
1
1.000025
1
0.99999287
1
1
1.0000576
1.0003996
1.0000576
1.0003197
0.99997594
1.0001043
1.000045
1.0000623
1.0000388
1.0001803
0.99999512
1.0000344
1.0000067
1.0000753
1.0002753
1.0000428
1.0001311
1.0000171
0.99999991
0.99997669
1.0000266
0.99998834
0.99999921
1
1.0000498
1
1.000025
1
1
1.0000618
1.0005275
1.0000114
1.0003518
0.99998618
1.0003198
1.0000196
1.0005021
1.0000658
1.0002441
0.99999129
1.0000383
0.99998124
0.99999574
1.0003542
1
1
1
1
1
1
1
1
1
1
1
1
1
1
1
1
1
1
1
1
1
1
1
1
1
1
1
1
1
1
1
1
1
1
1
1
1
1
1
1
1
1
1
1
1
1
1
1
1
1
1.1216268
0.80413664
0.83181088
1.531287
1.8748706
2.0262831
2.4335392
2.8375203
1
1
1
1
1
1
1
1
1
1
1
1
1
1
1
1
1
1
1
1
1
1
1
1
1
1
1
1
1.0000085
1
1.0000225
1
0.99999924
1
0.99999897
1
1.0000208
1
1.0000716
1
0.99999143
1
1
1
0.99999288
1.0001368
1.0004724
1.0000049
0.99999881
1.000038
1.0000502
1
1.0000033
1.0000601
1.0000366
0.9999979
0.99998775
1.0000568
1
1
1
1
1
1
1
1
1
1
1
1
1
1
1
1
1
1
1
1
1
1
1
1
1
1
1
1
1.00001
1
1
1
1
1
1
1
1
1
1
1
1
1
1
1
1
1
1
1
1
1
1
1
1
1
1
1
1
1.0000579
0.99999461
0.99999496
0.9999997
0.99999988
0.99998817
0.99999929
1.0000241
1
1
1.000009
1
1.0000159
1
1
0.9999829
1.0001883
1.0000222
1.0007245
1.0000708
1.0005324
1.0001041
1.0004864
0.99997985
1.0004845
0.99998793
1.0001661
1.000018
1.0003125
1.0000701
0.99999805
1.0000552
0.99999805
0.9999996
1.0000248
1.0000017
0.99999756
0.9999985
1
1.0000622
1
0.99999884
1
1
1.0000156
1.0000934
0.99997077
1.0010517
0.99999641
1.0004532
1.0000548
1.0000129
1.0000568
1.0002318
1.0000072
1.0000741
1.0000012
1.0000077
1.0000841
1
1
1
1
1
1
1
1
1
1
1
1
1
1
1
1
1
1
1
1
1
1
1
1
1
1
1
1
1
1
1
1
1
1
1
1
1
1
1
1
1
1
1
1
1
1
1
1
1
1
1.3722489
1.6554845
1.6017428
1.750445
2.0968484
2.4012278
3.0185632
3.2340565
1
1
1
1
1
1
1
1
1
1
1
1
1
1
1
1
1
1
1
1
1
1
1
1
1
1
1
1
1
1
1
1
1
1
1
1
1
1
1
1
1
1
1
1
1
1
1
1
1
1
1
1
1
1
1
1
1
1
0.99999949
0.99999786
0.9999995
1
0.99999978
0.99999925
0.99999886
0.99999747
1
1.0000175
1
0.99999932
1
1
1.0000249
1.0001974
0.99999988
1.0000412
1.0000282
1.0000242
1.0000199
1.0001545
1.0000213
1.0000827
0.99999835
1.0000821
0.99999923
1.0000022
1.0001565
0.99998101
0.99999867
0.99999873
1.0000051
0.9999821
0.99999645
0.99999985
1.0000647
1
0.99998486
1
1.0000011
1
1
1.0000224
1.0003661
1.0000879
1.0001023
1.0000405
1.0000696
1.0000311
1.0002109
1.0000254
1.0002267
1.0000214
1.0001167
1.0000011
1.0000642
1.0002125
1
1
1
1
1
1
1
1
1
1
1
1
1
1
1
1
1
1
1
1
1
1
1
1
1
1
1
1
1
1
1
1
1
1
1
1
1
1
1
1
1
1
1
1
1
1
1
1
1
1
1
1
1
1
1
1
1
1.0002246
1
1
1
1
1
1
1
1
1
1
1
1
1
1
1
1
1
1
1
1
1
1
1
1
1
1
1
1
1.0001553
1
1.000057
1
1.0000021
1
0.99999778
1
1.0000017
1
1.0000115
1
1.0000236
1
1
1
1.0000513
1.0000742
1.0003229
0.99999306
0.99999088
0.99996392
1.0378302
0.63426238
0.95813498
1.4432432
1.9291794
2.3215746
2.9520713
5.242837
1
1
1
1
1
1
1
1
1
1
1
1
1
1
1
1
1
1
1
1
1
1
1
1
1
1
1
1
1.0000201
1
1
1
1
1
1
1
1
1
1
1
1
1
1
1
1
1
1
1
1
1
1
1
1
1
1
1
1
1.0002243
0.99999705
1.0000377
0.9999999
0.99999975
1.0000011
0.99999897
0.99999989
0.99999859
1
1.0000217
1
1.0000299
1
1
0.99999213
1.0003442
1.0001334
1.0001079
1.0001195
1.0001114
0.99999432
1.0002045
0.99997524
1.0005525
1.0000243
1.000408
0.99999831
1.0001651
1.0002052
0.99999731
1.0000081
0.99999986
1.0000241
0.99999987
1.0001377
0.99999978
0.99999661
1
1.0000216
1
0.99999839
1
1
1.0000263
1.0001303
1.0000584
1.0000907
0.99999668
0.99998477
1.0000143
1.0000244
1.0000184
1.00011
0.99999413
1.0000613
0.99999948
1.0000211
1.0000884
1
1
1
1
1
1
1
1
1
1
1
1
1
1
1
1
1
1
1
1
1
1
1
1
1
1
1
1
1
1
1
1
1
1
1
1
1
1
1
1
1
1
1
1
1
1
1
1
1
1
1
1
1
1
1
1
1
1
1
1
1
1
1
1
1
1
1
1
1
1
1
1
1
1
1
1
1
1
1
1
1
1
1
1
1
1
1
1
1
1
1
1
1
1
1
1
1
1
1
1
1
1
1
1
1
1
1
1
1.1485319
1.1437644
1.2840415
2.0008648
2.19865
2.2749485
2.7145623
2.8535016
1
1
1
1
1
1
1
1
1
1
1
1
1
1
1
1
1
1
1
1
1
1
1
1
1
1
1
1
1
1
1
1
1
1
1
1
1
1
1
1
1
1
1
1
1
1
1
1
1
1
1
1
1
1
1
1
1
1
1
1
1
1
1
1
1
1
1
1
1
1
1
1
1
1
1
1
1
1
1
1
1
1
1
1
1
1
1
1
1
1
1
1
1
1
1
1
1
1
1
1
1
1
1
1
1
1
1
1
1
1
1
1
1
1
1
0.99999378
1
1
1
1
1
1
1
1
1
1
1
1
1
1
1
1
1
1
1
1
1
1
1
1
1
1
1
1
0.99995791
1
1
1
1
1
1
1
1
1
1
1
1
1
1
1
1
1
1
1
1
1
1
1
1
1
1
1
1
1.0000986
1
1
1
1
1
1
1
1
1
1
1
1
1
1
1
1
1
1
1
1
1
1
1
1
1
1
1
1
1.000067
1
1
1
1
1
1
1
1
1
1
1
1
1
1
1
1
1
1
1
1
1
0.78275521
0.69235496
0.9816332
1.3231476
1.7461288
2.2236733
2.6271105
3.1938653
1
1
1
1
1
1
1
1
1
1
1
1
1
1
1
1
1
1
1
1
1
1
1
1
1
1
1
1
1.0001842
1
1
1
1
1
1
1
1
1
1
1
1
1
1
1
1
1
1
1
1
1
1
1
1
1
1
1
1
1.0000507
1
1
1
1
1
1
1
1
1
1
1
1
1
1
1
1
1
1
1
1
1
1
1
1
1
1
1
1
1
1
1
1
1
1
1
1
1
1
1
1
1
1
1
1
1
1
1
1
1
1
1
1
1
1
1
1
1
1
1
1
1
1
1
1
1
1
1
1
1
1
1
1
1
1
1
1
1
1
1
1
1
1
1
1
1
1
1
1
1
1
1
1
1
1
1
1
1
1
1
1
1
1
1
1
1
1
1
1
1
1
1
1
1
1
1
1
0.99999997
0.99999999
1
1
0.99999996
1
1
1
1
1
1
1
1
1
0.99999996
0.99999951
0.99998341
0.99999407
0.99999711
1.0000678
0.99999577
0.99999628
0.99999956
1.0000208
0.9999999
1
1
1
1.0004283
0.99999996
1
1
1
1.0000167
1
1
1
1
1
1
1
1
1
0.99999808
1.0000027
0.99999305
1.0000197
0.99999448
0.99999987
0.99999878
0.89557059
1.0289915
1.0466879
1.6692713
2.6203356
3.2547836
4.0015082
3.7673675
1
1
1
1
1
1
1
1
1
1
1
1
1
1
1
1
1
1
1
1
1
1
1
1
1
1
1
1
1
1
1
1
1
1
1
1
1
1
1
1
1
1
1
1
1
1
1
1
1
1
1
1
1
1
1
1
1
1.0000018
1
1
1
1
1
1
1
1
1
1
1
1
1
1
1
1
1
1
1
1
1
1
1
1
1
1
1
1
0.99998399
1
1
1
1
1
1
1
0.99999996
1
1.0000118
1
0.99999996
1
1
1
1.0000257
0.99999107
1.0000225
0.99999939
0.99999933
1.0000236
0.9999993
1
1.0000006
0.99999243
1.0000009
0.99999999
0.99999999
1.0000305
1
1
1
1
1
1
1
1
1
1
1
1
1
1
1
1
1
1
1
1
1
1
1
1
1
1
1
1
1.0000383
1
1
1
1
1
1
1
1
1
1
1
1
1
1
1
1
1
1
1
1
1
1
1
1
1
1
1
1
1.0000211
0.99999993
1
0.99999997
1
0.99999974
0.99999998
0.99999991
1
1
0.9999996
1
0.99999998
1
1
0.99999918
1.0000223
1.0000149
1.0000203
0.99999966
0.99999964
1.0000127
0.99999761
0.99999898
0.99999606
0.99999987
0.99999983
0.99999996
0.99999996
1.000075
1
1
0.99999996
0.9999999
0.99999994
0.9999997
0.99999998
0.99999999
1
0.99999998
1
1
1
1
0.99999826
0.99999805
0.99999952
1.0000131
0.99999987
0.9999999
0.99999685
0.63808974
1.2310687
1.4309636
1.6853247
1.6323941
1.9304762
1.7206025
1.8182691
1
1
1
1
1
1
1
1
1
1
1
1
1
1
1
1
1
1
1
1
1
1
1
1
1
1
1
1
1
1
1
1
1
1
1
1
1
1
1
1
1
1
1
1
1
1
1
1
1
1
1
1
1
1
1
1
1
1
1
1
1
1
1
1
1
1
1
1
1
1
1
1
1
1
1
1
1
1
1
1
1
1
1
1
1
1
1
1
1
1
1
1
1
1
1
1
1
1
1
1
1
1
1
1
1
1
1
1
1
1
1
1
1
1
1
1
0.99999998
1.0000657
1
1
1
0.99999998
1
0.99999972
1
0.99999993
1
1
1
1
0.99999996
1.0003537
0.9999989
1.0002039
0.9999912
1.0001563
0.99999949
1.0006249
0.99999996
1.0002574
0.99999996
1.0000526
0.99999985
0.99999991
1.0001664
0.99999805
0.99999998
0.99999987
0.99999983
0.99999997
0.99999991
0.99999999
1
1
0.99999985
1
0.99999997
1
1
0.99999969
1.0005649
0.99999582
1.0002491
0.99998595
1.0000349
0.99999489
1.0001766
0.99999938
1.0001186
0.99999986
1.0000222
0.99999999
0.99999956
1.0002878
1
1
1
1
1
1
1
1
1
1
1
1
1
1
1
1
1
1
1
1
1
1
1
1
1
1
1
1
1
1
1
1
1
1
1
1
1
1
1
1
1
1
1
1
1
1
1
1
1
1
1
1
1
1
1
1
1
1.0004353
1
1
1
1
1
1
1
1
1
1
1
1
1
1
1
1
1
1
1
1
1
1
1
1
1
1
1
1
1.0001047
1
1.0000278
1
1
1
0.99999951
1
1
1
0.99999998
1
1
1
1
1
1.0000224
0.99997916
1.0008611
0.99999999
1.0000306
0.99999002
1.0001314
1
1.0000242
0.99999999
0.99999917
0.99999991
1.0000188
1.0003086
1
1
1
1
1
1
1
1
1
1
1
1
1
1
1
1
1
1
1
1
1
1
1
1
1
1
1
1
1.0000839
1
1
1
1
1
1
1
1
1
1
1
1
1
1
1
1
1
1
1
1
1
1
1
1
1
1
1
1
1.0003329
0.99999979
0.99999647
0.99999996
1
1
1
0.99999997
0.9999992
1
0.99999992
1
1
1
1
0.99999923
1.0003593
1.0000586
1.0007168
1.0000202
1.0000186
0.99999458
1.0005152
1.0000244
1.0008654
0.99999992
0.99996985
0.99999999
0.99999967
1.0003533
0.99999987
0.99999999
0.99999996
1
0.99999995
1
1
0.99999958
1
1.0000021
1
0.9999989
1
1
0.99999963
1.0004208
1.0000246
1.0005187
0.99999976
0.99999896
0.99999906
1.0000855
0.99999985
1.0001647
1
1.0000214
1
0.99999656
1.000314
1
1
1
1
1
1
1
1
1
1
1
1
1
1
1
1
1
1
1
1
1
1
1
1
1
1
1
1
1
1
1
1
1
1
1
1
1
1
1
1
1
1
1
1
1
1
1
1
1
1
1
1
1
1
1
1
1
1
1
1
1
1
1
1
1
1
1
1
1
1
1
1
1
1
1
1
1
1
1
1
1
1
1
1
1
1
1
1
1
1
1
1
1
1
1
1
1
1
1
1
1
1
1
1
1
1
1
1
1
1
1
1
1
1
1
1
1
1
1
1
1
1
1
1
1
1
1
1
1
1
1
1
1
1
1
1
1
1
1
1
1
1
1
1
1
1
1
1
1
1
1
1
1
1
1
1
1
1
1
1
1
1
1
1
1
1
1
1
1
1
1
1
1
1
1
1
1
1
1
1
1
1
1
1
1
1
1
1
1
1
1
1
1
1
1
1
1
1
1
1
1
1
1
1
1
1
1
1
1
1
1
1
1
1
1
1
1
1
1
1
1
1
1
1
1
1
1
1
1
1
1
1
1
1
1
1
1
1
1
1
1
1
1
1
1
1
1
1
1
1
1
1
1
1
1
1
1
1
1
1
1
1
1
1
1
1
1
1
1
1
1
1
1
1
1
1
1
1
1
1
1
1
1
1
1
1
1
1
1
1
1
1
1
1
1
1
1
1
1
1
1
1
1
1
1
1
1
1
1
1
1
1
1
1
1
1
1
1
1
1
1
1
1
1
1
1
1
1
1
1
1
1
1
1
1
1
1
1
1
1
1
1
1
1
1
1
1
1
1
1
1
1
1
1
1
1
1
1
1
1
1
1
1
1
1
1
1
1
1
1
1
1
1
1
1
1
1
1
1
1
1
1
1
1
1
1
1
1
1
1
1
1
1
1
1
1
1
1
1
1
1
1
1
1
1
1
1
1
1
1
1
1
1
1
1
1
1
1
1
1
1
1
1
1
1
1
1
1
1
1
1
1
1
1
1
1
1
1
1
1
1
1
1
1
1
1
1
1
1
1
1
1
1
1
1
1
1
1
1
1
1
1
1
1
1
1
1
1
1
1
1
1
1
1
1
1
1
1
1
1
1
1
1
1
1
1
1
1
1
1
1
1
1
1
1
1
1
1
1
1
1
1
1
1
1
1
1
1
1
1
1
1
1
1
1
1
1
1
1
1
1
1
1
1
1
1
0.97813442
0.99561865
1.0060523
1.3254828
1
1
1
0.87702767
1.2332238
0.85385415
1.1476012
1.2173668
1
1
1
1
1
0.99771539
0.99970816
0.91517452
1
1
1
1
1
1
0.98633722
0.96424952
1
1
1
0.99029828
1
0.98083705
0.995894
1.1128162
1
1
1
1
0.96178044
0.91209432
0.98887703
1.2874318
1
1
1
0.99988891
1
1
0.99926132
0.9581206
1
1
1
1
0.94983094
0.99698954
1.0344353
1.1482944
1
1
1
1
1
1
1
1
0.99962086
0.98312613
0.99278563
1.1556687
0.98457897
0.94755363
1.7101411
1.2174028
1
1
1
1
1
1
1
1
0.9998657
0.99921481
0.93253466
1.3599851
1.7038371
1.0854484
1.5124702
1.5462565
1
1
1
1
1
1
1
1
1
1
1
1
1
1
1
1
1
1
0.99941966
1
1.1056939
0.90065019
1.0336467
1.241141
0.73342098
1.298248
1.0025401
1.3090425
1.7991705
2.0699064
2.106331
2.0579323
0.95803144
0.95022122
0.89595964
1.0276104
2.0802783
1.1853322
1.4980405
1.2339862
0.92094718
1.0465943
0.98345247
1.4804113
1.508123
1.3008465
1.2007816
1.2650036
1
1
0.99898935
1
0.88706937
0.95765581
0.96509961
1.0000312
1.1420585
1.2661719
1.4822601
0.78504939
1.5687031
1.1943139
1.1006141
1.0065509
1
1.2157062
0.99978307
1.3703322
0.92426472
1.1590184
1.4915813
0.94131464
0.71737779
1.2912772
1.4219311
1.3201303
1.246411
1.7955192
1.8160794
1.7305409
1
1
1
0.99995708
0.99572466
1.2190441
1.2886367
0.89019773
1.051513
1.7135704
1.2667904
1.3363969
1.7069497
1.7572611
1.79155
1.9499919
1
1
1
1
1.2177332
0.99919654
0.97749678
1.4030898
0.96284954
0.91314855
0.85468889
0.90566699
0.98565409
0.93987079
1.3602167
1.0606574
1
1
1
1.2179375
0.99900176
0.98061085
1.1980852
1.2822062
1.2164028
1.3221339
1.4560603
1.8232447
1.8670249
2.2037645
1.4195769
1.9170801
0.51034317
1.3414479
1.6181029
1.8526297
2.5323347
2.4250853
2.4255539
2.3156939
1
1
0.9999857
0.99981639
1.0990322
0.81411432
2.1874355
1.2962659
1
1
1
0.94578901
1.1599565
0.99113101
0.95872471
1.3596723
1
1
1
0.99998605
0.99984379
1.190792
0.96449516
1.161407
1
1
1
1
1
1
1
0.88373689
1
1
1
1
0.99284506
0.96846418
0.90383105
1.0140157
1
1
1
1
0.99236241
0.99277825
0.91697619
1.051232
1
1
1
1
0.99915602
0.90121566
2.1778525
1.256158
1
1
1
1
1.1917452
0.99571083
0.9932915
1.450021
1
1
1
1
1
1
1
1
1
0.82923217
1.0188561
1.5090112
1.1218274
1.5788838
1.4068039
0.95679393
1
1
1
1
1
1
1
1
1
0.99914653
1.1292905
0.91717839
1.1890451
1.0824977
0.97288815
1.1223991
1
1
1
1
1
1
1
1
1
1
1
1
1
1
1
1
1
1
1
0.99941155
1.0192189
1.131046
1.4416136
0.95638286
1.1241
1.050481
1.5487621
1.5782123
2.0277377
1.9698393
1.9566835
1.6803707
0.99997004
0.99937739
1.2055628
1.1799412
1.3048346
1.8546675
1.2897633
1.2919768
1.4054813
0.7441876
1.4882346
1.2350181
1.4879785
1.4078136
1.6727041
1.4315124
1
1
1
0.99988823
0.98483714
0.97786385
0.88603624
0.87777799
0.99989677
1.1422405
1.2563292
1.1344236
1.3231749
1.1470136
1.3561026
1.2838572
1
0.99363907
0.99958105
0.99984627
1.4499171
0.96113907
1.291359
0.90330566
1.0726892
1.0606068
1.1281188
1.104481
1.486678
1.1657319
1.2028653
1.2225827
1
1
1
1
0.99796185
0.81114438
0.86038658
0.79668077
1.2808608
1.0082044
1.4100093
1.5774933
2.0892959
1.9338308
1.9098689
1.5980689
1
1
0.9944231
1
0.99999809
0.9687614
0.98827387
1.2626021
0.99556049
0.91770195
1.0498923
1.2639172
1.1142135
1.1626845
1.7899222
1.4931786
1
1
1
1
0.98750432
0.99843805
1.1157523
1.0112107
1.2059143
0.92031341
0.83633965
1.0489003
1.3108167
0.88202974
0.83487866
0.88237924
1.7477024
1.5497091
1.9497897
2.394744
3.2394072
3.0794879
2.981531
2.7699386
1
1
1
1
1
1
1
1
1
1
1
1
1
1
1
1
1
1
1
1
1
1
1
1
1
1
1
1
1
1
1
1
1
1
1
1
1
1
1
1
1
1
1
1
1
1
1
1
1
1
1
1
1
1
1
1
1
1
1
1
1
1
1
1
1
1
1
1
1
1
1
1
1
1
1
1
1
1
1
1
1
1
1
1
1
1
1
1
1
1
1
1
1
1
1
1
1
1
1
1
1
1
1
1
1
1
1
1
1
1
1
1
1
1
1
1
1
1
1
1
1
1
1
1
1
1
1
1
1
1
1
1
1
1
1
1
1
1
1
1
1
1
1
1
1
1
1
1
1
1
1
1
1
1
1
1
1
1
1
1
1
1
1
1
1
1
1
1
1
1
1
1
1
1
1
1
1
1
1
1
1
1
1
1
1
1
1
1
1
1
1
1
1
1
1
1
1
1
1
1
1
1
1
1
1
1
1
1
1
1
1
1
1
1
1
1
1
1
1
1
1
1
1
1
1
1
1
1
1
1
1
1
1
1
1
1
1
1
1
1
1
1
1
1
1
1
1
1
1
1
1
1
1
1
1
1
1
1
1
1
1
1
1
1
1
1
1
1
1
1
1
1
1
1
1
1
1
1
1
1
1
1
1
1
1
1
1
1
1
1
1
1
1
1
1
1
1
1
1
1
1
1
1
1
1
1
1
1
1
1
1
1
1
1
1
1
1
1
1
1
1
1
1
1
1
1
1
1
1
1
1
1
1
1
1
1
1
1
1
1
1
1
1
1
1
1
1
1
1
1
1
1
1
1
1
1
1
1
1
1
1
1
1
1
1
1
1
1
1
1
1
1
1
1
1
1
1
1
1
1
1
1
1
1
1
1
1
1
1
1
1
1
1
1
1
1
1
1
1
1
1
1
1
1
1
1
1
1
1
1
1
1
1
1
1
1
1
1
1
1
1
1
1
1
1
1
1
1
1
1
1
1
1
1
1
1
1
1
1
1
1
1
1
1
1
1
1
1
1
1
1
1
1
1
1
1
0.96507273
1.5018582
1.7946905
2.7737975
3.850755
3.459077
3.3968467
3.9653186
1
1
1
1
1
1
1
1
1
1
1
1
1
1
1
1
1
1
1
1
1
1
1
1
1
1
1
1
1
1
1
1
1
1
1
1
1
1
1
1
1
1
1
1
1
1
1
1
1
1
1
1
1
1
1
1
1
1
1
1
1
1
1
1
1
1
1
1
1
1
1
1
1
1
1
1
1
1
1
1
1
1
1
1
1
1
1
1
1
1
1
1
1
1
1
1
1
1
1
1
1
1
1
1
1
1
1
1
1
1
1
1
1
1
1
1
1
1
1
1
1
1
1
1
1
1
1
1
1
1
1
1
1
1
1
1
1
1
1
1
1
1
1
1
1
1
1
1
1
1
1
1
1
1
1
1
1
1
1
1
1
1
1
1
1
1
1
1
1
1
1
1
1
1
1
1
1
1
1
1
1
1
1
1
1
1
1
1
1
1
1
1
1
1
1
1
1
1
1
1
1
1
1
1
1
1
1
1
1
1
1
1
1
1
1
1
1
1
1
1
1
1
1
1
1.1734127
1.2839539
1.2400057
1.3794463
1.5866886
1.9997203
2.6414894
3.2030495
1
1
1
1
1
1
1
1
1
1
1
0.99766474
0.99983488
0.97887091
0.98396645
1.4442515
1
1
1
1
1
1
1
1
1
1
1
1
1
1.183914
0.97156844
1.109027
1
1
1
1
1
1
1
1
1
1
1
1
0.99183359
0.97776438
0.99478031
0.93370833
1
1
1
1
1
1
1
1
1
1
1
1
1
1
1.438702
1.0736486
1
1
1
1
1
1
1
1
1
0.93646238
1.0069212
0.87531434
0.67995026
1.3512107
1.1864525
1.5408828
1
1
1
1
1
1
1
1
1
0.97523387
1.0463913
0.96195837
1.0045603
0.89810458
0.90680834
1.4326698
1
1
1
1
1
1
1
1
1
1
1
1
1
1
1
1
1
1
1
1
1
1
1
1
0.87766644
0.48567272
0.72808777
1.1841732
1.4335344
1.6854422
1.5907865
1.6057884
1
0.9017334
0.96640678
2.0143931
2.0929422
1.5861893
1.8704299
2.9556868
0.38781192
0.55723863
1.8748694
2.1426339
2.3617352
2.3649451
2.9589543
2.7026259
1
1
0.99008076
1.0779844
1.5627259
0.86357602
1.4631573
1.1803314
0.18252684
0.24480584
0.24220714
0.36469235
0.56245944
0.52607305
0.68289318
0.76331342
1
0.98871672
1.1427559
1.142139
1.7262935
1.7237044
1.4569472
1.7722506
0.97237725
1.2076506
0.91653685
1.9872283
1.1917691
1.7209157
1.5077373
1.8527273
1
1
1
1
1
1
1
1
0.93387782
0.93092522
0.79280846
0.87337518
0.94526703
1.3833626
1.8880178
1.4442194
1
1
0.98401189
1
1.1958157
1.0678446
1.0817572
1.5072498
0.9999605
1.2904324
1.1006265
1.3903894
2.7284814
1.2193497
2.1881991
1.5850572
1
1
1
1.2071835
1.2013084
1.4342553
1.1546215
1.7293961
0.95725134
0.70946212
0.88256865
0.86097925
0.86865138
1.008003
1.2046593
1.9034307
1.0069707
0.78821737
0.93842229
0.92291389
1.1706251
1.4853177
1.8042094
3.0708018
1
1
1
1
1
1
1
1
1
1
1
1
1
1
1
1
1
1
1
1
1
1
1
1
1
1
1
1
1
1
1
1
1
1
1
1
1
1
1
1
1
1
1
1
1
1
1
1
1
1
1
1
1
1
1
1
1
1
1
1
1
1
1
1
1
1
1
1
1
1
1
1
1
1
1
1
1
1
1
1
1
1
1
1
1
1
1
1
1
1
1
1
1
1
1
1
1
1
1
1
1
1
1
1
1
1
1
1
1
1
1
1
1
1
1
1
1
1
1
1
1
1
1
1
1
1
1
1
1
1
1
1
1
1
1
1
1
1
1
1
1
1
1
1
1
1
1
1
1
1
1
1
1
1
1
1
1
1
1
1
1
1
1
1
1
1
1
1
1
1
1
1
1
1
1
1
1
1
1
1
1
1
1
1
1
1
1
1
1
1
1
1
1
1
1
1
1
1
1
1
1
1
1
1
1
1
1
1
1
1
1
1
1
1
1
1
1
1
1
1
1
1
1
1
0.86151003
0.53088477
0.78757727
0.85520093
0.78770045
0.70257149
0.90609722
1.2147938
1
1
1
1
1
1
1
1
1
1
1
1
1
1
1
1
1
1
1
1
1
1
1
1
1
1
1
1
1
1
1
1
1
1
1
1
1
1
1
1
1
1
1
1
1
1
1
1
1
1
1
1
1
1
1
1
1
1
1
1
1
1
1
1
1
1
1
1
1
1
1
1
1
1
1
1
1
1
1
1
1
1
1
1
1
1
1
1
1
1
1
1
1
1
1
1
1
1
1
1
1
1
1
1
1
1
1
1
1
1
1
1
1
1
1
1
1
1
1
1
1
1
1
1
1
1
1
1
1
1
1
1
1
1
1
1
1
1
1
1
1
1
1
1
1
1
1
1
1
1
1
1
1
1
1
1
1
1
1
1
1
1
1
1
1
1
1
1
1
1
1
1
1
1
1
1
1
1
1
1
1
1
1
1
1
1
1
1
1
1
1
1
1
1
1
1
1
1
1
1
1
1
1
1
1
1
1
1
1
1
1
1
1
1
1
1
1
1
1
1
1
1
1
1
0.99645869
1.3498288
3.312021
4.6422983
5.7786794
6.0570855
6.0778776
5.6867432
1
1
0.99997192
1.33477
0.96864672
0.99426459
1.1067426
0.97294129
1
1
0.99966277
0.99838317
0.99996781
0.99837511
1.0547483
0.95973072
1
1
1
0.99997935
1
0.99997617
0.99694685
0.98957917
1
1
1
0.99851858
1
0.99977565
0.99340809
0.90205513
1
1
1
0.99999373
0.99996961
1.1911693
0.98464022
1.1752323
1
1
1
0.99881905
0.98972108
0.96084814
0.92584831
0.91863383
1
1
1
0.99998891
0.99995742
0.97662119
1.193141
1.1292774
1
1
1
0.99988081
0.99928632
0.99360443
0.97563653
1.2443106
1
1
1
1
1
1
1
1
0.94258303
0.91225032
1.3531596
1.409455
1.1610828
1.3345418
1.2249631
1.4777056
1
1
1
1
1
1
1
1
1.1122053
0.99999743
0.91454219
1.4005834
1.6322246
1.0857364
1.2533605
1.6445856
1
1
1
1
1
1
1
1
1
1
1
1
1
1
1
1
1
1
0.99997779
0.99977395
0.8457085
1.0979782
0.86379852
0.827056
0.80320726
0.96312154
0.95401196
1.4520887
2.2597849
2.6650959
3.1531957
3.2437568
0.99185494
1.1455113
0.92990484
1.2767538
1.5642292
1.4630489
1.7149157
1.224566
1.1870108
0.85072812
1.076559
1.5769005
2.0242865
2.2614133
2.0557593
1.9422035
1
1
0.99783854
0.95016804
1.185546
1.2765033
1.1303525
1.4470659
1.1345244
1.114012
1.32591
1.2656064
1.2450963
1.8724256
2.3534311
1.8849222
1
0.99977894
0.99489341
0.88161011
0.69268618
1.2994829
1.0718465
1.2433554
0.98276933
0.75260725
1.326894
1.0181973
1.3886958
1.5973933
1.7988241
2.9709893
1
1
1
1.0153238
0.99047845
1.1765784
0.98737491
1.374566
1.020716
1.1397158
1.2586055
1.6065914
2.0514014
2.5181463
3.3099294
3.4867943
1
1
0.98469987
0.99996518
0.88083105
0.97799038
1.0694299
1.1858217
1.2178498
1.2293421
0.66926441
1.7523053
0.95761698
0.6975589
1.0884798
1.1205125
1
1
1
0.99998731
1.2026916
0.90711462
1.1337659
1.2726134
0.94826949
0.88831819
1.366473
1.6524354
1.3062497
2.5175633
1.6335398
1.7707429
1.7222929
1.1265499
1.1054136
1.8008167
2.5766087
2.9375932
3.5269139
3.4574839
1
1
1
0.99999914
0.99686496
1.4026246
0.95050324
0.89528588
1
1
1
0.99990136
0.99633349
1.1156575
1.2598237
1.6194858
1
1
1
1
1
0.99753667
0.9976289
0.97585042
1
1
1
1
1
1
0.97990592
0.88769493
1
1
1
1
0.99249665
0.98629395
1.1812069
1.3963034
1
1
1
0.9899913
0.93512097
1
0.99872185
0.92308255
1
1
1
0.99883931
0.98470296
0.9841737
0.95963895
0.94795248
1
1
1
0.99999006
0.99471546
0.99533984
0.98923535
1.2013421
1
1
1
1
1
1
1
1
1
0.91011512
0.78803285
1.1119512
1.2630692
1.7372105
2.9130544
1.8450282
1
1
1
1
1
1
1
1
1
0.98449088
0.91262625
0.94480246
1.6117041
0.91057456
0.81596867
1.0127999
1
1
1
1
1
1
1
1
1
1
1
1
1
1
1
1
1
1
1
0.99999988
0.96080534
1.6229425
1.3334889
0.77247599
0.5268265
0.708298
0.88712987
1.1638893
1.4255999
1.6552611
1.7457016
2.1421489
0.9999998
0.90050952
0.78217891
1.1169092
1.3459125
1.4693202
1.2816172
1.4588546
0.82861887
1.2499442
1.7458129
1.9127288
2.1467907
2.355813
2.1241457
1.9667197
1
1
0.99999303
0.94982941
1.0029337
1.2671321
0.82322959
0.95014889
0.993732
0.9453384
0.87582982
0.82541368
2.0429477
1.7109655
1.007861
1.5628144
1
1
1.0155383
1.2005981
1.2945108
1.0819105
1.3684071
1.076095
1.2482586
1.0053072
0.97810958
0.84554688
0.76463443
0.74577888
0.82336738
0.89918759
1
1
1
0.99998047
0.98457475
1.1574625
1.1397672
1.2293771
0.78095703
0.80979473
1.0982595
1.2111609
1.3074859
1.7372363
1.7768086
2.0546726
1
1
1
1.3678398
0.98195089
0.97952103
0.98728288
1.3475299
1.1231008
0.91182367
0.98959667
1.2615072
1.4504409
1.4875574
2.259259
1.9536558
1
1
0.98754764
1
0.99587972
0.99113773
0.99699749
0.95419049
1.0348974
1.0304858
1.1090107
1.1441263
0.95601358
1.0300901
1.2303125
1.0507136
1.5144021
1.047586
1.1492225
1.4469318
1.5345582
1.881792
1.681858
1.769245
1
1
1
1
1
1
1
1
1
1
1
1
1
1
1
1
1
1
1
1
1
1
1
1
1
1
1
1
1
1
1
1
1
1
1
1
1
1
1
1
1
1
1
1
1
1
1
1
1
1
1
1
1
1
1
1
1
1
1
1
1
1
1
1
1
1
1
1
1
1
1
1
1
1
1
1
1
1
1
1
1
1
1
1
1
1
1
1
1
1
1
1
1
1
1
1
1
1
1
1
1
1
1
1
1
1
1
1
1
1
1
1
1
1
1
1
1
1
1
1
1
1
1
1
1
1
1
1
1
1
1
1
1
1
1
1
1
1
1
1
1
1
1
1
1
1
1
1
1
1
1
1
1
1
1
1
1
1
1
1
1
1
1
1
1
1
1
1
1
1
1
1
1
1
1
1
1
1
1
1
1
1
1
1
1
1
1
1
1
1
1
1
1
1
1
1
1
1
1
1
1
1
1
1
1
1
1
1
1
1
1
1
1
1
1
1
1
1
1
1
1
1
1
1
1
1
1
1
1
1
1
1
1
1
1
1
1
1
1
1
1
1
1
1
1
1
1
1
1
1
1
1
1
1
1
1
1
1
1
1
1
1
1
1
1
1
1
1
1
1
1
1
1
1
1
1
1
1
1
1
1
1
1
1
1
1
1
1
1
1
1
1
1
1
1
1
1
1
1
1
1
1
1
1
1
1
1
1
1
1
1
1
1
1
1
1
1
1
1
1
1
1
1
1
1
1
1
1
1
1
1
1
1
1
1
1
1
1
1
1
1
1
1
1
1
1
1
1
1
1
1
1
1
1
1
1
1
1
1
1
1
1
1
1
1
1
1
1
1
1
1
1
1
1
1
1
1
1
1
1
1
1
1
1
1
1
1
1
1
1
1
1
1
1
1
1
1
1
1
1
1
1
1
1
1
1
1
1
1
1
1
1
1
1
1
1
1
1
1
1
1
1
1
1
1
1
1
1
1
1
1
1
1
1
1
1
1
1
1
1
1
1
1
1
1
1
1
1
1
1
1
1
1
1
1
1
1
1
1
1
1
1
1
1
1
1
1
1
1
1
1
1
1
1
1
1
1
1
1
1
1
1
1
1
1
1
1
1
1
1
1
1
1
1
1
1
1
1
1
1
1
1
1
1
1
1
1
1
1
1
1
1
1
1
1
1
1
1
1
1
1
1
1
1
1
1
1
1
1
1
1
1
1
1
1
1
1
1
1
1
1
1
1
1
1
1
1
1
1
1
1
1
1
1
1
1
1
1
1
1
1
1
1
1
1
1
1
1
1
1
1
1
1
1
1
1
1
1
1
1
1
1
1
1
1
1
1
1
1
1
1
1
1
1
1
1
1
1
1
1
1
1
1
1
1
1
1
1
1
1
1
1
1
1
1
1
1
1
1
1
1
1
1
1
1
1
1
1
1
1
1
1
1
1
1
1
1
1
1
1
1
1
1
1
1
1
1
1
1
1
1
1
1
1
1
1
1
1
1
1
1
1
1
1
1
1
1
1
1
1
1
1
1
1
1
1
1
1
1
1
1
1
1
1
1
1
1
1
1
1
1
1
1
1
1
1
1
1
1
1
1
1
1
1
1
1
1
1
1
1
1
1
1
1
1
1
1
1
1
1
1
1
1
1
1
1
1
1
1
1
1
1
1
1
1
1
1
1
1
1
1
1
1
1
1
1
1
1
1
1
1
1
1
1
1
1
1
1
1
1
1
1
1
1
1
1
1
1
1
1
1
1
1
1
1
1
1
1
1
1
1
1
1
1
1
1
1
1
1
1
1
1
1
1
1
1
1
1
1
1
1
1
1
1
1
1
1
1
1
1
1
1
1
1
1
1
1
1
1
1
1
1
1
1
1
1
1
1
1
1
1
1
1
1
1
1
1
1
1
1
1
1
1
1
1
1
1
1
1
1
1
1
1
1
1
1
1
1
1
1
1
1
1
1
1
1
1
1
1
1
1
1
1
1
1
1
1
1
1
1
1
1
1
1
1
1
1
1
1
1
1
1
1
1
1
1
1
1
1
1
1
1
1
1
1
1
1
1
1
1
1
1
1
1
1
1
1
1
1
1
1
1
1
1
1
1
1
1
1
1
1
1
0.99574315
1
0.99981172
0.98777436
1
1
1
0.98842192
1.090825
1.152501
0.94410163
1.0791181
1
1
1
1
1
1
1.1465958
0.9996958
1
1
1
1
0.99527006
1.0421365
0.87689659
1.0685169
1
1
1
1
1
0.99866443
0.99975231
0.99506945
1
1
1
0.9873781
0.95526173
0.95381236
0.93550835
1.1705625
1
1
1
1
1
0.99946995
1
0.99474039
1
1
1
1
0.98925375
1.0918155
0.96804526
0.9849143
1
1
1
1
1
1
1
1
0.74393653
0.82145493
0.72555516
1.0202669
0.94150208
1.4838003
1.0202486
1.3288057
1
1
1
1
1
1
1
1
0.99338959
0.99984699
1.1739763
0.82339803
1.2957339
1.2344186
1.2974845
1.4883034
1
1
1
1
1
1
1
1
1
1
1
1
1
1
1
1
1
1
1
0.97844514
1.1384705
0.99124102
0.92058952
1.0682706
0.83948435
1.0523172
1.0376797
1.1694902
1.2814402
1.2501034
1.2091009
1.3990533
0.9999907
0.95751024
1.2476629
1.0544079
1.0923161
1.3555243
1.2223705
1.3087523
0.85138002
1.0828235
1.1766719
1.2201229
1.2675516
1.2809854
1.0549424
1.1656865
1
1
1
0.98493785
0.99167479
0.99688381
0.98834674
1.3587494
1.1122619
1.1045851
0.72707115
0.91630052
1.2391423
0.75147051
1.1797629
0.97256432
1
1
0.98813548
0.99702622
0.98920896
0.92784446
0.88153877
0.80734096
0.81855254
1.0328226
1.090953
0.8577977
0.98891041
0.92152692
1.1162673
0.96390698
1
1
1.0033826
1
0.99981824
0.94678234
1.1256033
1.0900179
0.95497844
0.95052448
0.85724219
0.87703131
0.91244904
0.91876994
0.99029331
1.0491998
1
1
1
1
0.99771209
0.99882593
0.99856431
0.99291908
1.4784523
1.0081926
0.92464542
1.4433614
0.85432824
1.3124836
1.1045432
0.94596984
1
1
1
1
0.99998386
1
0.99953774
0.98490884
0.81298271
1.3146557
1.0266438
1.6659887
1.810963
1.1105896
1.2635187
1.3656203
0.90389144
1.102245
1.1350081
1.1177274
1.2590586
1.3162669
1.3891316
1.6465599
1
1
1
1
0.99997785
0.88694549
0.99332268
0.96901125
1
1
1
0.96322388
0.99692373
0.8925773
0.84294499
0.78332327
1
1
1
0.99424404
0.99937602
0.99523523
1.1756175
1.2117959
1
1
1
1
0.99946489
0.98048288
1.1241646
0.79569068
1
1
1
1
0.99999783
0.99819283
0.99590646
0.9368377
1
1
1
1
0.99996667
0.9845857
0.97267545
0.79274395
1
1
1
0.90886704
1
1
1
0.9835565
1
1
1
0.90131983
1
0.96389671
1.1008675
0.89448645
1
1
1
1
1
1
1
1
0.96480562
1.1155113
1.3288713
0.78916753
1.4277209
1.8238231
1.2603088
1.4205439
1
1
1
1
1
1
1
1
1
0.99905236
0.99116819
0.95908494
0.98438679
1.2233365
1.1110811
0.89379713
1
1
1
1
1
1
1
1
1
1
1
1
1
1
1
1
1
1
1
1.3205077
0.86273206
0.8513274
0.91666661
0.99484982
1.0674427
1.2217249
1.4663263
1.1927514
1.2316675
1.2834288
1.1585777
1.1029892
0.99991638
0.97722099
1.2239188
1.2313616
1.1800473
1.7134763
1.0849921
1.9895383
1.238209
1.228396
1.2290643
1.3126074
1.3516463
1.235277
1.139183
1.1167546
1
1
0.99816556
0.97141606
0.94525433
0.99772625
0.98928981
1.0422317
1.0293523
1.1417527
0.89159532
1.0341055
1.323614
1.0816631
0.92808856
1.1166631
1
1
1
0.99944157
0.96939513
0.95452462
0.89236507
1.195089
1.3715577
0.80002558
1.0327126
0.9487451
1.0511238
0.94657099
1.0159417
0.83690507
1
1
1
1
0.99891316
0.99610188
0.99705103
0.93228252
1.2918332
1.6295943
1.3267519
1.2122641
1.2988127
1.2796954
1.2318004
1.1119797
1
1
1
1
0.99865299
0.99798387
0.99752508
0.96789476
0.93004827
1.0766504
1.2232038
0.9848003
0.8442816
1.1002817
1.4613021
1.3537201
1
1
1
1
1
0.99948803
1
0.99190949
0.82794801
1.2144851
0.95856865
0.92102165
0.91637662
0.97493673
0.75296731
0.93968464
1.3179936
1.5082328
1.6591768
1.7038384
2.3398245
2.4374743
2.4858
2.1356565
1
1
1
1
1
1
1
1
1
1
1
1
1
1
1
1
1
1
1
1
1
1
1
1
1
1
1
1
1
1
1
1
1
1
1
1
1
1
1
1
1
1
1
1
1
1
1
1
1
1
1
1
1
1
1
1
1
1
1
1
1
1
1
1
1
1
1
1
1
1
1
1
1
1
1
1
1
1
1
1
1
1
1
1
1
1
1
1
1
1
1
1
1
1
1
1
1
1
1
1
1
1
1
1
1
1
1
1
1
1
1
1
1
1
1
1
1
1
1
1
1
1
1
1
1
1
1
1
1
1
1
1
1
1
1
1
1
1
1
1
1
1
1
1
1
1
1
1
1
1
1
1
1
1
1
1
1
1
1
1
1
1
1
1
1
1
1
1
1
1
1
1
1
1
1
1
1
1
1
1
1
1
1
1
1
1
1
1
1
1
1
1
1
1
1
1
1
1
1
1
1
1
1
1
1
1
1
1
1
1
1
1
1
1
1
1
1
1
1
1
1
1
1
1
1
1
1
1
1
1
1
1
1
1
1
1
1
1
1
1
1
1
1
1
1
1
1
1
1
1
1
1
1
1
1
1
1
1
1
1
1
1
1
1
1
1
1
1
1
1
1
1
1
1
1
1
1
1
1
1
1
1
1
1
1
1
1
1
1
1
1
1
1
1
1
1
1
1
1
1
1
1
1
1
1
1
1
1
1
1
1
1
1
1
1
1
1
1
1
1
1
1
1
1
1
1
1
1
1
1
1
1
1
1
1
1
1
1
1
1
1
1
1
1
1
1
1
1
1
1
1
1
1
1
1
1
1
1
1
1
1
1
1
1
1
1
1
1
1
1
1
1
1
1
1
1
1
1
1
1
1
1
1
1
1
1
1
1
1
1
1
1
1
1
1
1
1
1
1
1
1
1
1
1
1
1
1
1
1
1
1
1
1
1
1
1
1
1
1
1
1
1
1
1
1
1
1
1
1
1
1
1
1
1
1
1
1
1
1
1
1
1
1
1
1
1
1
1
1
1
1
1
1
1
1
1
0.92358404
0.39574617
0.21194915
0.17314022
0.21668804
0.19761437
0.22076251
0.32099818
1
1
1
1
1
1
1
1
1
1
1
1
1
1
1
1
1
1
1
1
1
1
1
1
1
1
1
1
1
1
1
1
1
1
1
1
1
1
1
1
1
1
1
1
1
1
1
1
1
1
1
1
1
1
1
1
1
1
1
1
1
1
1
1
1
1
1
1
1
1
1
1
1
1
1
1
1
1
1
1
1
1
1
1
1
1
1
1
1
1
1
1
1
1
1
1
1
1
1
1
1
1
1
1
1
1
1
1
1
1
1
1
1
1
1
1
1
1
1
1
1
1
1
1
1
1
1
1
1
1
1
1
1
1
1
1
1
1
1
1
1
1
1
1
1
1
1
1
1
1
1
1
1
1
1
1
1
1
1
1
1
1
1
1
1
1
1
1
1
1
1
1
1
1
1
1
1
1
1
1
1
1
1
1
1
1
1
1
1
1
1
1
1
1
1
1
1
1
1
1
1
1
1
1
1
1
1
1
1
1
1
1
1
1
1
1
1
1
1
1
1
1
1
1
0.6705224
0.64240804
0.68110671
0.80139525
0.95322742
1.1651897
1.3621949
1.5085398
1
1
1
1
1
1
1
1
1
1
1
0.99735326
0.99284497
0.99306847
0.98164819
1.5978609
1
1
1
1
1
1
1
1
1
1
1
1
1
0.99885541
1.2149523
0.98473526
1
1
1
1
1
1
1
1
1
1
1
1
0.99993097
0.99794383
0.9759683
1.0631521
1
1
1
1
1
1
1
1
1
1
1
1
0.9888649
0.99571979
0.95981583
0.99545817
1
1
1
1
1
1
1
1
0.95426169
0.54243115
0.98069123
1.0609074
1.0349272
1.0627463
1.0125761
1.4397301
1
1
1
1
1
1
1
1
1
0.98959934
1.037989
0.90535128
1.2636563
1.1580142
0.95541674
1.2367429
1
1
1
1
1
1
1
1
1
1
1
1
1
1
1
1
1
1
1
1
1
1
1
1
1.0150594
0.87901765
0.79381113
0.90317998
0.89093717
1.3090681
1.3666315
1.1902247
2.2113296
2.5183983
1.9023933
1.3498442
1.2265226
1.3527971
1.1952683
1.283008
0.27314945
0.34295331
0.3498904
0.62012826
0.68335913
0.76951174
0.99731002
1.2776873
1
1
1
0.98799526
0.97183316
0.99093983
0.95174255
1.1320357
0.47653769
1.1486576
0.85062827
0.89112722
1.0020752
1.2832833
0.84304491
1.2171855
1
0.9921022
0.99510951
1.390207
1.0209633
1.063618
1.0513558
1.1587336
0.6608406
0.72056935
0.7745996
1.363101
1.1988365
0.95701044
1.0945017
1.3055895
1
1
1
1
1
1
1
1
0.21405853
0.56001501
1.0250328
0.90136811
0.93669354
1.0059823
1.3442616
1.1973298
1
1
1
1
1.0518224
0.99949348
0.99858371
1.278752
0.68532533
0.55706855
0.77884631
0.65245897
1.3036392
1.3402819
1.3978211
1.2799852
1
1
1
1
1
0.99452438
0.99120471
1.1445469
0.88219486
0.68816735
0.99802067
0.59630536
1.2369999
0.68470043
0.68079152
0.81710403
0.38556185
0.51185738
0.59310655
0.53834518
0.69812441
0.74926679
1.0696886
1.5592633
1
1
1
1
1
1
1
1
1
1
1
1
1
1
1
1
1
1
1
1
1
1
1
1
1
1
1
1
1
1
1
1
1
1
1
1
1
1
1
1
1
1
1
1
1
1
1
1
1
1
1
1
1
1
1
1
1
1
1
1
1
1
1
1
1
1
1
1
1
1
1
1
1
1
1
1
1
1
1
1
1
1
1
1
1
1
1
1
1
1
1
1
1
1
1
1
1
1
1
1
1
1
1
1
1
1
1
1
1
1
1
1
1
1
1
1
1
1
1
1
1
1
1
1
1
1
1
1
1
1
1
1
1
1
1
1
1
1
1
1
1
1
1
1
1
1
1
1
1
1
1
1
1
1
1
1
1
1
1
1
1
1
1
1
1
1
1
1
1
1
1
1
1
1
1
1
1
1
1
1
1
1
1
1
1
1
1
1
1
1
1
1
1
1
1
1
1
1
1
1
1
1
1
1
1
1
1
1
1
1
1
1
1
1
1
1
1
1
1
1
1
1
1
1
0.62038084
0.11304295
0.10339821
0.11276121
0.1232656
0.11893115
0.13359296
0.32798128
1
1
1
1
1
1
1
1
1
1
1
1
1
1
1
1
1
1
1
1
1
1
1
1
1
1
1
1
1
1
1
1
1
1
1
1
1
1
1
1
1
1
1
1
1
1
1
1
1
1
1
1
1
1
1
1
1
1
1
1
1
1
1
1
1
1
1
1
1
1
1
1
1
1
1
1
1
1
1
1
1
1
1
1
1
1
1
1
1
1
1
1
1
1
1
1
1
1
1
1
1
1
1
1
1
1
1
1
1
1
1
1
1
1
1
1
1
1
1
1
1
1
1
1
1
1
1
1
1
1
1
1
1
1
1
1
1
1
1
1
1
1
1
1
1
1
1
1
1
1
1
1
1
1
1
1
1
1
1
1
1
1
1
1
1
1
1
1
1
1
1
1
1
1
1
1
1
1
1
1
1
1
1
1
1
1
1
1
1
1
1
1
1
1
1
1
1
1
1
1
1
1
1
1
1
1
1
1
1
1
1
1
1
1
1
1
1
1
1
1
1
1
1
1
0.59997194
0.14992353
0.17006545
0.14775847
0.18238501
0.23590294
0.30400287
0.42388563
1
1
1
1
0.83262131
0.99910686
0.99625884
0.98231367
1
1
1
1
0.94577591
0.93526068
0.88569982
1.1431615
1
1
1
1
1
1
0.99999936
0.9985637
1
1
1
1
1
0.99992208
0.9955682
1.1104989
1
1
1
1
0.99999997
0.99966601
0.99898352
0.9603049
1
1
1
0.99897602
0.9999999
0.99878528
0.9982226
0.96251156
1
1
1
1
0.9999992
0.99999627
0.99998826
0.99525422
1
1
1
0.99998772
0.99647292
0.96914593
0.97256184
1.1985827
1
1
1
1
1
1
1
1
1.4591978
0.62750052
1.4288249
1.5712866
1.6745788
0.81909001
1.0916424
0.85738865
1
1
1
1
1
1
1
1
0.99996972
0.99999026
1.2702116
1.2068724
1.4022994
1.1384123
1.3560175
1.1404951
1
1
1
1
1
1
1
1
1
1
1
1
1
1
1
1
1
1
1
1
0.99979229
0.99711489
0.99789799
0.88875104
0.82030232
0.95378069
1.2224941
1.2076505
1.5184659
1.7273233
2.0662286
1.940695
0.73436063
1.1407919
1.4036882
1.0193011
1.5825241
0.92349464
1.6582988
1.4822423
0.56894459
0.66893571
0.73831815
1.0324756
1.1912754
1.2837715
1.4513768
1.2238449
1
1
1
0.99548757
0.97252129
1.1400832
0.97945786
0.9416431
1.28212
1.1657001
2.3172574
1.1376731
1.3557977
1.4358471
1.0242804
0.97086371
1
1
1
1.2541533
1.2340373
1.3304686
0.93437338
1.7125756
1.4698594
1.1428889
1.0478668
0.9365178
0.89876793
0.9556773
1.2308136
1.3974171
1
1
0.9968483
1
0.98377527
0.97382122
0.99580777
1.1470127
1.0958039
1.1856296
1.3712145
1.3941174
1.6298653
1.9834841
2.0664564
2.5439504
1
1
1
0.9999998
0.99989309
0.99910929
0.99874979
1.1459542
1.1068782
1.1496881
0.84317201
0.65402782
0.8076283
1.0241923
1.1822243
1.4596447
1
1
1
0.99971815
0.94685458
1.2140074
0.99581035
0.98259626
1.8240681
1.207941
1.8815308
1.9468183
2.3878524
1.4823977
1.1321932
1.2743668
0.95537338
1.0254435
1.258873
1.2728453
1.5998392
1.6015816
1.8716803
2.0023202
1
1
1
1
0.99999993
0.99602042
0.99550245
0.97116656
1
1
1
0.99413705
0.97564589
0.96744943
0.92338441
1.083107
1
1
1
0.99998262
1
1
1
0.99930599
1
1
1
1
0.99995867
0.91163382
0.95776132
1.2067355
1
1
1
1
0.99999999
1
0.99603277
0.9731894
1
1
1
1
0.99997707
0.99844867
0.98923078
0.92892679
1
1
1
1
0.99997648
0.99707542
1
0.98199621
1
1
0.99999687
0.99999452
0.99999996
0.99793383
0.97200635
0.86416739
1
1
1
1
1
1
1
1
0.91250855
1.0041285
0.89853799
0.78568517
1.2001303
0.72631564
1.2148824
1.5417885
1
1
1
1
1
1
1
1
1
1.2184144
0.98827607
1.0809768
0.97211454
0.93555735
1.001977
0.91676945
1
1
1
1
1
1
1
1
1
1
1
1
1
1
1
1
1
1
1
0.99988683
0.99970244
0.99934041
0.99233689
0.98465604
1.4196419
1.0465601
1.1411331
1.0921452
1.2588022
1.3383865
1.3125838
1.4683131
1.0115979
0.97817563
1.6143033
1.04746
1.8304731
1.0706134
0.78230623
0.84935195
0.59186433
1.0818051
1.1501945
1.4818557
1.3658565
1.3620032
1.3130973
1.2475216
1
1
1
0.98065679
0.99619412
0.98798192
0.98724105
0.88303225
1.2138884
0.87457842
0.8802828
0.82485124
1.3465212
0.80130248
0.8093
1.1128137
1
1
0.82728385
1.2058896
0.95118528
0.9901337
0.91247459
1.3736404
1.5860769
0.67438895
0.77150683
0.62462921
0.63610532
0.6045672
0.60789398
0.42783701
1
1
1
1
1.1703948
1.0863335
0.97779842
1.1843241
1.0059841
0.87341609
0.80825683
0.93624233
0.8680654
1.0661878
1.1207828
1.2472241
1
1
1
0.99865486
0.99998242
1.1182018
0.99506959
0.98596259
0.93607364
0.5034425
1.0615579
0.83078001
1.0906498
1.1987917
1.4846542
1.3296678
1
1
1
1
1
0.99862399
0.99981274
0.99887431
0.86845849
1.3716243
1.231561
1.5170768
0.88876831
1.2927573
1.4562241
0.86853212
0.67662391
0.98884796
1.1205925
1.2016133
1.343548
1.6197966
1.5221374
1.4854662
1
1
1
1
1
1
1
1
1
1
1
1
1
1
1
1
1
1
1
1
1
1
1
1
1
1
1
1
1
1
1
1
1
1
1
1
1
1
1
1
1
1
1
1
1
1
1
1
1
1
1
1
1
1
1
1
1
1
1
1
1
1
1
1
1
1
1
1
1
1
1
1
1
1
1
1
1
1
1
1
1
1
1
1
1
1
1
1
1
1
1
1
1
1
1
1
1
1
1
1
1
1
1
1
1
1
1
1
1
1
1
1
1
1
1
1
1
1
1
1
1
1
1
1
1
1
1
1
1
1
1
1
1
1
1
1
1
1
1
1
1
1
1
1
1
1
1
1
1
1
1
1
1
1
1
1
1
1
1
1
1
1
1
1
1
1
1
1
1
1
1
1
1
1
1
1
1
1
1
1
1
1
1
1
1
1
1
1
1
1
1
1
1
1
1
1
1
1
1
1
1
1
1
1
1
1
1
1
1
1
1
1
1
1
1
1
1
1
1
1
1
1
1
1
1
1
1
1
1
1
1
1
1
1
1
1
1
1
1
1
1
1
1
1
1
1
1
1
1
1
1
1
1
1
1
1
1
1
1
1
1
1
1
1
1
1
1
1
1
1
1
1
1
1
1
1
1
1
1
1
1
1
1
1
1
1
1
1
1
1
1
1
1
1
1
1
1
1
1
1
1
1
1
1
1
1
1
1
1
1
1
1
1
1
1
1
1
1
1
1
1
1
1
1
1
1
1
1
1
1
1
1
1
1
1
1
1
1
1
1
1
1
1
1
1
1
1
1
1
1
1
1
1
1
1
1
1
1
1
1
1
1
1
1
1
1
1
1
1
1
1
1
1
1
1
1
1
1
1
1
1
1
1
1
1
1
1
1
1
1
1
1
1
1
1
1
1
1
1
1
1
1
1
1
1
1
1
1
1
1
1
1
1
1
1
1
1
1
1
1
1
1
1
1
1
1
1
1
1
1
1
1
1
1
1
1
1
1
1
1
1
1
1
1
1
1
1
1
1
1
1
1
1
1
1
1
1
1
1
1
1
1
1
1
1
1
1
1
1
1
1
1
1
1
1
1
1
1
1
1
1
1
1
1
1
1
1
1
1
1
1
1
1
1
1
1
1
1
1
1
1
1
1
1
1
1
1
1
1
1
1
1
1
1
1
1
1
1
1
1
1
1
1
1
1
1
1
1
1
1
1
1
1
1
1
1
1
1
1
1
1
1
1
1
1
1
1
1
1
1
1
1
1
1
1
1
1
1
1
1
1
1
1
1
1
1
1
1
1
1
1
1
1
1
1
1
1
1
1
1
1
1
1
1
1
1
1
1
1
1
1
1
1
1
1
1
1
1
1
1
1
1
1
1
1
1
1
1
1
1
1
1
1
1
1
1
1
1
1
1
1
1
1
1
1
1
1
1
1
1
1
1
1
1
1
1
1
1
1
1
1
1
1
1
1
1
1
1
1
1
1
1
1
1
1
1
1
1
1
1
1
1
1
1
1
1
1
1
1
1
1
1
1
1
1
1
1
1
1
1
1
1
1
1
1
1
1
1
1
1
1
1
1
1
1
1
1
1
1
1
1
1
1
1
1
1
1
1
1
1
1
1
1
1
1
1
1
1
1
1
1
1
1
1
1
1
1
1
1
1
1
1
1
1
1
1
1
1
1
1
1
1
1
1
1
1
1
1
1
1
1
1
1
1
1
1
1
1
1
1
1
1
1
1
1
1
1
1
1
1
1
1
1
1
1
1
1
1
1
1
1
1
1
1
1
1
1
1
1
1
1
1
1
1
1
1
1
1
1
1
1
1
1
1
1
1
1
1
1
1
1
1
1
1
1
1
1
1
1
1
1
1
1
1
1
1
1
1
1
1
1
1
1
1
1
1
1
1
1
1
1
1
1
1
1
1
1
1
1
1
1
1
1
1
1
1
1
1
1
1
1
1
1
1
1
1
1
1
1
1
1
1
1
1
1
1
1
1
1
1
1
1
1
1
1
1
1
1
1
1
1
1
1
1
1
1
1
1
1
1
1
1
1
1
1
1
1
1
1
1
1
1
1
1
1
1
1
1
1
1
1
1
1
1
1
1
1
1
1
1
1
1
1
1
1
1
1
1
1
1
1
1
1
1
1
1
1
1
1
1
1
1
1
1
1
1
1
1
1
1
1
1
1
1
1
1
1
1
1
1
1
1
1
1
1
1
1
1
1
1
1
1
1
1
1
1
1
1
1
1
1
1
1
1
1
1
1
1
1
1
1
1
1
1
1
1
1
1
1
1
1
1
1
1
1
1
1
1
1
1
1
1
1
1
1
1
1
1
1
1
1
1
1
1
1
1
1
1
1
1
1
1
1
1
1
1
1
1
1
1
1
1
1
1
1
1
1
1
1
1
1
1
1
1
1
1
1
1
1
1
1
1
1
1
1
1
1
1
1
1
1
1
1
1
1
1
1
1
1
1
1
1
1
1
1
1
1
1
1
1
1
1
1
1
1
1
1
1
1
1
1
1
1
1
1
1
1
1
1
1
1
1
1
1
1
1
1
1
1
1
1
1
1
1
1
1
1
1
1
1
1
1
1
1
1
1
1
1
1
1
1
1
1
1
1
1
1
1
1
1
1
1
1
1
1
1
1
1
1
1
1
1
1
1
1
1
1
1
1
1
1
1
1
1
1
1
1
1
1
1
1
1
1
1
1
1
1
1
1
1
1
1
1
1
1
1
1
1
1
1
1
1
1
1
1
1
1
1
1
1
1
1
1
1
1
1
1
1
1
1
1
1
1
1
1
1
1
1
1
1
1
1
1
1
1
1
1
1
1
1
1
1
1
1
1
1
1
1
1
1
1
1
1
1
1
1
1
1
1
1
1
1
1
1
1
1
1
1
1
1
1
1
1
1
1
1
1
1
1
1
1
1
1
1
1
1
1
1
1
1
1
1
1
1
1
1
1
1
1
1
1
1
1
1
1
1
1
1
1
1
1
1
1
1
1
1
1
1
1
1
1
1
1
1
1
1
1
1
1
1
1
1
1
1
1
1
1
1
1
1
1
1
1
1
1
1
1
1
1
1
1
1
1
1
1
1
1
1
1
1
1
1
1
1
1
1
1
1
1
1
1
1
1
1
1
1
1
1
1
1
1
1
1
1
1
1
1
1
1
1
1
1
1
1
1
1
1
1
1
1
1
1
1
1
1
1
1
1
1
1
1
1
1
1
1
1
1
1
1
1
1
1
1
1
1
1
1
1
1
1
1
1
1
1
1
1
1
1
1
1
1
1
1
1
1
1
1
1
1
1
1
1
1
1
1
1
1
1
1
1
1
1
1
1
1
1
1
1
1
1
1
1
1
1
1
1
1
1
1
1
1
1
1
1
1
1
1
1
1
1
1
1
1
1
1
1
1
1
1
1
1
1
1
1
1
1
1
1
1
1
1
1
1
1
1
1
1
1
1
1
1
1
1
1
1
1
1
1
1
1
1
1
1
1
1
1
1
1
1
1
1
1
1
1
1
1
1
1
1
1
1
1
1
1
1
1
1
1
1
1
1
1
1
1
1
1
1
1
1
1
1
1
1
1
1
1
1
1
1
1
1
1
1
1
1
1
1
1
1
1
1
1
1
1
1
1
1
1
1
1
1
1
1
1
1
1
1
1
1
1
1
1
1
1
1
1
1
1
1
1
1
1
1
1
1
1
1
1
1
1
1
1
1
1
1
1
1
1
1
1
1
1
1
1
1
1
1
1
1
1
1
1
1
1
1
1
1
1
1
1
1
1
1
1
1
1
1
1
1
1
1
1
1
1
1
1
1
1
1
1
1
1
1
1
1
1
1
1
1
1
1
1
1
1
1
1
1
1
1
1
1
1
1
1
1
1
1
1
1
1
1
1
1
1
1
1
1
1
1
1
1
1
1
1
1
1
1
1
1
1
1
1
1
1
1
1
1
1
1
1
1
1
1
1
1
1
1
1
1
1
1
1
1
1
1
1
1
1
1
1
1
1
1
1
1
1
1
1
1
1
1
1
1
1
1
1
1
1
1
1
1
1
1
1
1
1
1
1
1
1
1
1
1
1
1
1
1
1
1
1
1
1
1
1
1
1
1
1
1
1
1
1
1
1
1
1
1
1
1
1
1
1
1
1
1
1
1
1
1
1
1
1
1
1
1
1
1
1
0.8469881
0.86707778
0.74557775
1.2955538
1.3385469
1.3295958
1.415387
1.5082581
1
1
1
1
1
1
1
1
1
1
1
1
1
1
1
1
1
1
1
1
1
1
1
1
1
1
1
1
1
1
1
1
1
1
1
1
1
1
1
1
1
1
1
1
1
1
1
1
1
1
1
1
1
1
1
1
1
1
1
1
1
1
1
1
1
1
1
1
1
1
1
1
1
1
1
1
1
1
1
1
1
1
1
1
1
1
1
1
1
1
1
1
1
1
1
1
1
1
1
1
1
1
1
1
1
1
1
1
1
1
1
1
1
1
1
1
1
1
1
1
1
1
1
1
1
1
1
1
1
1
1
1
1
1
1
1
1
1
1
1
1
1
1
1
1
1
1
1
1
1
1
1
1
1
1
1
1
1
1
1
1
1
1
1
1
1
1
1
1
1
1
1
1
1
1
1
1
1
1
1
1
1
1
1
1
1
1
1
1
1
1
1
1
1
1
1
1
1
1
1
1
1
1
1
1
1
1
1
1
1
1
1
1
1
1
1
1
1
1
1
1
1
1
1
0.10703572
0.22173854
0.45366719
0.65839803
0.97811251
1.0004129
1.1780626
0.99448471
1
1
1
1
1
1
1
1
1
1
1
1
1
1
1
1
1
1
1
1
1
1
1
1
1
1
1
1
1
1
1
1
1
1
1
1
1
1
1
1
1
1
1
1
1
1
1
1
1
1
1
1
1
1
1
1
1
1
1
1
1
1
1
1
1
1
1
1
1
1
1
1
1
1
1
1
1
1
1
1
1
1
1
1
1
1
1
1
1
1
1
1
1
1
1
1
1
1
1
1
1
1
1
1
1
1
1
1
1
1
1
1
1
1
1
1
1
1
1
1
1
1
1
1
1
1
1
1
1
1
1
1
1
1
1
1
1
1
1
1
1
1
1
1
1
1
1
1
1
1
1
1
1
1
1
1
1
1
1
1
1
1
1
1
1
1
1
1
1
1
1
1
1
1
1
1
1
1
1
1
1
1
1
1
1
1
1
1
1
1
1
1
1
1
1
1
1
1
1
1
1
1
1
1
1
1
1
1
1
1
1
1
1
1
1
1
1
1
1
1
1
1
1
1
0.92570532
1.3040474
0.98770705
1.1480855
1.6118996
1.7290073
2.0638803
3.4344918
1
1
1
1
1
1
1
1
1
1
1
1
1
1
1
1
1
1
1
1
1
1
1
1
1
1
1
1
1
1
1
1
1
1
1
1
1
1
1
1
1
1
1
1
1
1
1
1
1
1
1
1
1
1
1
1
1
1
1
1
1
1
1
1
1
1
1
1
1
1
1
1
1
1
1
1
1
1
1
1
1
1
1
1
1
1
1
1
1
1
1
1
1
1
1
1
1
1
1
1
1
1
1
1
1
1
1
1
1
1
1
1
1
1
1
1
1
1
1
1
1
1
1
1
1
1
1
1
1
1
1
1
1
1
1
1
1
1
1
1
1
1
1
1
1
1
1
1
1
1
1
1
1
1
1
1
1
1
1
1
1
1
1
1
1
1
1
1
1
1
1
1
1
1
1
1
1
1
1
1
1
1
1
1
1
1
1
1
1
1
1
1
1
1
1
1
1
1
1
1
1
1
1
1
1
1
1
1
1
1
1
1
1
1
1
1
1
1
1
1
1
1
1
1
0.97742663
1.1348603
1.3270977
2.1362617
2.2534338
2.0813459
2.2563408
2.1831541
1
1
1
1
1
1
1
1
1
1
1
1
1
1
1
1
1
1
1
1
1
1
1
1
1
1
1
1
1
1
1
1
1
1
1
1
1
1
1
1
1
1
1
1
1
1
1
1
1
1
1
1
1
1
1
1
1
1
1
1
1
1
1
1
1
1
1
1
1
1
1
1
1
1
1
1
1
1
1
1
1
1
1
1
1
1
1
1
1
1
1
1
1
1
1
1
1
1
1
1
1
1
1
1
1
1
1
1
1
1
1
1
1
1
1
1
1
1
1
1
1
1
1
1
1
1
1
1
1
1
1
1
1
1
1
1
1
1
1
1
1
1
1
1
1
1
1
1
1
1
1
1
1
1
1
1
1
1
1
1
1
1
1
1
1
1
1
1
1
1
1
1
1
1
1
1
1
1
1
1
1
1
1
1
1
1
1
1
1
1
1
1
1
1
1
1
1
1
1
1
1
1
1
1
1
1
1
1
1
1
1
1
1
1
1
1
1
1
1
1
1
1
1
1
0.80002531
0.72932812
0.89549711
1.2865218
1.6566586
2.0135595
2.0256566
2.029132
1
1
1
1
1
1
1
1
1
1
1
1
1
1
1
1
1
1
1
1
1
1
1
1
1
1
1
1
1
1
1
1
1
1
1
1
1
1
1
1
1
1
1
1
1
1
1
1
1
1
1
1
1
1
1
1
1
1
1
1
1
1
1
1
1
1
1
1
1
1
1
1
1
1
1
1
1
1
1
1
1
1
1
1
1
1
1
1
1
1
1
1
1
1
1
1
1
1
1
1
1
1
1
1
1
1
1
1
1
1
1
1
1
1
1
1
1
1
1
1
1
1
1
1
1
1
1
1
1
1
1
1
1
1
1
1
1
1
1
1
1
1
1
1
1
1
1
1
1
1
1
1
1
1
1
1
1
1
1
1
1
1
1
1
1
1
1
1
1
1
1
1
1
1
1
1
1
1
1
1
1
1
1
1
1
1
1
1
1
1
1
1
1
1
1
1
1
1
1
1
1
1
1
1
1
1
1
1
1
1
1
1
1
1
1
1
1
1
1
1
1
1
1
1
0.76835203
1.21451
0.87065552
1.673858
2.3885161
3.4002519
3.7042327
3.0880535
1
1
1
1
1
1
1
1
1
1
1
1
1
1
1
1
1
1
1
1
1
1
1
1
1
1
1
1
1
1
1
1
1
1
1
1
1
1
1
1
1
1
1
1
1
1
1
1
1
1
1
1
1
1
1
1
1
1
1
1
1
1
1
1
1
1
1
1
1
1
1
1
1
1
1
1
1
1
1
1
1
1
1
1
1
1
1
1
1
1
1
1
1
1
1
1
1
1
1
1
1
1
1
1
1
1
1
1
1
1
1
1
1
1
1
1
1
1
1
1
1
1
1
1
1
1
1
1
1
1
1
1
1
1
1
1
1
1
1
1
1
1
1
1
1
1
1
1
1
1
1
1
1
1
1
1
1
1
1
1
1
1
1
1
1
1
1
1
1
1
1
1
1
1
1
1
1
1
1
1
1
1
1
1
1
1
1
1
1
1
1
1
1
1
1
1
1
1
1
1
1
1
1
1
1
1
1
1
1
1
1
1
1
1
1
1
1
1
1
1
1
1
1
1
0.93115504
1.075952
1.3624974
1.9740694
1.5032339
2.0176511
1.6916625
1.6591119
1
1
1
1
1
1
1
1
1
1
1
1
1
1
1
1
1
1
1
1
1
1
1
1
1
1
1
1
1
1
1
1
1
1
1
1
1
1
1
1
1
1
1
1
1
1
1
1
1
1
1
1
1
1
1
1
1
1
1
1
1
1
1
1
1
1
1
1
1
1
1
1
1
1
1
1
1
1
1
1
1
1
1
1
1
1
1
1
1
1
1
1
1
1
1
1
1
1
1
1
1
1
1
1
1
1
1
1
1
1
1
1
1
1
1
1
1
1
1
1
1
1
1
1
1
1
1
1
1
1
1
1
1
1
1
1
1
1
1
1
1
1
1
1
1
1
1
1
1
1
1
1
1
1
1
1
1
1
1
1
1
1
1
1
1
1
1
1
1
1
1
1
1
1
1
1
1
1
1
1
1
1
1
1
1
1
1
1
1
1
1
1
1
1
1
1
1
1
1
1
1
1
1
1
1
1
1
1
1
1
1
1
1
1
1
1
1
1
1
1
1
1
1
1
1
1
1
1
1
1
1
1
1
1
1
1
1
1
1
1
1
1
1
1
1
1
1
1
1
1
1
1
1
1
1
1
1
1
1
1
1
1
1
1
1
1
1
1
1
1
1
1
1
1
1
1
1
1
1
1
1
1
1
1
1
1
1
1
1
1
1
1
1
1
1
1
1
1
1
1
1
1
1
1
1
1
1
1
1
1
1
1
1
1
1
1
1
1
1
1
1
1
1
1
1
1
1
1
1
1
1
1
1
1
1
1
1
1
1
1
1
1
1
1
1
1
1
1
1
1
1
1
1
1
1
1
1
1
1
1
1
1
1
1
1
1
1
1
1
1
1
1
1
1
1
1
1
1
1
1
1
1
1
1
1
1
1
1
1
1
1
1
1
1
1
1
1
1
1
1
1
1
1
1
1
1
1
1
1
1
1
1
1
1
1
1
1
1
1
1
1
1
1
1
1
1
1
1
1
1
1
1
1
1
1
1
1
1
1
1
1
1
1
1
1
1
1
1
1
1
1
1
1
1
1
1
1
1
1
1
1
1
1
1
1
1
1
1
1
1
1
1
1
1
1
1
1
1
1
1
1
1
1
1
1
1
1
1
1
1
1
1
1
1
1
1
1
1
1
1
1
1
1
1
1
1
1
1
1
1
1
1
1
1
1
1
1
1
1
1
1
1
1
1
1
1
1
1
1
1
1
1
1
1
1
1
1
1
1
1
1
1
1
1
1
1
1
1
1
1
1
1
1
1
1
1
1
1
1
1
1
1
1
1
1
1
1
1
1
1
1
1
1
1
1
1
1
1
1
1
1
1
1
1
1
1
1
1
1
1
1
1
1
1
1
1
1
1
1
1
1
1
1
1
1
1
1
1
1
1
1
1
1
1
1
1
1
1
1
1
1
1
1
1
1
1
1
1
1
1
1
1
1
1
1
1
1
1
1
1
1
1
1
1
1
1
1
1
1
1
1
1
1
1
1
1
1
1
1
1
1
1
1
1
1
1
1
1
1
1
1
1
1
1
1
1
1
1
1
1
1
1
1
1
1
1
1
1
1
1
1
1
1
1
1
1
1
1
1
1
1
1
1
1
1
1
1
1
1
1
1
1
1
1
1
1
1
1
1
1
1
1
1
1
1
1
1
1
1
1
1
1
1
1
1
1
1
1
1
1
1
1
1
1
1
1
1
1
1
1
1
1
1
1
1
1
1
1
1
1
1
1
1
1
1
1
1
1
1
1
1
1
1
1
1
1
1
1
1
1
1
1
1
1
1
1
1
1
1
1
1
1
1
1
1
1
1
1
1
1
1
1
1
1
1
1
1
1
1
1
1
1
1
1
1
1
1
1
1
1
1
1
1
1
1
1
1
1
1
1
1
1
1
1
1
1
1
1
1
1
1
1
1
1
1
1
1
1
1
1
1
1
1
1
1
1
1
1
1
1
1
1
1
1
1
1
1
1
1
1
1
1
1
1
1
1
1
1
1
1
1
1
1
1
1
1
1
1
1
1
1
1
1
1
1
1
1
1
1
1
1
1
1
1
1
1
1
1
1
1
1
1
1
1
1
1
1
1
1
1
1
1
1
1
1
1
1
1
1
1
1
1
1
0.99999543
0.99707574
0.98398314
1
1
1
1
1
1
1.0882061
1.5007735
1
1
1
1
1
1
1
0.98856838
1
1
1
1
1
1
1
1
1
1
1
1
1
0.99863239
0.99856262
0.98237495
1
1
1
1
1
1
1.2038115
1.2030971
1
1
1
1
0.99999196
0.99996715
0.99996493
0.99694574
1
1
1
1
1
1
0.96707957
0.98125724
1
1
1
1
1
1
1
1
1
1
1
0.99998085
0.99987054
0.99994654
0.99911369
1.1929822
1
1
1
1
1
1
1
1
1
1
1
0.93616499
0.9990451
0.99903378
0.99350672
1.1118363
1
1
1
1
1
1
1
1
1
1
1
1
1
1
1
1
1
1
1
1
1
0.99167794
1.1244376
1.6240266
1
0.99917005
1.0643054
2.118544
3.883949
4.5967147
4.0302713
2.8649291
1
1
1
0.99069809
1.1389192
1.4625457
0.89545401
1.1631218
1.1300653
1.0239774
1.6639594
2.4421329
3.841478
2.4298461
2.8809061
2.9255739
1
1
1
1
0.9832939
0.99171655
0.99231755
0.78569869
1
1
0.98872721
0.99747518
1.3073052
2.0867498
1.9471505
2.0424313
1
1
1
0.99770267
1.2876358
0.9468213
1.0211063
1.3649988
1
0.99285981
0.8331112
1.2772164
1.4214854
2.7198059
1.9928607
1.9401519
1
1
1
1.1504902
0.99179161
0.99126076
1.1315162
1.4101731
0.99999979
0.98682698
0.91637531
0.98416338
1.6151286
2.9545358
1.4611849
2.3254791
1
1
1
0.99927804
1
0.99868299
0.99879755
0.90569409
1
1
0.99547747
0.9990473
1.2145371
0.99799056
1.127571
1.3443064
1
1
1
1
1
0.99941298
0.99968743
1.1177865
1
1
0.99997329
1.1724238
1.2010135
0.9933671
0.87720777
1.7715708
1
0.98901884
1.9761555
1.7255402
2.8596022
3.1383973
3.0113078
3.0612279
1
1
1
1
1
1.3606771
0.9318817
1.0082208
1
1
1
1
1
1
0.99166504
2.1293188
1
1
1
1
1
1
0.98486309
1.0688218
1
1
1
1
1
1
0.99930256
0.99535365
1
1
1
1
1
1
0.9935023
0.81531627
1
1
1
1
1
1
1
1.2051049
1
1
1
1
0.99725646
0.99533266
1
1.030114
1
1
1
1
1
1
0.9980574
0.98865322
1
1
1
1
1
1
1
1
1
1
1
0.99977424
0.97877974
1.2103162
1.1490784
1.2690787
1
1
1
1
1
1
1
1
1
1
1
1
0.99999987
0.99999985
0.99976124
1.1960452
1
1
1
1
1
1
1
1
1
1
1
1
1
1
1
1
1
1
1
1
1.2234866
1.3127891
0.91379751
1.8881439
1
0.97359544
0.87491293
4.5446794
4.5740928
3.2361981
5.7640667
3.7816001
1
1
0.99984001
0.85570798
0.98048521
1.0714856
1.5021753
0.92135856
0.90725831
1.285932
2.0581169
1.7169529
2.797781
3.1539804
2.4625132
3.633637
1
1
1
1
1
0.99895407
0.98447382
0.8050395
1
1
1
0.98776399
1.4314668
2.1376148
2.1601025
3.3688972
1
1
1
1
0.98997803
0.90659339
1.0683645
0.87882944
1.1524272
1
1.1535698
1.324477
1.6901586
2.7144176
3.5666197
5.4415887
1
1
1
1
1.4014378
1.4547855
1.1468778
1.5814994
1
0.96507062
1.2792493
2.0751851
2.5196656
2.4142526
2.5388934
2.0474861
1
1
1
1
1.148532
1.1467238
0.97362641
1.0409722
1
1
0.99939291
0.99777272
1.1715586
1.3939812
1.3361903
1.0350646
1
1
1
1
1
1
1.2013946
0.88926904
1
0.99985133
0.99999986
0.99980507
0.99975427
1.1519203
0.98519426
0.99727727
1
1.0660465
2.7394457
3.1239531
2.6792943
3.4800881
3.6684358
3.9215378
1
1
1
1
1
1
1
1
1
1
1
1
1
1
1
1
1
1
1
1
1
1
1
1
1
1
1
1
1
1
1
1
1
1
1
1
1
1
1
1
1
1
1
1
1
1
1
1
1
1
1
1
1
1
1
1
1
1
1
1
1
1
1
1
1
1
1
1
1
1
1
1
1
1
1
1
1
1
1
1
1
1
1
1
1
1
1
1
1
1
1
1
1
1
1
1
1
1
1
1
1
1
1
1
1
1
1
1
1
1
1
1
1
1
1
1
1
1
1
1
1
1
1
1
1
1
1
1
1
1
1
1
1
1
1
1
1
1
1
1
1
1
1
1
1
1
1
1
1
1
1
1
1
1
1
1
1
1
1
1
1
1
1
1
1
1
1
1
1
1
1
1
1
1
1
1
1
1
1
1
1
1
1
1
1
1
1
1
1
1
1
1
1
1
1
1
1
1
1
1
1
1
1
1
1
1
1
1
1
1
1
1
1
1
1
1
1
1
1
1
1
1
1
1
1
1
1
1
1
1
1
1
1
1
1
1
1
1
1
1
1
1
1
1
1
1
1
1
1
1
1
1
1
1
1
1
1
1
1
1
1
1
1
1
1
1
1
1
1
1
1
1
1
1
1
1
1
1
1
1
1
1
1
1
1
1
1
1
1
1
1
1
1
1
1
1
1
1
1
1
1
1
1
1
1
1
1
1
1
1
1
1
1
1
1
1
1
1
1
1
1
1
1
1
1
1
1
1
1
1
1
1
1
1
1
1
1
1
1
1
1
1
1
1
1
1
1
1
1
1
1
1
1
1
1
1
1
1
1
1
1
1
1
1
1
1
1
1
1
1
1
1
1
1
1
1
1
1
1
1
1
1
1
1
1
1
1
1
1
1
1
1
1
1
1
1
1
1
1
1
1
1
1
1
1
1
1
1
1
1
1
1
1
1
1
1
1
1
1
1
1
1
1
1
1
1
1
1
1
1
1
1
1
1
1
1
1
1
1
1
1
1
1
1
1
1
1
1
1
1
1
1
1
1
1
1
0.815584
1.8207709
1.4022193
1.7535059
1.8303287
1.3703539
1.3422155
1.0590254
1
1
1
1
1
1
1
1
1
1
1
1
1
1
1
1
1
1
1
1
1
1
1
1
1
1
1
1
1
1
1
1
1
1
1
1
1
1
1
1
1
1
1
1
1
1
1
1
1
1
1
1
1
1
1
1
1
1
1
1
1
1
1
1
1
1
1
1
1
1
1
1
1
1
1
1
1
1
1
1
1
1
1
1
1
1
1
1
1
1
1
1
1
1
1
1
1
1
1
1
1
1
1
1
1
1
1
1
1
1
1
1
1
1
1
1
1
1
1
1
1
1
1
1
1
1
1
1
1
1
1
1
1
1
1
1
1
1
1
1
1
1
1
1
1
1
1
1
1
1
1
1
1
1
1
1
1
1
1
1
1
1
1
1
1
1
1
1
1
1
1
1
1
1
1
1
1
1
1
1
1
1
1
1
1
1
1
1
1
1
1
1
1
1
1
1
1
1
1
1
1
1
1
1
1
1
1
1
1
1
1
1
1
1
1
1
1
1
1
1
1
1
1
1
0.40677463
0.65015763
1.1563155
1.5873932
1.7073941
1.76665
1.7105188
1.0980333
1
1
1
1
1
1
1
1
1
1
1
1
1
1
0.99971568
1.1492866
1
1
1
1
1
1
1
1
1
1
1
1
1
1
1
0.99467654
1
1
1
1
1
1
1
1
1
1
1
1
1
0.99488884
1
0.99451067
1
1
1
1
1
1
1
1
1
1
1
1
1
1
1
1.1234814
1
1
1
1
1
1
1
1
1
1
1
1
0.98082335
1.6055227
1.1551836
1.362315
1
1
1
1
1
1
1
1
1
1
1
1
1
0.99763437
1.1288596
0.92452369
1
1
1
1
1
1
1
1
1
1
1
1
1
1
1
1
1
1
1
1
1
1
1
1
1
0.92404065
1.3580512
0.81809334
0.85617695
1.0271446
0.86175576
1.5083272
1
1
1.1241239
1.9824335
1.0305391
1.46604
1.9299379
1.1543909
1.7378413
1.8050174
4.1441415
5.0761014
5.1563371
4.6319742
5.6052454
4.7185602
1
1
1
1
1.1537628
0.98863348
0.96848878
0.90738588
0.98516555
0.89666985
0.93694998
0.95558375
0.91339866
0.66439528
0.86701754
1.3365417
1
1
0.99095589
0.99932462
0.98267261
1.1006993
1.1323289
1.4279017
1
0.74442796
0.90446103
0.9021814
1.0487993
1.4311604
2.0070968
1.3322221
1
1
1
1
1
1
1
1
1
0.98633883
0.90338009
0.66826988
0.79885334
1.8207445
1.0043349
1.3457771
1
1
1
0.99950945
1
1.214314
0.96175406
1.7121711
1
1
0.9743955
0.9926536
1.0809096
0.96422252
1.4715937
1.0837272
1
1
1
1
1
0.99933441
0.99473059
0.97712319
1
1.1793306
1.1390289
0.98495597
0.95022731
1.1172334
0.89056592
1.1450664
1.4331614
1.7597838
1.624331
1.419308
1.5975566
1.6579411
1.7274155
1.915724
1
1
1
1
1
1
1
1
1
1
1
1
1
1
1
1
1
1
1
1
1
1
1
1
1
1
1
1
1
1
1
1
1
1
1
1
1
1
1
1
1
1
1
1
1
1
1
1
1
1
1
1
1
1
1
1
1
1
1
1
1
1
1
1
1
1
1
1
1
1
1
1
1
1
1
1
1
1
1
1
1
1
1
1
1
1
1
1
1
1
1
1
1
1
1
1
1
1
1
1
1
1
1
1
1
1
1
1
1
1
1
1
1
1
1
1
1
1
1
1
1
1
1
1
1
1
1
1
1
1
1
1
1
1
1
1
1
1
1
1
1
1
1
1
1
1
1
1
1
1
1
1
1
1
1
1
1
1
1
1
1
1
1
1
1
1
1
1
1
1
1
1
1
1
1
1
1
1
1
1
1
1
1
1
1
1
1
1
1
1
1
1
1
1
1
1
1
1
1
1
1
1
1
1
1
1
1
1
1
1
1
1
1
1
1
1
1
1
1
1
1
1
1
1
1.5073958
1.2550819
1.1436025
1.5926522
1.4256726
1.1841183
1.1936888
1.071044
1
1
1
1
1
1
1
1
1
1
1
1
1
1
1
1
1
1
1
1
1
1
1
1
1
1
1
1
1
1
1
1
1
1
1
1
1
1
1
1
1
1
1
1
1
1
1
1
1
1
1
1
1
1
1
1
1
1
1
1
1
1
1
1
1
1
1
1
1
1
1
1
1
1
1
1
1
1
1
1
1
1
1
1
1
1
1
1
1
1
1
1
1
1
1
1
1
1
1
1
1
1
1
1
1
1
1
1
1
1
1
1
1
1
1
1
1
1
1
1
1
1
1
1
1
1
1
1
1
1
1
1
1
1
1
1
1
1
1
1
1
1
1
1
1
1
1
1
1
1
1
1
1
1
1
1
1
1
1
1
1
1
1
1
1
1
1
1
1
1
1
1
1
1
1
1
1
1
1
1
1
1
1
1
1
1
1
1
1
1
1
1
1
1
1
1
1
1
1
1
1
1
1
1
1
1
1
1
1
1
1
1
1
1
1
1
1
1
1
1
1
1
1
1
0.88552533
1.2872552
1.4975183
1.7355896
1.8550616
1.7341557
1.6069758
1.1587385
1
1
1
1
1
0.99721373
0.99940472
0.95919942
1
1
1
1
1
0.99933108
0.99663391
1.1410326
1
1
1
1
1
0.99952384
1
0.99237358
1
1
1
1
1
1
1
0.99783217
1
1
1
1
1
0.99999346
0.99191187
0.91425952
1
1
1
1
1
1
1
0.99289905
1
1
1
1
1
1
0.99071781
1.1959356
1
1
1
1
0.99988029
0.99998422
0.99920332
1.127779
1
1
1
1
1
1
1
1
1
1
0.9999973
0.99925904
1.1137377
0.97815373
0.96445999
1.2353939
1
1
1
1
1
1
1
1
1
1
1
1
0.99889449
0.99801546
0.98972151
1.0650546
1
1
1
1
1
1
1
1
1
1
1
1
1
1
1
1
1
1
1
0.99410188
0.99684711
1.2341727
0.83881105
0.79738058
0.99955092
1.351671
0.99243664
1.6069325
2.7504103
3.8570118
3.1415869
2.4886518
1
0.99891537
0.95037467
1.4536566
1.2085638
1.5139186
1.2556754
1.1955164
1.910934
6.4296964
7.044578
7.6576888
10.476174
8.7883207
9.2165355
4.5991461
1
1
1
0.99973099
0.99588627
0.98298744
1.2005547
1.4310325
0.99999987
0.98663036
1.229467
1.6861965
0.98430032
4.6158098
3.4960246
4.8874359
1
1
0.99971858
0.99349722
1.3119445
0.94291252
1.076041
1.6578537
1
2.1401936
1.7023391
1.1360557
1.7256215
3.3875076
4.7616653
6.7373758
1
1
1
1
1
1.1384528
0.92925801
0.98537431
0.99972084
0.97797277
1.7176872
2.5313487
2.9236137
5.550268
6.0987384
4.9044285
1
1
1
1
0.99935594
0.98943202
0.92645031
1.0904877
1
1.1492191
0.99873468
0.97953775
1.1684449
1.1001556
1.9993296
2.2985001
1
1
1
1
0.99962861
0.99870043
0.99665497
1.1075863
1
0.9999994
0.99992297
0.99706912
0.97890963
2.0885808
0.977138
2.4045575
1.2486307
0.87509543
0.95300845
1.1381618
1.7242098
1.8896706
2.1535356
1.6776182
1
1
1
1
1
0.99994539
0.99995833
1.1047417
1
1
1
1
1
1.2061803
0.98234523
1.1796529
1
1
1
1
1
1
1
0.98110434
1
1
1
1
1
1
1
0.99563877
1
1
1
1
0.998058
0.99560407
1
1.4033109
1
1
1
1
0.99997807
1
0.99758777
1.1965498
1
1
1
1
1
0.99932164
0.99650811
0.97445589
1
1
1
1
1
0.99914734
0.98030248
0.98042604
1
1
1
1
1
1
1
1
1
1
0.99949005
0.99995519
0.99613902
1.1278645
1.3391071
1.1519062
1
1
1
1
1
1
1
1
1
1
0.99955042
0.99997865
0.99997949
0.99892993
0.99996445
0.98965831
1
1
1
1
1
1
1
1
1
1
1
1
1
1
1
1
1
1
1
1
0.94081067
1.1664881
0.93740671
0.99378877
1.1525896
0.9885801
1.3193011
1.4210354
1.6690667
1.9519505
2.0788978
1.7969399
1
0.99991077
0.96448359
1.3436413
0.86014003
1.2635979
0.99832689
1.0160206
2.0568466
8.6896188
9.5494328
12.258105
13.109611
8.8016644
6.2241567
5.5908086
1
1
1
0.96152578
0.99369557
0.98369702
0.99535945
0.96515557
1
0.99975505
0.99254808
1.122271
1.4061617
0.9101679
1.8599342
5.3067498
1
1
0.99907204
0.99821188
0.99229595
1.0955534
1.3710076
1.0877788
1.016478
1.3579885
0.92187442
1.7178998
0.86380433
1.1428205
1.1163215
1.4716309
1
1
1
1
0.99996177
0.99226454
1.1800242
1.5980718
0.99115454
1.07835
1.2367231
1.8767903
2.1471082
2.1613482
2.2375364
2.3510479
1
1
1
1
0.99993867
0.99860519
0.99037319
1.0896
1
1.1540653
0.98929663
1.4106803
0.9596953
1.221985
1.2307537
1.0132491
1
1
1
1
0.99925986
1.2019998
0.99694571
1.1748145
1
1
0.99996446
0.99997192
1.1867036
0.99578139
0.98450198
0.96370631
0.99677703
0.92575621
1.6516385
2.1579912
1.9598492
2.4021638
2.0684455
2.0991567
1
1
1
1
1
1
1
1
1
1
1
1
1
1
1
1
1
1
1
1
1
1
1
1
1
1
1
1
1
1
1
1
1
1
1
1
1
1
1
1
1
1
1
1
1
1
1
1
1
1
1
1
1
1
1
1
1
1
1
1
1
1
1
1
1
1
1
1
1
1
1
1
1
1
1
1
1
1
1
1
1
1
1
1
1
1
1
1
1
1
1
1
1
1
1
1
1
1
1
1
1
1
1
1
1
1
1
1
1
1
1
1
1
1
1
1
1
1
1
1
1
1
1
1
1
1
1
1
1
1
1
1
1
1
1
1
1
1
1
1
1
1
1
1
1
1
1
1
1
1
1
1
1
1
1
1
1
1
1
1
1
1
1
1
1
1
1
1
1
1
1
1
1
1
1
1
1
1
1
1
1
1
1
1
1
1
1
1
1
1
1
1
1
1
1
1
1
1
1
1
1
1
1
1
1
1
1
1
1
1
1
1
1
1
1
1
1
1
1
1
1
1
1
1
1
1
1
1
1
1
1
1
1
1
1
1
1
1
1
1
1
1
1
1
1
1
1
1
1
1
1
1
1
1
1
1
1
1
1
1
1
1
1
1
1
1
1
1
1
1
1
1
1
1
1
1
1
1
1
1
1
1
1
1
1
1
1
1
1
1
1
1
1
1
1
1
1
1
1
1
1
1
1
1
1
1
1
1
1
1
1
1
1
1
1
1
1
1
1
1
1
1
1
1
1
1
1
1
1
1
1
1
1
1
1
1
1
1
1
1
1
1
1
1
1
1
1
1
1
1
1
1
1
1
1
1
1
1
1
1
1
1
1
1
1
1
1
1
1
1
1
1
1
1
1
1
1
1
1
1
1
1
1
1
1
1
1
1
1
1
1
1
1
1
1
1
1
1
1
1
1
1
1
1
1
1
1
1
1
1
1
1
1
1
1
1
1
1
1
1
1
1
1
1
1
1
1
1
1
1
1
1
1
1
1
1
1
1
1
1
1
1
1
1
1
1
1
1
1
1
1
1
1
1
1
1
1
1
1
1
1
1
1
1
1
1
1
1
1
1
1
1
1
1
1
1
1
1
1
1
1
1
1
1
1
1
1
1
1
1
1
1
1
1
1
1
1
1
1
1
1
1
1
1
1
1
1
1
1
1
1
1
1
1
1
1
1
1
1
1
1
1
1
1
1
1
1
1
1
1
1
1
1
1
1
1
1
1
1
1
1
1
1
1
1
1
1
1
1
1
1
1
1
1
1
1
1
1
1
1
1
1
1
1
1
1
1
1
1
1
1
1
1
1
1
1
1
1
1
1
1
1
1
1
1
1
1
1
1
1
1
1
1
1
1
1
1
1
1
1
1
1
1
1
1
1
1
1
1
1
1
1
1
1
1
1
1
1
1
1
1
1
1
1
1
1
1
1
1
1
1
1
1
1
1
1
1
1
1
1
1
1
1
1
1
1
1
1
1
1
1
1
1
1
1
1
1
1
1
1
1
1
1
1
1
1
1
1
1
1
1
1
1
1
1
1
1
1
1
1
1
1
1
1
1
1
1
1
1
1
1
1
1
1
1
1
1
1
1
1
1
1
1
1
1
1
1
1
1
1
1
1
1
1
1
1
1
1
1
1
1
1
1
1
1
1
1
1
1
1
1
1
1
1
1
1
1
1
1
1
1
1
1
1
1
1
1
1
1
1
1
1
1
1
1
1
1
1
1
1
1
1
1
1
1
1
1
1
1
1
1
1
1
1
1
1
1
1
1
1
1
1
1
1
1
1
1
1
1
1
1
1
1
1
1
1
1
1
1
1
1
1
1
1
1
1
1
1
1
1
1
1
1
1
1
1
1
1
1
1
1
1
1
1
1
1
1
1
1
1
1
1
1
1
1
1
1
1
1
1
1
1
1
1
1
1
1
1
1
1
1
1
1
1
1
1
1
1
1
1
1
1
1
1
1
1
1
1
1
1
1
1
1
1
1
1
1
1
1
1
1
1
1
1
1
1
1
1
1
1
1
1
1
1
1
1
1
1
1
1
1
1
1
1
1
1
1
1
1
1
1
1
1
1
1
1
1
1
1
1
1
1
1
1
1
1
1
1
1
1
1
1
1
1
0.99999693
0.97092088
1
1
1
1
1
0.98641454
0.98556613
0.97670654
1
1
1
1
1
1
1
0.99560421
1
1
1
1
1
1
0.99999005
1
1
1
1
1
0.9999988
1
0.99971694
0.99849475
1
1
1
1
1
1
1
0.98601334
1
1
1
1
1
0.99800004
1
0.9941022
1
1
1
1
1
0.99990618
1
1.1371237
1
1
1
1
1
1
1
1
1
1
0.99999828
0.97227225
0.98755923
1.1821201
0.98955356
1.1940368
1
1
1
1
1
1
1
1
1
1
1
1
0.99999955
0.95097682
0.99167765
0.99608793
1
1
1
1
1
1
1
1
1
1
1
1
1
1
1
1
1
1
1
1
0.99991905
0.99999945
1.1898811
1.1168468
1
0.93564074
1.1452597
1.9226636
2.1844286
3.0049323
2.4860499
2.0843707
1
0.98818184
0.79083689
1.1425458
1.4728529
1.3220033
1.0843182
0.78835276
1.1599277
1.0550618
1.2525477
1.2915059
1.2687736
1.2300968
1.2191034
1.4693512
1
1
1
0.99719509
0.99971486
0.99962101
1.1290694
0.99552558
0.93365318
0.9932172
1.024509
1.3006099
0.92039056
0.92233612
1.4215181
1.705286
1
1
1
0.99284602
0.93106574
0.9564879
1.046249
1.0997895
1.209624
0.93897852
1.1025925
1.3883345
1.270716
2.1209328
1.640965
2.5138211
1
1
1
1
1
1.1717926
0.95345794
1.1338014
0.9839154
1.0572111
1.2834523
1.4640115
1.1965108
1.7164189
1.6105913
2.1085455
1
1
1
1
1
1
1
0.97882901
0.99999229
0.99386299
0.9938473
1.38672
1.2387866
1.0143231
0.99493088
1.1934939
1
1
1
1
0.9998664
1
0.99998678
0.99138401
1
1.0855426
0.99483154
0.9772578
0.94562078
0.91483271
0.95770448
1.0956157
1.2448523
1.1746977
1.4726016
1.8120291
2.3330177
1.92624
2.1364608
2.3618959
1
1
1
1
0.99983493
0.98804401
0.96063721
0.88320715
1
1
1
1
1
0.99946051
0.98966453
1.164582
1
1
1
1
1
1
0.99907246
0.99302847
1
1
1
1
1
0.99508039
1.0297828
0.97553894
1
1
1
1
1
0.99993109
0.9923797
1.0095101
1
1
1
1
1
1
1
0.91579727
1
1
1
1
1
0.99693513
0.9998797
0.99635399
1
1
1
0.99985332
0.99995132
1.2192277
0.99977694
1.2060464
1
1
1
1
1
1
1
1
1
1
1
0.99950846
1.0068461
1.0368817
1.0465094
0.95333265
1
1
1
1
1
1
1
1
1
1
1
0.99999837
1
1.1539149
0.99983813
0.98978076
1
1
1
1
1
1
1
1
1
1
1
1
1
1
1
1
1
1
1
1
0.97773689
1.0528463
1.1190829
1.2803282
0.99998953
1.1150459
1.2110917
1.6042997
3.1356312
4.6410134
3.2499053
3.8622418
1
0.96753024
1.0782218
0.94550524
1.2392743
1.8416083
0.93005598
1.7286367
0.93963201
0.94891959
1.4024455
1.2461645
2.285396
1.3114103
2.4907851
1.7768183
1
1
0.99957203
0.99954348
1.1539066
0.99849869
0.96687288
1.1756019
1
0.99999474
0.96842488
1.1981136
0.90209124
1.2355724
1.1925268
1.6620546
1
1
1
0.97755818
0.98756588
1.0864844
1.4338477
1.3322607
0.99746717
1.1229002
0.73978287
1.5873375
1.5527075
1.3674945
1.8549026
3.4417521
1
1
1
0.99981195
1.1729402
0.97139814
1.077533
0.83843574
0.99983661
1.1303168
1.6608452
1.2630198
1.6130584
2.0647883
2.3758967
3.4737733
1
1
1
1
1
1
0.99912561
1.0843005
0.99793824
0.98680501
0.93785886
1.6358577
0.88944563
2.1939258
1.0076694
1.2183976
1
1
1
1
0.99963472
1
1
1.19419
0.99999955
0.9999935
1.2038947
0.99951322
1.2124461
0.99808209
0.99954671
1.3170429
0.97493834
0.96249993
1.1408753
2.5842193
3.3506734
2.9372246
3.3209741
2.7622756
1
1
1
1
1
1
1
1
1
1
1
1
1
1
1
1
1
1
1
1
1
1
1
1
1
1
1
1
1
1
1
1
1
1
1
1
1
1
1
1
1
1
1
1
1
1
1
1
1
1
1
1
1
1
1
1
1
1
1
1
1
1
1
1
1
1
1
1
1
1
1
1
1
1
1
1
1
1
1
1
1
1
1
1
1
1
1
1
1
1
1
1
1
1
1
1
1
1
1
1
1
1
1
1
1
1
1
1
1
1
1
1
1
1
1
1
1
1
1
1
1
1
1
1
1
1
1
1
1
1
1
1
1
1
1
1
1
1
1
1
1
1
1
1
1
1
1
1
1
1
1
1
1
1
1
1
1
1
1
1
1
1
1
1
1
1
1
1
1
1
1
1
1
1
1
1
1
1
1
1
1
1
1
1
1
1
1
1
1
1
1
1
1
1
1
1
1
1
1
1
1
1
1
1
1
1
1
1
1
1
1
1
1
1
1
1
1
1
1
1
1
1
1
1
1
1
1
1
1
1
1
1
1
1
1
1
1
1
1
1
1
1
1
1
1
1
1
1
1
1
1
1
1
1
1
1
1
1
1
1
1
1
1
1
1
1
1
1
1
1
1
1
1
1
1
1
1
1
1
1
1
1
1
1
1
1
1
1
1
1
1
1
1
1
1
1
1
1
1
1
1
1
1
1
1
1
1
1
1
1
1
1
1
1
1
1
1
1
1
1
1
1
1
1
1
1
1
1
1
1
1
1
1
1
1
1
1
1
1
1
1
1
1
1
1
1
1
1
1
1
1
1
1
1
1
1
1
1
1
1
1
1
1
1
1
1
1
1
1
1
1
1
1
1
1
1
1
1
1
1
1
1
1
1
1
1
1
1
1
1
1
1
1
1
1
1
1
1
1
1
1
1
1
1
1
1
1
1
1
1
1
1
1
1
1
1
1
1
1
1
1
1
1
1
1
1
1
1
1
1
1
1
1
1
1
1
1
1
1
1
1
1
1
1
1
1
1
1
1
1
1
1
1
1
1
1
0.85807257
2.7806927
2.4650707
3.1209438
3.3231172
2.4373701
2.5864417
2.7049948
1
1
1
1
1
1
1
1
1
1
1
1
1
1
1
1
1
1
1
1
1
1
1
1
1
1
1
1
1
1
1
1
1
1
1
1
1
1
1
1
1
1
1
1
1
1
1
1
1
1
1
1
1
1
1
1
1
1
1
1
1
1
1
1
1
1
1
1
1
1
1
1
1
1
1
1
1
1
1
1
1
1
1
1
1
1
1
1
1
1
1
1
1
1
1
1
1
1
1
1
1
1
1
1
1
1
1
1
1
1
1
1
1
1
1
1
1
1
1
1
1
1
1
1
1
1
1
1
1
1
1
1
1
1
1
1
1
1
1
1
1
1
1
1
1
1
1
1
1
1
1
1
1
1
1
1
1
1
1
1
1
1
1
1
1
1
1
1
1
1
1
1
1
1
1
1
1
1
1
1
1
1
1
1
1
1
1
1
1
1
1
1
1
1
1
1
1
1
1
1
1
1
1
1
1
1
1
1
1
1
1
1
1
1
1
1
1
1
1
1
1
1
1
1
1.881124
2.5885894
2.4718645
2.5663662
2.4954026
2.8030956
2.9422265
2.4430649
1
1
1
1
1
1
1
1
1
1
1
1
1
0.99291319
0.99888687
1.4388299
1
1
1
1
1
1
1
1
1
1
1
1
1
1
1
1.1512728
1
1
1
1
1
1
1
1
1
1
1
1
1
1
0.99961098
0.98183365
1
1
1
1
1
1
1
1
1
1
1
1
1
1
1
1.1877306
1
1
1
1
1
1
1
1
1
1
1
1.2099564
0.99893655
0.96634751
0.9753239
1.0567282
1
1
1
1
1
1
1
1
1
1
1
1
1.2104253
0.99820168
0.99832501
0.96444177
1
1
1
1
1
1
1
1
1
1
1
1
1
1
1
1
1
1
1
1
1
1
1
1
1
1.4269673
0.72734178
0.91490416
1.1581973
1.0444457
1.3521141
1.7213788
1
0.86717471
2.0007246
1.1562353
1.0021033
0.95359827
1.8808298
1.4191182
1.1044968
0.83557976
2.2200836
2.6619963
3.4718604
3.6659044
4.1966041
4.724716
1
1
1
0.99597877
0.97321747
0.97457404
0.96956926
0.91359556
1.3362196
0.68838798
1.1166264
1.2698521
0.97023589
0.74916769
1.0639972
1.0006621
1
1
1
0.99895739
1.0384629
1.0328386
1.0387234
0.74262878
0.83817773
1.2357465
1.2851764
1.678731
1.7547867
2.1503027
1.3708993
1.8798138
1
1
1
1
1
1
1
1
0.83180621
0.42799672
0.59094343
1.3749653
1.2887154
1.3969891
1.3544055
1.5865913
1
1
1
1
1
1
0.99796302
0.96763449
0.99415807
0.97577161
1.1445983
1.374298
1.2368653
1.4684148
1.0914559
1.8270947
1
1
0.99897803
0.99824293
0.99984944
0.99984057
1
0.9940693
1
1
0.99852557
0.89540428
1.19957
0.85871266
1.0162446
0.9113734
0.21387364
0.74756626
2.0491021
2.1990778
2.2004962
2.5723673
3.1125763
3.7127227
1
1
1
1
1
1
1
1
1
1
1
1
1
1
1
1
1
1
1
1
1
1
1
1
1
1
1
1
1
1
1
1
1
1
1
1
1
1
1
1
1
1
1
1
1
1
1
1
1
1
1
1
1
1
1
1
1
1
1
1
1
1
1
1
1
1
1
1
1
1
1
1
1
1
1
1
1
1
1
1
1
1
1
1
1
1
1
1
1
1
1
1
1
1
1
1
1
1
1
1
1
1
1
1
1
1
1
1
1
1
1
1
1
1
1
1
1
1
1
1
1
1
1
1
1
1
1
1
1
1
1
1
1
1
1
1
1
1
1
1
1
1
1
1
1
1
1
1
1
1
1
1
1
1
1
1
1
1
1
1
1
1
1
1
1
1
1
1
1
1
1
1
1
1
1
1
1
1
1
1
1
1
1
1
1
1
1
1
1
1
1
1
1
1
1
1
1
1
1
1
1
1
1
1
1
1
1
1
1
1
1
1
1
1
1
1
1
1
1
1
1
1
1
1
2.2834904
1.6882797
1.4701674
1.7179413
1.4988205
1.2196635
1.3291019
1.0899299
1
1
1
1
1
1
1
1
1
1
1
1
1
1
1
1
1
1
1
1
1
1
1
1
1
1
1
1
1
1
1
1
1
1
1
1
1
1
1
1
1
1
1
1
1
1
1
1
1
1
1
1
1
1
1
1
1
1
1
1
1
1
1
1
1
1
1
1
1
1
1
1
1
1
1
1
1
1
1
1
1
1
1
1
1
1
1
1
1
1
1
1
1
1
1
1
1
1
1
1
1
1
1
1
1
1
1
1
1
1
1
1
1
1
1
1
1
1
1
1
1
1
1
1
1
1
1
1
1
1
1
1
1
1
1
1
1
1
1
1
1
1
1
1
1
1
1
1
1
1
1
1
1
1
1
1
1
1
1
1
1
1
1
1
1
1
1
1
1
1
1
1
1
1
1
1
1
1
1
1
1
1
1
1
1
1
1
1
1
1
1
1
1
1
1
1
1
1
1
1
1
1
1
1
1
1
1
1
1
1
1
1
1
1
1
1
1
1
1
1
1
1
1
1
2.9380802
3.1455707
3.1614529
3.3991866
3.4574652
2.9077572
2.8472098
2.0769993
1
1
1
1
1
0.99995086
0.99714425
0.96098139
1
1
1
1
1
0.99181757
0.98762442
1.2690604
1
1
1
1
1
1
1
0.99940379
1
1
1
1
0.99908216
1
0.99966915
0.9960254
1
1
1
1
1
1
0.99997443
1.1806106
1
1
1
1
1
0.99992788
0.99996867
0.99131704
1
1
1
1
1
1
1
0.99769283
1
1
1
1
1
0.99947445
0.9890709
0.97294856
1
1
1
1
1
1
1
1
1
1.1894958
1
0.96830872
0.97371348
0.96926382
0.97419043
1.4419669
1
1
1
1
1
1
1
1
1
1
0.99995698
1
0.99514304
0.99089833
0.99704849
1.454606
1
1
1
1
1
1
1
1
1
1
1
1
1
1
1
1
1
1
1
1
0.99999862
0.99882815
1.1376131
0.90444718
0.98177244
0.94748629
0.82339399
1.9340231
3.1845152
3.952281
5.1808131
4.784706
1
1.3204921
1.5726123
1.6047098
1.3874685
1.8940634
1.8213448
1.2611753
0.61156072
1.5452061
1.2226086
1.4785684
1.7782339
2.5236635
3.1820001
2.4237687
1
1
1
0.99431484
0.98030377
1.1347628
1.3928211
1.3894243
0.98559218
0.94046245
1.0208721
1.5515069
1.0033322
1.588563
2.0776922
2.3056435
1
0.99974002
0.96639172
1.1597632
1.0477042
0.91726326
0.936704
1.0986449
1.0661259
1.0852401
1.3882957
1.8884339
3.4884487
3.2390288
2.8362929
3.6109745
1
1
1
0.99939073
0.99999392
1.1301832
0.97426414
0.93148283
1.2786661
1.9155271
1.8915308
3.1822106
3.778394
5.3921427
5.6164393
8.8808976
1
1
1
1
1
0.99840362
1.2133294
1.1627908
1.4152223
1.4562564
1.1361387
1.314468
2.5173195
1.611208
1.3165688
1.3567845
1
1
1
0.99995684
0.99997383
0.99984896
0.99354463
0.97812192
1
0.99966455
0.99751647
1.1943093
0.96442701
1.3991019
1.7741464
2.0938562
1.7936651
1.3204653
1.9730776
2.1838444
2.8053552
2.8110632
2.9661229
3.1078408
1
1
1
1
0.99999862
0.99153524
0.99964976
0.97947942
1
1
1
1
1
0.99860438
0.98611009
1.2464493
1
1
1
1
1
1
1
0.98997525
1
1
1
1
1
0.99575188
0.99008434
1.191712
1
1
1
1
1
0.99980736
0.99998992
0.99871896
1
1
1
1
0.99999806
0.99779799
0.99024756
2.1140027
1
1
1
1
0.99548737
0.99999976
1
0.99218199
1
1
1
1
1
1
0.98486497
0.99614464
1
1
1
1
1
1
1
1
1
1
0.99977517
0.99990788
0.97939058
1.1867539
1.0973341
1.3986441
1
1
1
1
1
1
1
1
1
0.99985794
1
0.99999998
0.99949492
0.99733521
0.99773647
0.99316814
1
1
1
1
1
1
1
1
1
1
1
1
1
1
1
1
1
1
1
1
0.99999559
0.99895852
0.99400991
1.3396557
0.9228726
0.71773946
0.87924553
1.0492662
1.2111206
2.1365094
1.9357915
3.0575303
1
1.0680986
1.538565
0.9590991
0.96398844
1.3725456
0.97986095
1.2164757
0.96606022
1.3398233
1.7734277
1.1365755
1.5030841
2.0348037
1.9693469
2.1242381
1
1
1
1
0.99946841
0.99467736
0.9959107
0.94328123
0.99786974
0.92030641
0.94020036
1.079953
0.90469817
0.96114994
1.1897026
2.2147544
1
1
0.99899153
1.1854952
0.98465498
1.1137733
0.94000904
0.93152246
1.0971037
1.0443448
0.93853547
0.91987353
0.86539299
1.3635714
1.5323882
1.7165463
1
1
1
1
0.99999946
0.99958297
1.1936991
1.1848993
0.94397431
0.87281143
1.1751685
1.0423988
1.3029042
1.5225205
1.7380809
2.8057758
1
1
1
1
1
0.99999513
0.96092768
0.97737599
1.1295417
0.75618689
0.88469129
1.4084308
0.79545338
1.5711033
1.3440181
1.3078951
1
1
1
1
1
0.99957758
0.99759499
0.99831862
0.99996635
0.99996727
0.97878387
1.015645
1.1043941
1.1353276
1.4043998
0.94489891
1.0532279
0.53086194
0.89680393
1.4300516
1.6950159
2.2837582
1.9957589
2.2088629
1
1
1
1
1
1
1
1
1
1
1
1
1
1
1
1
1
1
1
1
1
1
1
1
1
1
1
1
1
1
1
1
1
1
1
1
1
1
1
1
1
1
1
1
1
1
1
1
1
1
1
1
1
1
1
1
1
1
1
1
1
1
1
1
1
1
1
1
1
1
1
1
1
1
1
1
1
1
1
1
1
1
1
1
1
1
1
1
1
1
1
1
1
1
1
1
1
1
1
1
1
1
1
1
1
1
1
1
1
1
1
1
1
1
1
1
1
1
1
1
1
1
1
1
1
1
1
1
1
1
1
1
1
1
1
1
1
1
1
1
1
1
1
1
1
1
1
1
1
1
1
1
1
1
1
1
1
1
1
1
1
1
1
1
1
1
1
1
1
1
1
1
1
1
1
1
1
1
1
1
1
1
1
1
1
1
1
1
1
1
1
1
1
1
1
1
1
1
1
1
1
1
1
1
1
1
1
1
1
1
1
1
1
1
1
1
1
1
1
1
1
1
1
1
1
1
1
1
1
1
1
1
1
1
1
1
1
1
1
1
1
1
1
1
1
1
1
1
1
1
1
1
1
1
1
1
1
1
1
1
1
1
1
1
1
1
1
1
1
1
1
1
1
1
1
1
1
1
1
1
1
1
1
1
1
1
1
1
1
1
1
1
1
1
1
1
1
1
1
1
1
1
1
1
1
1
1
1
1
1
1
1
1
1
1
1
1
1
1
1
1
1
1
1
1
1
1
1
1
1
1
1
1
1
1
1
1
1
1
1
1
1
1
1
1
1
1
1
1
1
1
1
1
1
1
1
1
1
1
1
1
1
1
1
1
1
1
1
1
1
1
1
1
1
1
1
1
1
1
1
1
1
1
1
1
1
1
1
1
1
1
1
1
1
1
1
1
1
1
1
1
1
1
1
1
1
1
1
1
1
1
1
1
1
1
1
1
1
1
1
1
1
1
1
1
1
1
1
1
1
1
1
1
1
1
1
1
1
1
1
1
1
1
1
1
1
1
1
1
1
1
1
1
1
1
1
1
1
1
1
1
1
1
1
1
1
1
1
1
1
1
1
1
1
1
1
1
1
1
1
1
1
1
1
1
1
1
1
1
1
1
1
1
1
1
1
1
1
1
1
1
1
1
1
1
1
1
1
1
1
1
1
1
1
1
1
1
1
1
1
1
1
1
1
1
1
1
1
1
1
1
1
1
1
1
1
1
1
1
1
1
1
1
1
1
1
1
1
1
1
1
1
1
1
1
1
1
1
1
1
1
1
1
1
1
1
1
1
1
1
1
1
1
1
1
1
1
1
1
1
1
1
1
1
1
1
1
1
1
1
1
1
1
1
1
1
1
1
1
1
1
1
1
1
1
1
1
1
1
1
1
1
1
1
1
1
1
1
1
1
1
1
1
1
1
1
1
1
1
1
1
1
1
1
1
1
1
1
1
1
1
1
1
1
1
1
1
1
1
1
1
1
1
1
1
1
1
1
1
1
1
1
1
1
1
1
1
1
1
1
1
1
1
1
1
1
1
1
1
1
1
1
1
1
1
1
1
1
1
1
1
1
1
1
1
1
1
1
1
1
1
1
1
1
1
1
1
1
1
1
1
1
1
1
1
1
1
1
1
1
1
1
1
1
1
1
1
1
1
1
1
1
1
1
1
1
1
1
1
1
1
1
1
1
1
1
1
1
1
1
1
1
1
1
1
1
1
1
1
1
1
1
1
1
1
1
1
1
1
1
1
1
1
1
1
1
1
1
1
1
1
1
1
1
1
1
1
1
1
1
1
1
1
1
1
1
1
1
1
1
1
1
1
1
1
1
1
1
1
1
1
1
1
1
1
1
1
1
1
1
1
1
1
1
1
1
1
1
1
1
1
1
1
1
1
1
1
1
1
1
1
1
1
1
1
1
1
1
1
1
1
1
1
1
1
1
1
1
1
1
1
1
1
1
1
1
1
1
1
1
1
1
1
1
1
1
1
1
1
1
1
1
1
1
1
1
1
1
1
1
1
1
1
1
1
1
1
1
1
1
1
1
1
1
1
1
1
1
1
1
1
1
1
1
1
1
1
1
1
1
1
1
1
1
1
1
1
1
1
1
1
1
1
1
1
1
1
1
1
1
1
1
1
1
1
1
1
1
1
1
1
1
1
1
1
1
1
1
1
1
1
1
1
1
1
1
1
1
1
1
1
1
1
1
1
1
1
1
1
1
1
1
1
1
1
1
1
1
1
1
1
1
1
1
1
1
1
1
1
1
1
1
1
1
1
1
1
1
1
1
1
1
1
1
1
1
1
1
1
1
1
1
1
1
1
1
1
1
1
1
1
1
1
1
1
1
1
1
1
1
1
1
1
1
1
1
1
1
1
1
1
1
1
1
1
1
1
1
1
1
1
1
1
1
1
1
1
1
1
1
1
1
1
1
1
1
1
1
1
1
1
1
1
1
1
1
1
1
1
1
1
1
1
1
1
1
1
1
1
1
1
1
1
1
1
1
1
1
1
1
1
1
1
1
1
1
1
1
1
1
1
1
1
1
1
1
1
1
1
1
1
1
1
1
1
1
1
1
1
1
1
1
1
1
1
1
1
1
1
1
1
1
1
1
1
1
1
1
1
1
1
1
1
1
1
1
1
1
1
1
1
1
1
1
1
1
1
1
1
1
1
1
1
1
1
1
1
1
1
1
1
1
1
1
1
1
1
1
1
1
1
1
1
1
1
1
1
1
1
1
1
1
1
1
1
1
1
1
1
1
1
1
1
1
1
1
1
1
1
1
1
1
1
1
1
1
1
1
1
1
1
1
1
1
1
1
1
1
1
1
1
1
1
1
1
1
1
1
1
1
1
1
1
1
1
1
1
1
1
1
1
1
1
1
1
1
1
1
1
1
1
1
1
1
1
1
1
1
1
1
1
1
1
1
1
1
1
1
1
1
1
1
1
1
1
1
1
1
1
1
1
1
1
1
1
1
1
1
1
1
1
1
1
1
1
1
1
1
1
1
1
1
1
1
1
1
1
1
1
1
1
1
1
1
1
1
1
1
1
1
1
1
1
1
1
1
1
1
1
1
1
1
1
1
1
1
1
1
1
1
1
1
1
1
1
1
1
1
1
1
1
1
1
1
1
1
1
1
1
1
1
1
1
1
1
1
1
1
1
1
1
1
1
1
1
1
1
1
1
1
1
1
1
1
1
1
1
1
1
1
1
1
1
1
1
1
1
1
1
1
1
1
1
1
1
1
1
1
1
1
1
1
1
1
1
1
1
1
1
1
1
1
1
1
1
1
1
1
1
1
1
1
1
1
1
1
1
1
1
1
1
1
1
1
1
1
1
1
1
1
1
1
1
1
1
1
1
1
1
1
1
1
1
1
1
1
1
1
1
1
1
1
1
1
1
1
1
1
1
1
1
1
1
1
1
1
1
1
1
1
1
1
1
1
1
1
1
1
1
1
1
1
1
1
1
1
1
1
1
1
1
1
1
1
1
1
1
1
1
1
1
1
1
1
1
1
1
1
1
1
1
1
1
1
1
1
1
1
1
1
1
1
1
1
1
1
1
1
1
1
1
1
1
1
1
1
1
1
1
1
1
1
1
1
1
1
1
1
1
1
1
1
1
1
1
1
1
1
1
1
1
1
1
1
1
1
1
1
1
1
1
1
1
1
1
1
1
1
1
1
1
1
1
1
1
1
1
1
1
1
1
1
1
1
1
1
1
1
1
1
1
1
1
1
1
1
1
1
1
1
1
1
1
1
1
1
1
1
1
1
1
1
1
1
1
1
1
1
1
1
1
1
1
1
1
1
1
1
1
1
1
1
1
1
1
1
1
1
1
1
1
1
1
1
1
1
1
1
1
1
1
1
1
1
1
1
1
1
1
1
1
1
1
1
1
1
1
1
1
1
1
1
1
1
1
1
1
1
1
1
1
1
1
1
1
1
1
1
1
1
1
1
1
1
1
1
1
1
1
1
1
1
1
1
1
1
1
1
1
1
1
1
1
1
1
1
1
1
1
1
1
1
1
1
1
1
1
1
1
1
1
1
1
1
1
1
1
1
1
1
1
1
1
1
1
1
1
1
1
1
1
1
1
1
1
1
1
1
1
1
1
1
1
1
1
1
1
1
1
1
1
1
1
1
1
1
1
1
1
1
1
1
1
1
1
1
1
1
0.94369712
0.7075926
0.79943857
0.92044012
0.98281884
0.81720949
1.0044449
0.9406561
1
1
1
1
1
1
1
1
1
1
1
1
1
1
1
1
1
1
1
1
1
1
1
1
1
1
1
1
1
1
1
1
1
1
1
1
1
1
1
1
1
1
1
1
1
1
1
1
1
1
1
1
1
1
1
1
1
1
1
1
1
1
1
1
1
1
1
1
1
1
1
1
1
1
1
1
1
1
1
1
1
1
1
1
1
1
1
1
1
1
1
1
1
1
1
1
1
1
1
1
1
1
1
1
1
1
1
1
1
1
1
1
1
1
1
1
1
1
1
1
1
1
1
1
1
1
1
1
1
1
1
1
1
1
1
1
1
1
1
1
1
1
1
1
1
1
1
1
1
1
1
1
1
1
1
1
1
1
1
1
1
1
1
1
1
1
1
1
1
1
1
1
1
1
1
1
1
1
1
1
1
1
1
1
1
1
1
1
1
1
1
1
1
1
1
1
1
1
1
1
1
1
1
1
1
1
1
1
1
1
1
1
1
1
1
1
1
1
1
1
1
1
1
1
0.84183365
0.5373927
0.79889738
0.89068169
0.79638857
0.90149988
0.86846929
0.56872981
1
1
1
1
1
1
1
1
1
1
1
1
1
1
1
1
1
1
1
1
1
1
1
1
1
1
1
1
1
1
1
1
1
1
1
1
1
1
1
1
1
1
1
1
1
1
1
1
1
1
1
1
1
1
1
1
1
1
1
1
1
1
1
1
1
1
1
1
1
1
1
1
1
1
1
1
1
1
1
1
1
1
1
1
1
1
1
1
1
1
1
1
1
1
1
1
1
1
1
1
1
1
1
1
1
1
1
1
1
1
1
1
1
1
1
1
1
1
1
1
1
1
1
1
1
1
1
1
1
1
1
1
1
1
1
1
1
1
1
1
1
1
1
1
1
1
1
1
1
1
1
1
1
1
1
1
1
1
1
1
1
1
1
1
1
1
1
1
1
1
1
1
1
1
1
1
1
1
1
1
1
1
1
1
1
1
1
1
1
1
1
1
1
1
1
1
1
1
1
1
1
1
1
1
1
1
1
1
1
1
1
1
1
1
1
1
1
1
1
1
1
1
1
1
0.97391208
1.0167644
0.79651168
1.5212742
1.4411451
1.5683158
1.6851922
3.0662399
1
1
1
1
1
1
1
1
1
1
1
1
1
1
1
1
1
1
1
1
1
1
1
1
1
1
1
1
1
1
1
1
1
1
1
1
1
1
1
1
1
1
1
1
1
1
1
1
1
1
1
1
1
1
1
1
1
1
1
1
1
1
1
1
1
1
1
1
1
1
1
1
1
1
1
1
1
1
1
1
1
1
1
1
1
1
1
1
1
1
1
1
1
1
1
1
1
1
1
1
1
1
1
1
1
1
1
1
1
1
1
1
1
1
1
1
1
1
1
1
1
1
1
1
1
1
1
1
1
1
1
1
1
1
1
1
1
1
1
1
1
1
1
1
1
1
1
1
1
1
1
1
1
1
1
1
1
1
1
1
1
1
1
1
1
1
1
1
1
1
1
1
1
1
1
1
1
1
1
1
1
1
1
1
1
1
1
1
1
1
1
1
1
1
1
1
1
1
1
1
1
1
1
1
1
1
1
1
1
1
1
1
1
1
1
1
1
1
1
1
1
1
1
1
0.80687548
1.2105114
1.1179994
1.8351699
2.0269985
1.7054399
1.8829989
1.6821704
1
1
1
1
1
1
1
1
1
1
1
1
1
1
1
1
1
1
1
1
1
1
1
1
1
1
1
1
1
1
1
1
1
1
1
1
1
1
1
1
1
1
1
1
1
1
1
1
1
1
1
1
1
1
1
1
1
1
1
1
1
1
1
1
1
1
1
1
1
1
1
1
1
1
1
1
1
1
1
1
1
1
1
1
1
1
1
1
1
1
1
1
1
1
1
1
1
1
1
1
1
1
1
1
1
1
1
1
1
1
1
1
1
1
1
1
1
1
1
1
1
1
1
1
1
1
1
1
1
1
1
1
1
1
1
1
1
1
1
1
1
1
1
1
1
1
1
1
1
1
1
1
1
1
1
1
1
1
1
1
1
1
1
1
1
1
1
1
1
1
1
1
1
1
1
1
1
1
1
1
1
1
1
1
1
1
1
1
1
1
1
1
1
1
1
1
1
1
1
1
1
1
1
1
1
1
1
1
1
1
1
1
1
1
1
1
1
1
1
1
1
1
1
1
0.94892661
0.69071139
1.1397889
1.3180641
1.2709275
1.228853
1.364607
1.1145299
1
1
1
1
1
1
1
1
1
1
1
1
1
1
1
1
1
1
1
1
1
1
1
1
1
1
1
1
1
1
1
1
1
1
1
1
1
1
1
1
1
1
1
1
1
1
1
1
1
1
1
1
1
1
1
1
1
1
1
1
1
1
1
1
1
1
1
1
1
1
1
1
1
1
1
1
1
1
1
1
1
1
1
1
1
1
1
1
1
1
1
1
1
1
1
1
1
1
1
1
1
1
1
1
1
1
1
1
1
1
1
1
1
1
1
1
1
1
1
1
1
1
1
1
1
1
1
1
1
1
1
1
1
1
1
1
1
1
1
1
1
1
1
1
1
1
1
1
1
1
1
1
1
1
1
1
1
1
1
1
1
1
1
1
1
1
1
1
1
1
1
1
1
1
1
1
1
1
1
1
1
1
1
1
1
1
1
1
1
1
1
1
1
1
1
1
1
1
1
1
1
1
1
1
1
1
1
1
1
1
1
1
1
1
1
1
1
1
1
1
1
1
1
1
0.93645325
1.0749048
1.587689
1.9963387
2.3693284
2.8068331
3.5291383
2.7713933
1
1
1
1
1
1
1
1
1
1
1
1
1
1
1
1
1
1
1
1
1
1
1
1
1
1
1
1
1
1
1
1
1
1
1
1
1
1
1
1
1
1
1
1
1
1
1
1
1
1
1
1
1
1
1
1
1
1
1
1
1
1
1
1
1
1
1
1
1
1
1
1
1
1
1
1
1
1
1
1
1
1
1
1
1
1
1
1
1
1
1
1
1
1
1
1
1
1
1
1
1
1
1
1
1
1
1
1
1
1
1
1
1
1
1
1
1
1
1
1
1
1
1
1
1
1
1
1
1
1
1
1
1
1
1
1
1
1
1
1
1
1
1
1
1
1
1
1
1
1
1
1
1
1
1
1
1
1
1
1
1
1
1
1
1
1
1
1
1
1
1
1
1
1
1
1
1
1
1
1
1
1
1
1
1
1
1
1
1
1
1
1
1
1
1
1
1
1
1
1
1
1
1
1
1
1
1
1
1
1
1
1
1
1
1
1
1
1
1
1
1
1
1
1
0.99981644
0.99601626
0.95573197
1.2359416
0.97857347
1.2133624
1.8281482
1.6866517
1
1
1
1
1
1
1
1
1
1
1
1
1
1
1
1
1
1
1
1
1
1
1
1
1
1
1
1
1
1
1
1
1
1
1
1
1
1
1
1
1
1
1
1
1
1
1
1
1
1
1
1
1
1
1
1
1
1
1
1
1
1
1
1
1
1
1
1
1
1
1
1
1
1
1
1
1
1
1
1
1
1
1
1
1
1
1
1
1
1
1
1
1
1
1
1
1
1
1
1
1
1
1
1
1
1
1
1
1
1
1
1
1
1
1
1
1
1
1
1
1
1
1
1
1
1
1
1
1
1
1
1
1
1
1
1
1
1
1
1
1
1
1
1
1
1
1
1
1
1
1
1
1
1
1
1
1
1
1
1
1
1
1
1
1
1
1
1
1
1
1
1
1
1
1
1
1
1
1
1
1
1
1
1
1
1
1
1
1
1
1
1
1
1
1
1
1
1
1
1
1
1
1
1
1
1
1
1
1
1
1
1
1
1
1
1
1
1
1
1
1
1
1
1
1
1
1
1
1
1
1
1
1
1
1
1
1
1
1
1
1
1
1
1
1
1
1
1
1
1
1
1
1
1
1
1
1
1
1
1
1
1
1
1
1
1
1
1
1
1
1
1
1
1
1
1
1
1
1
1
1
1
1
1
1
1
1
1
1
1
1
1
1
1
1
1
1
1
1
1
1
1
1
1
1
1
1
1
1
1
1
1
1
1
1
1
1
1
1
1
1
1
1
1
1
1
1
1
1
1
1
1
1
1
1
1
1
1
1
1
1
1
1
1
1
1
1
1
1
1
1
1
1
1
1
1
1
1
1
1
1
1
1
1
1
1
1
1
1
1
1
1
1
1
1
1
1
1
1
1
1
1
1
1
1
1
1
1
1
1
1
1
1
1
1
1
1
1
1
1
1
1
1
1
1
1
1
1
1
1
1
1
1
1
1
1
1
1
1
1
1
1
1
1
1
1
1
1
1
1
1
1
1
1
1
1
1
1
1
1
1
1
1
1
1
1
1
1
1
1
1
1
1
1
1
1
1
1
1
1
1
1
1
1
1
1
1
1
1
1
1
1
1
1
1
1
1
1
1
1
1
1
1
1
1
1
1
1
1
1
1
1
1
1
1
1
1
1
1
1
1
1
1
1
1
1
1
1
1
1
1
1
1
1
1
1
1
1
1
1
1
1
1
1
1
1
1
1
1
1
1
1
1
1
1
1
1
1
1
1
1
1
1
1
1
1
1
1
1
1
1
1
1
1
1
1
1
1
1
1
1
1
1
1
1
1
1
1
1
1
1
1
1
1
1
1
1
1
1
1
1
1
1
1
1
1
1
1
1
1
1
1
1
1
1
1
1
1
1
1
1
1
1
1
1
1
1
1
1
1
1
1
1
1
1
1
1
1
1
1
1
1
1
1
1
1
1
1
1
1
1
1
1
1
1
1
1
1
1
1
1
1
1
1
1
1
1
1
1
1
1
1
1
1
1
1
1
1
1
1
1
1
1
1
1
1
1
1
1
1
1
1
1
1
1
1
1
1
1
1
1
1
1
1
1
1
1
1
1
1
1
1
1
1
1
1
1
1
1
1
1
1
1
1
1
1
1
1
1
1
1
1
1
1
1
1
1
1
1
1
1
1
1
1
1
1
1
1
1
1
1
1
1
1
1
1
1
1
1
1
1
1
1
1
1
1
1
1
1
1
1
1
1
1
1
1
1
1
1
1
1
1
1
1
1
1
1
1
1
1
1
1
1
1
1
1
1
1
1
1
1
1
1
1
1
1
1
1
1
1
1
1
1
1
1
1
1
1
1
1
1
1
1
1
1
1
1
1
1
1
1
1
1
1
1
1
1
1
1
1
1
1
1
1
1
1
1
1
1
1
1
1
1
1
1
1
1
1
1
1
1
1
1
1
1
1
1
1
1
1
1
1
1
1
1
1
1
1
1
1
1
1
1
1
1
1
1
1
1
1
1
1
1
1
1
1
1
1
1
1
1
1
1
1
1
1
1
1
1
1
1
1
1
1
1
1
1
1
1
1
1
1
1
1
1
1
1
1
1
1
1
1
1
1
1
1
1
1
1
1
1
1
1
1
1
1
1
1
1
1
1
1
1
1
1
0.99968813
1
1
1
1
1
1
1
0.99977895
1
1
1
1
1
1
1
1
1
1
1
1
1
1
1
1
1
1
1
1
1
1
1
0.99689048
1
1
1
1
1
1
1
1
1
1
1
1
1
1
1
1
1
1
1
1
1
1
1
0.99996615
1
1
1
1
1
1
1
1
1
1
1
1
1
0.9999998
1
0.99997598
1
1
1
1
1
1
1
1
1
1
1
1
1
1
1
0.9999794
1
1
1
1
1
1
1
1
1
1
1
1
1
1
1
1
1
1
1
1
1
1
1
0.99529175
1
1
0.99999989
1
1
0.99830953
0.99057099
0.99519612
1
1
1
1
0.99998214
0.98727407
0.99461092
0.83041204
1
0.99999951
1
0.99787847
0.99445284
0.99207437
0.993606
0.88708615
1
1
1
1
1
1
0.99367713
0.97262189
1
1
1
0.99999847
1.2158218
1
0.99999869
1.211698
1
1
1
0.99995438
0.99995682
0.99998486
0.98883205
0.95118265
1
1
1
0.99999133
0.99997958
0.99998382
0.99899538
0.97319403
1
1
1
1
1
1
1
0.99667275
1
1
1
0.99998861
0.99997252
0.99991477
1.2039934
1.1194869
1
1
1
1
1
1
1
0.99768783
1
1
1
1
1
1
0.99999402
0.99998559
1
1
1
1
1
1
1
0.99996445
1
1
1
1
1
1
1
0.99997208
1
1
0.99595583
0.99769805
1.447189
1.4023522
1.3153412
4.3654543
1
1
1
1
1
1
1
0.99799523
1
1
1
1
1
1
1
1
1
1
1
1
1
1
1
1
1
1
1
1
1
1
1
1
1
1
1
1
1
1
1
1.1389446
1
1
1
1
1
1
1
1
1
1
1
1
1
1
1
0.99998812
1
1
1
1
1
1
1
1
1
1
1
1
1
1
1
1
1
1
1
1
1
1
1
0.99999164
1
1
1
1
1
1
1
1
1
1
1
1
1
1
1
1
1
1
1
1
1
1
1
1
1
1
1
1
1
1
1
1
1
1
1
1
1
1
1
0.97876927
1
1
1
1
0.99999952
0.9999678
1.2106762
1.1329559
1
1
1
1
0.99998585
0.99163731
0.99768671
0.92450711
1
1
1
0.99900972
0.99678002
0.89044562
0.95128416
1.2402494
1
1
1
1
1
1
1
0.94598749
1
1
1
1
1
1
0.99990348
0.99674382
1
1
1
1
1
1
1
0.96370605
1
1
1
1
1
0.99996205
0.9967841
1.0966237
1
1
1
1
1
1
1
0.99813847
1
1
1
1
1
0.99999984
0.99986343
0.9943468
1
1
1
1
1
1
0.99991301
1.143341
1
1
1
1
1
1
1
0.99915744
1
1
1
1
1
1
1
0.99731572
1
1
1
1
1
1
1
0.99914581
1
1
1
0.99963498
0.94691372
0.93969405
1.3339765
2.156499
1
1
1
1
1
1
1
1
1
1
1
1
1
1
1
1
1
1
1
1
1
1
1
1
1
1
1
1
1
1
1
1
1
1
1
1
1
1
1
1
1
1
1
1
1
1
1
1
1
1
1
1
1
1
1
1
1
1
1
1
1
1
1
1
1
1
1
1
1
1
1
1
1
1
1
1
1
1
1
1
1
1
1
1
1
1
1
1
1
1
1
1
1
1
1
1
1
1
1
1
1
1
1
1
1
1
1
1
1
1
1
1
1
1
1
1
1
1
1
1
1
1
1
1
1
1
1
1
1
1
1
1
1
1
1
1
1
1
1
1
1
1
1
1
1
1
1
1
1
1
1
1
1
1
1
1
1
1
1
1
1
1
1
1
1
1
1
1
1
1
1
1
1
1
1
1
1
1
1
1
1
1
1
1
1
1
1
1
1
1
1
1
1
1
1
1
1
1
1
1
1
1
1
1
1
1
1
1
1
1
1
1
1
1
1
1
1
1
1
1
1
1
1
1
1
1
1
1
1
1
1
1
1
1
1
1
1
1
1
1
1
1
1
1
1
1
1
1
1
1
1
1
1
1
1
1
1
1
1
1
1
1
1
1
1
1
1
1
1
1
1
1
1
1
1
1
1
1
1
1
1
1
1
1
1
1
1
1
1
1
1
1
1
1
1
1
1
1
1
1
1
1
1
1
1
1
1
1
1
1
1
1
1
1
1
1
1
1
1
1
1
1
1
1
1
1
1
1
1
1
1
1
1
1
1
1
1
1
1
1
1
1
1
1
1
1
1
1
1
1
1
1
1
1
1
1
1
1
1
1
1
1
1
1
1
1
1
1
1
1
1
1
1
1
1
1
1
1
1
1
1
1
1
1
1
1
1
1
1
1
1
1
1
1
1
1
1
1
1
1
1
1
1
1
1
1
1
1
1
1
1
1
1
1
1
1
1
1
1
1
1
1
1
1
1
1
1
1
1
1
1
1
1
1
1
1
1
1
1
1
1
1
1
1
1
1
1
1
1
1
1
1
1
1
1
1
0.99741289
1.733983
1.7864615
2.1639831
1.8833254
1.6190434
1.3717975
0.88021985
1
1
1
1
1
1
1
1
1
1
1
1
1
1
1
1
1
1
1
1
1
1
1
1
1
1
1
1
1
1
1
1
1
1
1
1
1
1
1
1
1
1
1
1
1
1
1
1
1
1
1
1
1
1
1
1
1
1
1
1
1
1
1
1
1
1
1
1
1
1
1
1
1
1
1
1
1
1
1
1
1
1
1
1
1
1
1
1
1
1
1
1
1
1
1
1
1
1
1
1
1
1
1
1
1
1
1
1
1
1
1
1
1
1
1
1
1
1
1
1
1
1
1
1
1
1
1
1
1
1
1
1
1
1
1
1
1
1
1
1
1
1
1
1
1
1
1
1
1
1
1
1
1
1
1
1
1
1
1
1
1
1
1
1
1
1
1
1
1
1
1
1
1
1
1
1
1
1
1
1
1
1
1
1
1
1
1
1
1
1
1
1
1
1
1
1
1
1
1
1
1
1
1
1
1
1
1
1
1
1
1
1
1
1
1
1
1
1
1
1
1
1
1
1
0.59281554
0.95334011
1.5150149
1.6684172
1.8199804
1.4043334
1.1720741
0.53521441
1
1
1
1
1
1
1
1
1
1
1
1
1
1
1
1
1
1
1
1
1
1
1
1
1
1
1
1
1
1
1
1
1
1
1
1
1
1
1
1
1
1
1
1
1
1
1
0.99975497
1
1
1
1
1
1
1
1
1
1
1
1
1
1
1
0.99948188
1
1
1
1
1
1
1
1
1
1
1
1
1
1
1
1.1057954
1
1
1
1
1
1
1
1
1
1
1
1
1
1
1
0.99974829
1
1
1
1
1
1
1
1
1
1
1
1
1
1
1
1
1
1
1
1
1
1
1
1
1
1
1
1
1
0.99996014
0.99917517
1.2057914
1
1
0.99997079
0.99878271
0.99920606
0.99867465
0.99444576
0.90735178
1
0.99931897
0.99702524
0.97105451
1.1686972
1.1335508
0.92743077
1.2231162
1
1
1
1
0.99591926
1
1
0.99970952
1
1
1
1
0.99999566
0.99960918
0.99991385
0.99742964
1
1
1
1
1
1
0.99708765
1.1780301
1
0.99997717
0.9999731
0.99888716
0.99939991
0.99803571
0.99963908
0.99433305
1
1
1
1
1
1
1
1
1
1
1
0.99989108
0.99992812
0.99990699
1
1.0612414
1
1
1
1
1
1
1
0.9668396
1
1
1
1
1
1
0.9999514
1.1118665
1
1
1
1
1
1
1
0.99988722
1
1
1
1
1
1
1
0.9994528
1.1850019
1.5609845
0.83100698
1.2249855
1.3754534
1.4168979
1.6778609
1.4234234
1
1
1
1
1
1
1
1
1
1
1
1
1
1
1
1
1
1
1
1
1
1
1
1
1
1
1
1
1
1
1
1
1
1
1
1
1
1
1
1
1
1
1
1
1
1
1
1
1
1
1
1
1
1
1
1
1
1
1
1
1
1
1
1
1
1
1
1
1
1
1
1
1
1
1
1
1
1
1
1
1
1
1
1
1
1
1
1
1
1
1
1
1
1
1
1
1
1
1
1
1
1
1
1
1
1
1
1
1
1
1
1
1
1
1
1
1
1
1
1
1
1
1
1
1
1
1
1
1
1
1
1
1
1
1
1
1
1
1
1
1
1
1
1
1
1
1
1
1
1
1
1
1
1
1
1
1
1
1
1
1
1
1
1
1
1
1
1
1
1
1
1
1
1
1
1
1
1
1
1
1
1
1
1
1
1
1
1
1
1
1
1
1
1
1
1
1
1
1
1
1
1
1
1
1
1
1
1
1
1
1
1
1
1
1
1
1
1
1
1
1
1
1
1
0.94191303
1.3338859
1.2163094
1.6091915
1.6690859
1.4256511
1.4040998
1.356995
1
1
1
1
1
1
1
1
1
1
1
1
1
1
1
1
1
1
1
1
1
1
1
1
1
1
1
1
1
1
1
1
1
1
1
1
1
1
1
1
1
1
1
1
1
1
1
1
1
1
1
1
1
1
1
1
1
1
1
1
1
1
1
1
1
1
1
1
1
1
1
1
1
1
1
1
1
1
1
1
1
1
1
1
1
1
1
1
1
1
1
1
1
1
1
1
1
1
1
1
1
1
1
1
1
1
1
1
1
1
1
1
1
1
1
1
1
1
1
1
1
1
1
1
1
1
1
1
1
1
1
1
1
1
1
1
1
1
1
1
1
1
1
1
1
1
1
1
1
1
1
1
1
1
1
1
1
1
1
1
1
1
1
1
1
1
1
1
1
1
1
1
1
1
1
1
1
1
1
1
1
1
1
1
1
1
1
1
1
1
1
1
1
1
1
1
1
1
1
1
1
1
1
1
1
1
1
1
1
1
1
1
1
1
1
1
1
1
1
1
1
1
1
1
0.94183003
1.565094
1.626942
2.0997018
1.604379
1.8967762
1.5380114
0.84045801
1
1
1
1
1
1
0.99987926
0.99950314
1
1
1
1
1
1
1
0.99997989
1
1
1
1
1
1
1
0.99244653
1
1
1
1
1
1
1
1
1
1
1
1
1
0.99926701
1
0.9980958
1
1
1
1
1
1
1
0.99977555
1
1
1
1
1
1
1
0.9990165
1
1
1
1
1
1
0.99999722
0.99998907
1
1
1
1
1
1
1
1
1
1
1
1
1
0.99739125
1
0.99838524
1
1
1
1
1
1
1
1
1
1
1
1
1
1
0.99972858
0.99993596
1
1
1
1
1
1
1
1
1
1
1
1
1
1
1
1
1
1
1
1
1
0.99998856
1
0.98939308
1
1
1
1
0.99999967
0.99961438
1.1849966
0.97539558
1
1
0.99997067
0.99996697
0.99548458
1.215415
0.99239322
0.88955475
1
1
0.99871003
0.99911812
0.99278843
0.9808379
1.1598331
0.99040973
1
1
1
1
1
0.99999623
1
0.99235361
1
0.99997759
0.99999804
1
0.99981515
0.9995691
0.99932434
0.99299819
1
1
1
0.99935089
0.99933044
0.99915022
0.99624471
1.0824032
1
1
0.99995628
0.99999859
0.99793101
0.99873465
0.99554054
0.97826361
1
1
1
1
1
1
1
0.99044251
1
1
1
0.99999999
0.99572583
0.99592346
0.99947363
1.013051
1
1
1
1
1
1
1
0.99790677
1
1
1
1
1
0.99999872
0.99999151
0.99811971
1
1
1
1
1
1
1
0.99952296
1
1
1
1
1
0.99991353
0.99984141
0.99917924
0.90962353
1.1149861
1.0640859
1.167928
1.8388941
2.1838474
1.9742025
1.6538272
1
1
1
1
1
1
1
0.99969813
1
1
1
1
1
1
1
1
1
1
1
1
1
1
1
0.99975795
1
1
1
1
1
1
1
0.99926886
1
1
1
1
1
1
0.99948132
0.99998374
1
1
1
1
1
1
1
0.99640266
1
1
1
1
1
1
1
0.99831797
1
1
1
1
1
1
1
0.99993325
1
1
1
1
1
1
1
1
1
1
1
1
1
1
1
0.99937542
1
1
1
1
1
1
1
1
1
1
1
1
1
1
0.99999967
1
1
1
1
1
1
1
1
1
1
1
1
1
1
1
1
1
1
1
1
1
1
1
0.99477308
0.97744527
1
1
1
0.99999817
0.99994809
0.99979027
0.99948317
0.97742735
1
1
1
0.99997777
1.1993771
0.98360624
1.1388372
1.0599676
1
1
0.98614616
0.99024431
0.98945955
0.98364444
0.99294245
1.2127578
1
1
1
1
1
1
1
0.99909467
1
1
1
1
1
0.99999974
0.99992472
0.99087685
1
1
1
1
1
1
0.99903114
0.96726818
1
1
1
0.99999669
0.99999961
0.99995152
0.99139274
1.184748
1
1
1
1
1
1
1
0.99327296
1
1
1
0.99999872
0.99841506
0.99999875
0.9999593
0.98467601
1
1
1
1
1
1
1
1.336858
1
1
1
1
1
1
1
0.99944312
1
1
1
1
1
1
1
0.99960798
1
0.99999922
1
1
1
1
1
0.99747883
0.99996753
0.99943224
0.92457025
1.2725477
1.0322043
0.95916378
0.86797164
1.2714448
1
1
1
1
1
1
1
1
1
1
1
1
1
1
1
1
1
1
1
1
1
1
1
1
1
1
1
1
1
1
1
1
1
1
1
1
1
1
1
1
1
1
1
1
1
1
1
1
1
1
1
1
1
1
1
1
1
1
1
1
1
1
1
1
1
1
1
1
1
1
1
1
1
1
1
1
1
1
1
1
1
1
1
1
1
1
1
1
1
1
1
1
1
1
1
1
1
1
1
1
1
1
1
1
1
1
1
1
1
1
1
1
1
1
1
1
1
1
1
1
1
1
1
1
1
1
1
1
1
1
1
1
1
1
1
1
1
1
1
1
1
1
1
1
1
1
1
1
1
1
1
1
1
1
1
1
1
1
1
1
1
1
1
1
1
1
1
1
1
1
1
1
1
1
1
1
1
1
1
1
1
1
1
1
1
1
1
1
1
1
1
1
1
1
1
1
1
1
1
1
1
1
1
1
1
1
1
1
1
1
1
1
1
1
1
1
1
1
1
1
1
1
1
1
1
1
1
1
1
1
1
1
1
1
1
1
1
1
1
1
1
1
1
1
1
1
1
1
1
1
1
1
1
1
1
1
1
1
1
1
1
1
1
1
1
1
1
1
1
1
1
1
1
1
1
1
1
1
1
1
1
1
1
1
1
1
1
1
1
1
1
1
1
1
1
1
1
1
1
1
1
1
1
1
1
1
1
1
1
1
1
1
1
1
1
1
1
1
1
1
1
1
1
1
1
1
1
1
1
1
1
1
1
1
1
1
1
1
1
1
1
1
1
1
1
1
1
1
1
1
1
1
1
1
1
1
1
1
1
1
1
1
1
1
1
1
1
1
1
1
1
1
1
1
1
1
1
1
1
1
1
1
1
1
1
1
1
1
1
1
1
1
1
1
1
1
1
1
1
1
1
1
1
1
1
1
1
1
1
1
1
1
1
1
1
1
1
1
1
1
1
1
1
1
1
1
1
1
1
1
1
1
1
1
1
1
1
1
1
1
1
1
1
1
1
1
1
1
1
1
1
1
1
1
1
1
1
1
1
1
1
1
1
1
1
1
1
1
1
1
1
1
1
1
1
1
1
1
1
1
1
1
1
1
1
1
1
1
1
1
1
1
1
1
1
1
1
1
1
1
1
1
1
1
1
1
1
1
1
1
1
1
1
1
1
1
1
1
1
1
1
1
1
1
1
1
1
1
1
1
1
1
1
1
1
1
1
1
1
1
1
1
1
1
1
1
1
1
1
1
1
1
1
1
1
1
1
1
1
1
1
1
1
1
1
1
1
1
1
1
1
1
1
1
1
1
1
1
1
1
1
1
1
1
1
1
1
1
1
1
1
1
1
1
1
1
1
1
1
1
1
1
1
1
1
1
1
1
1
1
1
1
1
1
1
1
1
1
1
1
1
1
1
1
1
1
1
1
1
1
1
1
1
1
1
1
1
1
1
1
1
1
1
1
1
1
1
1
1
1
1
1
1
1
1
1
1
1
1
1
1
1
1
1
1
1
1
1
1
1
1
1
1
1
1
1
1
1
1
1
1
1
1
1
1
1
1
1
1
1
1
1
1
1
1
1
1
1
1
1
1
1
1
1
1
1
1
1
1
1
1
1
1
1
1
1
1
1
1
1
1
1
1
1
1
1
1
1
1
1
1
1
1
1
1
1
1
1
1
1
1
1
1
1
1
1
1
1
1
1
1
1
1
1
1
1
1
1
1
1
1
1
1
1
1
1
1
1
1
1
1
1
1
1
1
1
1
1
1
1
1
1
1
1
1
1
1
1
1
1
1
1
1
1
1
1
1
1
1
1
1
1
1
1
1
1
1
1
1
1
1
1
1
1
1
1
1
1
1
1
1
1
1
1
1
1
1
1
1
1
1
1
1
1
1
1
1
1
1
1
1
1
1
1
1
1
1
1
1
1
1
1
1
1
1
1
1
1
1
1
1
1
1
1
1
1
1
1
1
1
1
1
1
1
1
1
1
1
1
1
1
1
1
1
1
1
1
1
1
1
1
1
1
1
1
1
1
1
1
1
1
1
1
1
1
1
1
1
1
1
1
1
1
1
1
1
1
1
1
1
1
1
1
1
1
1
1
1
1
1
1
1
1
1
0.99973254
0.99914507
1
1
1
1
1
1
1.2168888
1.3691658
1
1
1
1
1
1
1
1
1
1
1
1
1
1
1
1
1
1
1
1
1
1
1
1
1
1
1
1
1
1
1
0.9998053
1
1
1
1
1
1
1
1
1
1
1
1
1
0.99997909
1
0.99639161
1
1
1
1
1
1
1
1
1
1
1
1
1
1
1
0.99960129
1
1
1
1
1
1
1
1
1
1
1
1
1
1
1
1
1
1
1
1
1
1
1
1
1
1
1
1
1
1
1
1
1
1
1
1
1
0.99944492
1
0.99986232
1
1
1.3434612
1.4187538
1.1196307
1.3054307
1.1631281
2.8677582
1
1
0.98092324
0.95967578
0.9510862
0.96594631
0.99905222
1.2418323
1
1.3644008
1.3634159
3.1123967
1.6593303
2.9044726
1.2973049
2.1947732
1
1
1
0.99841751
0.91935459
0.99993882
0.99939699
0.99906435
1
1
1
1.1693722
1.1366217
0.98008423
1.3417681
1.758907
1
1
1
0.99953284
0.99564967
0.99408076
0.99511698
1.240316
1
1.1833344
0.9945916
1.7345398
0.95680012
2.3714458
2.4671642
2.420523
1
1
1
1
1
1
1
0.99913026
1
0.99999947
0.99297699
1.2576429
1.0827478
0.99187691
1.5161219
2.1570943
1
1
1
1
1
1
1
0.99886758
1
1
1
1
0.99997461
0.99913406
0.9988531
1.2148943
1
1
1
1
1
1
1
0.9905855
1
1
1
1
0.99998578
0.9999498
1
0.99928122
0.95595594
1.3722115
1.7644984
1.3015862
1.8268874
1.8434802
2.1055862
3.2610763
1
1
1
1
1
1
1
0.97964106
1
1
1
1
1
1
0.99996715
0.99961541
1
1
1
1
1
1
1
0.99892456
1
1
1
1
1
1
1
0.99843209
1
1
1
1
1
1
1
0.99715035
1
1
1
1
1
1
1
0.99826472
1
1
1
1
1
1
1
0.9990357
1
1
1
1
1
1
1
1
1
1
1
1
1
1
1
1
1
1
1
1
0.99999995
0.99941583
0.99883304
0.99998734
1
1
1
1
1
1
1
1
1
1
1
1
1
0.99981166
1
0.99999584
1
1
1
1
1
1
1
1
1
1
1
1
1
1
1
1
1
1
1
1
1
1
1
0.99453494
1
0.99818293
0.99651656
0.97275459
1.1896676
1.5384689
1.95465
5.2031179
1
1
1
0.99644382
1
0.99285797
0.89785865
0.94363187
1
1
1.3280759
1.6057393
1.2250526
1.4415838
1.919479
2.85882
1
1
1
1
1
1
1
0.84054289
1
1
1
1.2093814
0.99344858
1.3822918
0.95621668
1.2829552
1
1
1
1
0.98737201
0.99982238
0.99899421
0.94128014
1
1
0.99890419
0.95198939
1.1228315
0.88678042
1.4938109
3.8217247
1
1
1
1
0.99998892
1
0.97580424
0.99566008
1
1
0.99568324
1.1624849
1.1695409
1.1326584
1.0698337
2.5884624
1
1
1
1
1
1
1
0.99782576
1
1
0.99989965
0.99990271
0.9999402
1.2099854
0.99718254
0.97817857
1
1
1
1
1
1
1
0.9984088
1
1
0.99990893
1
0.99435077
0.99808544
0.99992187
0.99738529
1
1
1.3350192
1.0645464
1.9539581
2.0235423
2.0531779
3.7605028
1
1
1
1
1
1
1
1
1
1
1
1
1
1
1
1
1
1
1
1
1
1
1
1
1
1
1
1
1
1
1
1
1
1
1
1
1
1
1
1
1
1
1
1
1
1
1
1
1
1
1
1
1
1
1
1
1
1
1
1
1
1
1
1
1
1
1
1
1
1
1
1
1
1
1
1
1
1
1
1
1
1
1
1
1
1
1
1
1
1
1
1
1
1
1
1
1
1
1
1
1
1
1
1
1
1
1
1
1
1
1
1
1
1
1
1
1
1
1
1
1
1
1
1
1
1
1
1
1
1
1
1
1
1
1
1
1
1
1
1
1
1
1
1
1
1
1
1
1
1
1
1
1
1
1
1
1
1
1
1
1
1
1
1
1
1
1
1
1
1
1
1
1
1
1
1
1
1
1
1
1
1
1
1
1
1
1
1
1
1
1
1
1
1
1
1
1
1
1
1
1
1
1
1
1
1
1
1
1
1
1
1
1
1
1
1
1
1
1
1
1
1
1
1
1
1
1
1
1
1
1
1
1
1
1
1
1
1
1
1
1
1
1
1
1
1
1
1
1
1
1
1
1
1
1
1
1
1
1
1
1
1
1
1
1
1
1
1
1
1
1
1
1
1
1
1
1
1
1
1
1
1
1
1
1
1
1
1
1
1
1
1
1
1
1
1
1
1
1
1
1
1
1
1
1
1
1
1
1
1
1
1
1
1
1
1
1
1
1
1
1
1
1
1
1
1
1
1
1
1
1
1
1
1
1
1
1
1
1
1
1
1
1
1
1
1
1
1
1
1
1
1
1
1
1
1
1
1
1
1
1
1
1
1
1
1
1
1
1
1
1
1
1
1
1
1
1
1
1
1
1
1
1
1
1
1
1
1
1
1
1
1
1
1
1
1
1
1
1
1
1
1
1
1
1
1
1
1
1
1
1
1
1
1
1
1
1
1
1
1
1
1
1
1
1
1
1
1
1
1
1
1
1
1
1
1
1
1
1
1
1
1
1
1
1
1
1
1
1
1
1
1
1
1
1
1
1.4308107
5.0658804
7.0688597
8.0322916
7.6956366
5.2603403
5.2502621
3.711964
1
1
1
1
1
1
1
1
1
1
1
1
1
1
1
1
1
1
1
1
1
1
1
1
1
1
1
1
1
1
1
1
1
1
1
1
1
1
1
1
1
1
1
1
1
1
1
1
1
1
1
1
1
1
1
1
1
1
1
1
1
1
1
1
1
1
1
1
1
1
1
1
1
1
1
1
1
1
1
1
1
1
1
1
1
1
1
1
1
1
1
1
1
1
1
1
1
1
1
1
1
1
1
1
1
1
1
1
1
1
1
1
1
1
1
1
1
1
1
1
1
1
1
1
1
1
1
1
1
1
1
1
1
1
1
1
1
1
1
1
1
1
1
1
1
1
1
1
1
1
1
1
1
1
1
1
1
1
1
1
1
1
1
1
1
1
1
1
1
1
1
1
1
1
1
1
1
1
1
1
1
1
1
1
1
1
1
1
1
1
1
1
1
1
1
1
1
1
1
1
1
1
1
1
1
1
1
1
1
1
1
1
1
1
1
1
1
1
1
1
1
1
1
1
1.2519534
1.5123678
1.7920781
2.5661404
2.2929082
2.4221043
2.4308362
1.8119748
1
1
1
1
1
1
1
1
1
1
1
1
1
1
1
1.2158088
1
1
1
1
1
1
1
1
1
1
1
1
1
1
1
1
1
1
1
1
1
1
1
1
1
1
1
1
1
1
1
0.99688437
1
1
1
1
1
1
1
1
1
1
1
1
1
1
1
1
1
1
1
1
1
1
1
1
1
1
1
1
1
1
1
0.99940433
1
1
1
1
1
1
1
1
1
1
1
1
1
1
1
1
1
1
1
1
1
1
1
1
1
1
1
1
1
1
1
1
1
1
1
1
1
1
1
1
1
1.2102425
1
0.99156261
0.9676609
0.98778499
1.1137997
0.99184369
1
1.1106502
0.89590109
1.0615383
1.1980896
1.1736332
0.99306407
0.82500109
0.99869449
1.4549486
4.5840128
5.6102701
5.1298325
6.0171453
6.2270002
6.5862447
1
1
1
1
0.99889445
1
1
0.99980538
1
0.99971024
0.9912469
0.98873394
0.98080827
1.1312606
1.3055023
1.2343433
1
1
1
0.9992339
0.98728984
0.92096394
0.99986422
0.93858402
1.2175464
1.1936999
1.2472706
1.7374418
1.0186151
1.506964
0.88668326
1.63806
1
1
1
1
1
1
1
1
1
0.9922856
1.2386776
1.0196882
1.0513459
1.2616924
1.0513403
0.97504546
1
1
1
1
1
1
1
0.99895439
1
1
1
0.99912097
0.99817384
1
0.99369407
0.9855737
1
1
1
1
1
1
1
0.99937808
1
1
1
0.99160675
1
0.99919182
1.2096543
1.1392121
1.4907912
1.7745197
2.9596237
3.0676332
3.7307299
3.7163055
3.7805289
4.2984216
1
1
1
1
1
1
1
1
1
1
1
1
1
1
1
1
1
1
1
1
1
1
1
1
1
1
1
1
1
1
1
1
1
1
1
1
1
1
1
1
1
1
1
1
1
1
1
1
1
1
1
1
1
1
1
1
1
1
1
1
1
1
1
1
1
1
1
1
1
1
1
1
1
1
1
1
1
1
1
1
1
1
1
1
1
1
1
1
1
1
1
1
1
1
1
1
1
1
1
1
1
1
1
1
1
1
1
1
1
1
1
1
1
1
1
1
1
1
1
1
1
1
1
1
1
1
1
1
1
1
1
1
1
1
1
1
1
1
1
1
1
1
1
1
1
1
1
1
1
1
1
1
1
1
1
1
1
1
1
1
1
1
1
1
1
1
1
1
1
1
1
1
1
1
1
1
1
1
1
1
1
1
1
1
1
1
1
1
1
1
1
1
1
1
1
1
1
1
1
1
1
1
1
1
1
1
1
1
1
1
1
1
1
1
1
1
1
1
1
1
1
1
1
1
1.677105
2.3178092
2.2387372
2.3660905
2.3966454
1.6152966
1.6340474
1.364533
1
1
1
1
1
1
1
1
1
1
1
1
1
1
1
1
1
1
1
1
1
1
1
1
1
1
1
1
1
1
1
1
1
1
1
1
1
1
1
1
1
1
1
1
1
1
1
1
1
1
1
1
1
1
1
1
1
1
1
1
1
1
1
1
1
1
1
1
1
1
1
1
1
1
1
1
1
1
1
1
1
1
1
1
1
1
1
1
1
1
1
1
1
1
1
1
1
1
1
1
1
1
1
1
1
1
1
1
1
1
1
1
1
1
1
1
1
1
1
1
1
1
1
1
1
1
1
1
1
1
1
1
1
1
1
1
1
1
1
1
1
1
1
1
1
1
1
1
1
1
1
1
1
1
1
1
1
1
1
1
1
1
1
1
1
1
1
1
1
1
1
1
1
1
1
1
1
1
1
1
1
1
1
1
1
1
1
1
1
1
1
1
1
1
1
1
1
1
1
1
1
1
1
1
1
1
1
1
1
1
1
1
1
1
1
1
1
1
1
1
1
1
1
1
2.3798062
5.3061315
5.6124717
5.0254396
4.7045979
4.0174339
3.6725345
2.4423489
1
1
1
1
1
1
0.99999037
0.99810022
1
1
1
1
1
1
1
0.97720715
1
1
1
1
1
1
1
0.99978158
1
1
1
1
1
1
1
1
1
1
1
1
1
1
1
0.99995063
1
1
1
1
1
1
1
0.99997104
1
1
1
1
1
1
0.9997755
0.99994288
1
1
1
1
1
1
0.99857521
0.99657845
1
1
1
1
1
1
1
1
1
1
1
0.99994284
0.99999964
0.99995807
0.99734859
0.99872925
1
1
1
1
1
1
1
1
1
1
1
1
1
0.99992274
0.99982139
1
1
1
1
1
1
1
1
1
1
1
1
1
1
1
1
1
1
1
1
1
1
0.99879632
1
0.9922539
1
0.99999986
0.9962689
1.483837
2.1058452
1.2830684
2.7182453
3.0514021
1
0.99989446
1.3571108
1.0119462
0.88389757
1.4715759
1.1473365
1.1411982
6.6966826
2.0728805
3.9655913
3.1114753
4.6688435
4.6675019
6.9142342
5.0068145
1
1
1
0.99258616
0.98372296
0.97774655
0.99962876
1.1634933
1
0.9999995
0.99730375
0.97495523
0.9468746
1.1444099
1.2870484
1.6042215
1
1
0.99990571
0.99929429
0.99441417
0.99030734
1.1518452
0.79175494
1.4951673
1.0866263
2.0499119
1.6053308
3.5836891
1.9847621
4.2423775
3.2920935
1
1
1
1
1
1
0.99628834
1.1833857
1
0.99913251
1.6920025
0.93813638
3.4381546
3.5047276
2.0520314
7.2434365
1
1
1
1
1
1
0.9999999
0.99029551
1
1
0.99993003
0.97259638
0.90123089
0.89112967
0.97863984
1.1771812
1
1
1
1
1
1
1
0.99985603
1
1
1
0.99999205
0.99931243
0.99970571
0.99894183
0.99378348
2.081168
2.6934617
3.6711262
3.2458783
3.4199192
3.8626445
4.900738
4.0403427
1
1
1
1
1
1
1
0.99901316
1
1
1
1
1
1
1
0.99986348
1
1
1
1
1
1
1
0.99964521
1
1
1
1
1
1
1
0.99940902
1
1
1
1
1
1
1
0.99947276
1
1
1
1
1
1
1
0.99996412
1
1
1
1
1
1
1
1
1
1
1
1
1
1
1
0.99702392
1
1
1
1
1
1
1
1
1
1
1
1
1
1
1.2055692
0.99990108
1
1
1
1
1
1
1
1
1
1
1
1
1
0.99364886
0.99971198
1
1
1
1
1
1
1
1
1
1
1
1
1
1
1
1
1
1
1
1
1
1
1
0.99906289
0.98643654
1
0.99990819
1.1917029
0.99978398
1.5151885
2.5537498
2.784191
2.7904809
1
1
1.1973607
0.98352595
0.99275942
0.98186338
0.99940912
1.3550039
1
1.1217926
1.6471558
2.1134605
2.5235166
3.1196136
4.4676416
4.0101369
1
1
1
1
1
1
1
0.99814028
1
0.99999989
0.99999967
0.98961222
0.98870566
0.91733489
1.5222596
1.1582785
1
1
1
1
0.99997262
1.152493
0.99983378
0.96886938
1
0.99843175
0.90292354
0.92711825
1.3829683
1.5058453
1.2955185
1.7325208
1
1
1
1
0.99999995
1
1
0.99658683
1
0.99999013
0.97345001
1.1961703
1.3368841
1.5923362
1.4839455
2.3816345
1
1
1
1
1
1
1
0.99898345
1
1
0.99999981
1
0.99626551
1.2177824
0.99751442
0.96272286
1
1
1
1
1
1
1
1
1
1
0.99999904
1.1099163
0.9999906
0.99999573
0.99903931
0.99706693
0.9998572
1.1510261
0.90845823
1.4225657
3.1081452
2.3002832
3.4445797
4.4085834
