1
1
0.72235547
1.1235755
0.86367486
1
1
1.2543281
1.9362505
1.5827156
1
1
1.2609402
0.99837257
1.2107244
1
1
0.95222037
1.158809
0.97013878
1
1
0.90874212
1.1297248
1.0523658
1
1
1.010893
1.4585077
0.96786996
1
1
1.549128
1.6784825
1.2360722
1
1
1.0189458
1.3944092
1.1278924
1
1
0.97243154
1.0438451
0.95250303
1
1
0.97336614
1.9299509
1.2871482
1
1
1.7257108
0.97990021
0.91321565
1
1
0.882783
1.9939691
1.2841051
1
1
1
1
1
1
1
1.0974029
2.0588069
1.2902777
1
1
0.85622554
1.1951857
1.8957949
1
1
1.2418376
0.85315918
1
1
1
1.2985862
1.2401584
1
1
1
1.6889563
0.80338728
1
1
1
1.3082045
1.439988
1
1
1
1.1337224
1.9234647
1
1
1
0.86335344
1
1
1
1
0.9744323
1
1
1
1
1.0166823
1
1
1
1
0.82549018
1
1
1
1
1.1865961
1
1
1
1
1.3753434
1.1957846
1.3875505
1
1
1.2181419
1.6392623
1.0550585
1
1
1.3238107
1.0620666
1.2023255
1
1
0.77478081
0.7553245
0.8227252
1
1
1.2707702
1.0871129
1.200781
1
1
1.5597242
1.7947114
0.90301249
1
1
1.4947749
1.4760844
1.3677199
1
1
1.4469182
1.4130766
1.0783307
1
1
1.2365579
0.88198232
0.92617698
1
1
0.91174538
0.96407445
0.98027717
1
1
1.3344586
1.5064543
0.76567698
1
1
1.3939473
1.2017867
2.0242833
1
1
1
1
1
1
1
1.0460513
1.2490405
1.8990998
1
1
0.89583493
1.4948937
1.5596015
1
1
0.7972127
2.1179477
1
1
1
1.1304364
0.97308817
1
1
1
1.2871248
1.5524669
1
1
1
1.4019168
1.2505814
1
1
1
1.3521941
1.0414693
1
1
1
1.099756
1
1
1
1
1.0906244
1
1
1
1
1.3967174
1
1
1
1
1.3674208
1
1
1
1
1.2934197
1
1
1
1
1.3421434
1.1038457
1.3407307
1
1
0.98078682
1.268396
0.93565274
1
1
1.1094738
1.1759228
0.83931376
1
1
1.0738423
0.98238567
1.0870172
1
1
1.1823375
0.97466537
1.138327
1
1
1.1307772
0.98992686
0.94380032
1
1
1.2675897
1.223138
0.77413329
1
1
1.1068964
0.88549364
0.77080189
1
1
1.3730895
1.180392
1.0638624
1
1
1.0574481
0.84435632
1.1642481
1
1
1.082141
1.4056717
0.78564113
1
1
1.5055956
1.2760677
1.0179467
1
1
1
1
1
1
1
0.99870207
1.1562122
1.7474955
1
1
0.78256944
0.77313136
1.0114407
1
1
0.90615863
1.1968511
1
1
1
1.0682689
1.3463724
1
1
1
1.5951326
1.6393301
1
1
1
1.1553002
1.2170079
1
1
1
1.2941659
1.4475543
1
1
1
1.1178132
1
1
1
1
1.2187447
1
1
1
1
1.2418595
1
1
1
1
1.3047943
1
1
1
1
1.3129658
1
1
1
1
1.0626174
1.5552841
0.88106541
1
1
1.3398188
1.4142057
1.1496743
1
1
0.98634499
1.0394571
0.86997617
1
1
1.6042252
0.98971519
0.97732844
1
1
2.060084
1.6748295
1.9001612
1
1
1.2860174
0.98001234
0.8105936
1
1
2.1051982
1.440412
1.1025143
1
1
1.4676671
1.5312082
0.83958943
1
1
1.4336023
1.0804171
0.64774499
1
1
1.2231852
1.3603648
1.0870707
1
1
1.0489324
1.1781633
1.0479976
1
1
1.2019919
1.3134734
1.1168509
1
1
1
1
1
1
1
1.0234292
1.0174932
1.1041578
1
1
0.83349982
1.2921855
1.0441997
1
1
1.0809681
0.97353188
1
1
1
0.96853319
1.0671045
1
1
1
1.3535897
1.4027171
1
1
1
1.1525246
1.0219703
1
1
1
1.5388273
1.182872
1
1
1
1.1430813
1
1
1
1
1.1875409
1
1
1
1
1.3978723
1
1
1
1
1.3585497
1
1
1
1
1.4941096
1
1
1
1
0.93273103
1.137417
1.4120601
1
1
1.2480862
1.2370793
1.3842759
1
1
1.0518042
0.98306814
1.0422151
1
1
1.3273212
1.2020068
1.1937259
1
1
1.4736716
0.92121296
0.8670623
1
1
1.195598
0.90411697
0.69618493
1
1
1.4716695
1.0479834
0.98293665
1
1
1.8764991
1.9126473
1.1489542
1
1
1.1878537
1.0772088
1.1280249
1
1
1.1346559
1.143826
0.91389773
1
1
0.95136938
1.1656988
0.94687466
1
1
0.93982321
0.97436536
1.4669127
1
1
1
1
1
1
1
1.1961279
1.5359979
1.536903
1
1
0.9302589
1.1268599
0.94176098
1
1
1.2362789
0.97662214
1
1
1
1.2647743
0.91195427
1
1
1
1.3741206
0.88507609
1
1
1
1.1807213
0.8373959
1
1
1
1.1541327
0.96151469
1
1
1
1.0241985
1
1
1
1
1.0782922
1
1
1
1
1.0827643
1
1
1
1
0.86375441
1
1
1
1
1.3082363
1
1
1
1
1.2623373
1.5680835
1.2705707
1
1
1.337383
1.5615284
1.1320335
1
1
0.98537988
1.0819538
1.4820043
1
1
0.72214461
1.0744358
1.2772755
1
1
1.0123404
1.1921223
1.026062
1
0.89475934
1.2060058
0.91185243
1.2606734
1
1.4480433
1.2294442
1.4625874
1.1689997
1
1.4329169
1.1283085
1.0787819
1.0274694
1
0.94256447
1.166127
1.7776159
1.2840219
1
1.6641408
1.0205529
1.6116766
0.8652644
1
1.5237841
1.0848634
0.94345462
0.75011375
1
0.83700037
0.78707342
0.97033577
1.0496451
1
1
1
1
1
1
1.369737
1.3161058
1.8796555
1.3470259
1
0.89427317
0.86782188
1.183503
1.4796957
1
1.0897218
1.2408094
1.1200552
1
1
0.83405344
1.8582802
0.85039661
1
1
1.345277
1.5266966
0.74773551
1
1
1.0025128
1.4357538
1.3080686
1
1
0.89689147
1.2673483
2.087004
1
1
1.0267998
1.0387576
1
1
1
1.0524785
1.0387412
1
1
1
1.1062123
1.91607
1
1
1
1.0879569
0.99572712
1
1
1
1.1926292
0.9519105
1
1
1
1
1.2306943
1.5519439
1.1956697
1
1
1.6768744
2.0410614
1.1928308
1
1
1.537415
1.6259126
1.2295088
1
1
1.0322086
1.4578976
1.220068
1
1
1.1085485
0.98145267
1.4046903
1
1.4574502
0.9367901
1.5695484
0.92048245
1
1.7490775
1.2589682
2.0704168
2.5551441
1
1.2074789
1.1633133
1.5955714
1.1249
1
1.0230058
1.6142838
1.7227138
1.2538781
1
1.1152239
1.1647597
1.3843048
1.1984737
1
1.1639266
1.65595
1.5932522
0.57635102
1
1.9900465
1.1703543
1.2063619
0.90971796
1
1
1
1
1
1
0.83198392
1.3286897
1.937667
1.7237057
1
0.96165295
0.80767773
1.0320482
1.1227435
1
1.0628182
1.26704
0.96135312
1
1
0.64905684
1.4196847
2.257054
1
1
1.3200869
1.4905937
1.3787811
1
1
0.70550154
1.4307807
1.6042217
1
1
0.55950036
1.3468212
1.6581341
1
1
0.78422746
1.2650556
1
1
1
0.71308015
0.97575254
1
1
1
1.2628659
0.99905181
1
1
1
1.5595131
1.034403
1
1
1
1.0203602
1.3091079
1
1
1
1
1.0752892
1.2812039
0.88302056
1
1
0.98679649
1.2158692
0.94277741
1
1
0.93353106
1.1234819
1.0149793
1
1
1.0207831
1.2242438
0.97611013
1
1
1.4747593
1.2913856
1.9663373
1
0.93391048
1.2009897
0.84076927
0.74024511
1
1.8209787
1.577385
1.590526
0.90815505
1
1.6796598
1.8269388
2.1647411
3.2147274
1
2.7295188
1.07327
0.99252735
1.2153288
1
1.990092
1.1738554
1.4127199
1.3038364
1
1.1268787
1.1659471
0.83090956
1.405277
1
1.1310647
1.5111551
0.95420921
1.8049566
1
1
1
1
1
1
1.6807344
1.1084026
1.3208228
1.393222
1
1.1170401
0.94598745
0.9720254
1.085549
1
0.97155881
1.0535479
0.9433844
1
1
1.0218742
1.8283692
1.191341
1
1
1.2529955
2.3374002
1.5842713
1
1
0.99679626
1.618275
1.1647269
1
1
1.6134999
1.2339835
1.3799938
1
1
1.2600245
0.9952551
1
1
1
1.5770132
1.1091736
1
1
1
1.167486
1.1348664
1
1
1
0.95736978
1.728566
1
1
1
0.91113302
1.3057953
1
1
1
1
0.88469625
1.443156
1.2281074
1
1
1.4100438
1.5552389
1.2800092
1
1
1.2773479
1.0574502
1.0360399
1
1
0.97685785
0.99000299
1.4984691
1
1
1.1660297
0.95171285
0.95453492
1
1.2158469
1.0829029
1.091746
0.74018715
1
2.2763221
2.0377345
1.4868229
1.1924701
1
1.8864555
1.6570453
1.782235
1.7862005
1
2.1263454
1.9330057
1.5409241
2.0555631
1
1.3889422
1.1977443
1.3323364
1.3075728
1
1.3469046
1.5018966
0.96324107
0.80926613
1
1.4598951
1.3828594
1.2503107
1.3322649
1
1
1
1
1
1
1.2781659
1.1904972
1.520339
1.6947873
1
1.0343482
0.98092918
1.1913672
1.0853048
1
1.312606
0.9967382
1.0905497
1
1
0.77737246
1.4784584
2.1708568
1
1
0.82735382
1.9103945
1.3103337
1
1
1.0780186
1.5780611
1.5828584
1
1
1.237568
1.6388908
1.1649478
1
1
1.2113848
1.2018283
1
1
1
1.1935451
0.88944551
1
1
1
1.2462771
1.0706719
1
1
1
0.87774559
1.2761572
1
1
1
1.3784914
1.2563846
1
1
1
1
0.94514053
1.4012658
1.1369709
1
1
1.1954996
1.4388052
1.0867691
1
1
1.1291667
0.95223432
0.95509505
1
1
1.313647
1.2842813
1.4031455
1
1
1.3484766
1.2395976
1.4409561
1
1.8672856
0.9331338
1.2465439
0.80904629
1
2.0006428
1.3883644
1.2758657
1.3488516
1
1.8086156
1.5990713
1.3901744
1.7083359
1
1.9038706
1.4038443
1.3654368
1.1048288
1
0.92059856
1.0186478
0.66911702
0.57845972
1
0.96833398
1.4248374
1.0737695
1.372919
1
1.51423
1.3323256
1.0452648
1.241267
1
1
1
1
1
1
0.91432768
1.0541942
1.060223
1.0437774
1
1.0645001
1.1787668
0.90263531
0.86382321
1
0.95868469
1.3881894
1.1168966
1
1
1.3289581
1.4815798
0.83760495
1
1
0.90746378
1.2338338
1.3625035
1
1
0.94462232
1.2581019
1.0817779
1
1
1.3568382
1.1315651
1.1106524
1
1
0.98878086
1.1265542
1
1
1
1.5712059
1.0621684
1
1
1
1.0457599
1.2400275
1
1
1
0.98733886
1.127163
1
1
1
1.158948
1.3823122
1
1
1
1
1.208377
1.8282213
1.1845287
1
1
1.1742264
1.4297987
0.95007331
1
1
1.1443552
1.3703363
0.90733667
1
1
1.0808851
0.77272992
0.85023589
1
1
1.1685679
0.98672539
1.0886332
1
1.3044181
1.2159742
1.3999156
1.2711608
1
0.74682945
1.0002977
1.2079234
0.85373857
1
1.165907
1.2054834
1.6504142
0.95604585
1
0.81983883
1.3526892
0.92652085
0.71281505
1
1.9133009
1.1969355
1.5608241
0.9165055
0.78249304
0.95033205
1.4839045
0.96687245
1.1083035
0.84904763
0.95315722
0.97503228
0.94601458
1.3177216
1
1
1
1
1
1.4459172
2.4864461
1.495349
2.2533761
0.93567428
1.1810694
1.0778677
0.94977915
1.0905713
0.99054143
1.2629032
0.95861873
1.0884385
1.1579355
1
1.2269503
1.4389836
1.2666427
1.283555
1
0.99706399
1.4426185
1.7861929
1.1440947
1
0.9296119
1.1415342
1.2304585
1.4171436
1
0.92046665
1.4938661
1.3926831
2.3374566
1
1.1519083
1.6366129
1.5654034
1
1
0.52334635
1.1091942
1.5008552
1
1
0.94281381
0.92877527
1.2248945
1
1
0.89112845
1.0240607
1.0339464
1
1
0.98747898
1.1772449
1.024201
1
1
1
1
1.0608005
1.8402788
1.0821538
1
1
1.2115997
1.1315381
1.0067759
1
1
0.93675533
1.729832
0.68237977
1
1
1.1174289
1.2528654
0.82202381
1
1
1.2938577
1.2810523
0.76662865
1
1.1012753
1.0072431
1.5826843
0.8373215
1
1.9995222
1.3614915
2.3305961
1.397235
1
1.3014879
1.2553262
1.5117058
0.95797488
1
1.0135574
1.897431
1.6961218
0.67503519
1
1.35712
1.092902
1.3818062
0.87414924
1.0967983
1.2870685
0.99094102
1.3696884
1.042409
2.8262314
1.3348012
1.7070479
1.4428388
2.9997384
1
1
1
1
1
1.4463589
1.2694828
1.3050508
1.1924856
1.9069628
0.81285617
0.88208049
1.0394431
0.87652781
1.0010409
0.72364763
1.1773425
1.4351002
1.0312183
1
1.3755691
1.4385973
1.5938202
2.0231867
1
1.333288
1.6948835
1.5264425
1.2824
1
0.99315038
1.3313152
1.4534477
1.3602323
1
0.61090243
1.583667
1.2831776
0.99515619
1
0.9857623
1.8559793
1.0604133
1
1
0.72842456
0.9377378
1.2141302
1
1
1.3630339
1.0726276
1.1378237
1
1
1.8884569
0.92958667
0.83608351
1
1
0.86525753
1.2674199
1.0878802
1
1
1
1
0.85013021
1.710414
1.3028288
1
1
1.3361341
1.9114982
2.087101
1
1
1.2238337
1.4624575
1.5261649
1
1
1.0561531
1.0939864
1.4369173
1
1
1.4833565
1.4349268
1.0885794
1
1.9066583
1.4009867
2.1630893
1.2376022
1
1.0563849
1.4273504
1.6291117
1.8276994
1
1.2793092
1.4722274
1.7741607
0.60772701
1
1.3039083
1.7387236
1.7612248
1.2525013
1
1.733132
1.4038565
1.6069718
1.2287548
3.0522976
1.4602923
1.6934128
1.7846445
3.87713
1.0255008
1.2517875
1.2043325
1.211384
0.99986673
1
1
1
1
1
0.91941105
1.475832
1.3997185
1.4565045
0.86419577
0.68195264
1.727677
1.2635113
1.6860129
0.60526305
1.3960163
2.1216498
1.5000465
1.5660392
1
1.6874886
1.6709252
1.5296273
1.0469914
1
0.57386261
1.4499708
1.4710065
1.1376288
1
1.235579
1.7891808
1.6836859
1.2377058
1
1.2453674
1.9240659
1.3609615
1.5869205
1
1.7138509
2.0808891
1.0057419
1
1
0.8984042
1.261692
0.97696671
1
1
1.6359359
1.4310436
1.4021541
1
1
1.1328655
1.1736095
1.3011433
1
1
1.0148421
1.1117369
1.1492624
1
1
1
1
1.5099604
1.2857762
0.91889406
1
1
1.3175948
1.0984554
1.1027392
1
1
1.0579847
1.0784427
0.73099427
1
1
0.9265004
1.102673
1.3811011
1
1
1.3600292
1.4065001
0.89591801
1
1.001962
0.91559563
1.2977102
1.5288814
1
1.2425336
1.51965
1.4441823
1.1334801
1
1.3646881
1.4504045
1.8921649
1.4808244
1
0.70967912
1.0188216
0.83602004
1.1306481
1
1.7037605
1.2790133
1.7047221
0.9477559
1.2183799
0.93138419
1.3373136
0.92705624
1.7968668
2.1365528
2.223577
1.8425709
1.5514059
1.7857541
1
1
1
1
1
1.116774
2.1829916
2.3186135
1.8852481
1.0289184
0.91197972
0.75467366
0.74038152
0.74673695
0.68495551
1.8505773
0.83190255
1.3759096
0.97938488
1
1.4328055
1.3669442
1.6511655
1.7628137
1
1.5511339
1.5202417
1.6004359
1.0082374
1
0.89754334
1.2671066
1.5050394
1.0336771
1
1.125002
1.5044665
1.0061038
1.6529864
1
1.1623288
0.76353008
1.032179
1
1
1.6556099
1.0631182
0.84105895
1
1
0.74522977
1.1486484
1.1239411
1
1
1.0362829
0.91950105
0.94695569
1
1
0.87195289
1.1855864
1.0596657
1
1
1
1
0.96790385
1.3925691
1.2334855
1
1
1.1325927
1.4495576
0.89962369
1
1
1.2640518
1.1645644
1.2563605
1
1
1.1883377
1.3414076
1.0397993
1
1
1.1432966
1.1877883
0.90030596
1
0.83251835
1.3042773
1.1099241
1.6131854
1
1.9763275
1.5050818
1.4213744
0.93689873
1
1.2896681
1.1527004
1.3133032
0.89710913
1
1.0611801
1.0280769
0.90120808
0.70947369
1
1.5552993
1.3897345
1.5641681
1.3959334
1.2257624
0.7425336
1.5412962
1.0094563
1.7867858
1.6665324
1.4001429
1.3102396
1.3670503
1.4887822
1
1
1
1
1
1.2549267
1.3587083
1.140356
1.5005102
1.1659813
0.39226263
0.95008653
1.7111641
1.0439934
0.37990911
1.5277295
1.0010292
1.087703
1.042333
1
1.3403239
1.1493774
1.3515132
1.5833251
1
0.89056301
1.287748
1.378191
1.6482228
1
1.0366646
0.80539374
0.97477694
0.93781075
1
1.2795795
1.4729308
1.2631026
1.4496382
1
2.2600005
1.1461072
1.02856
1
1
1.9223049
1.8107513
1.2994705
1
1
1.4202243
1.2876508
1.1789033
1
1
1.0731648
1.4719639
1.211632
1
1
1.5276496
1.3509056
1.5266644
1
1
1
1
1.0047451
1.2606325
1
1
1
1.0944482
0.83033081
1
1
1
1.326616
1.3196798
1
1
1
1.1508548
1.4512111
1
1
1
1.2277066
0.8626767
1
1
0.87740212
1.3166142
1.2732752
1
1
1.4937776
1.4069977
1.0968336
1
1
0.99524671
1.8911139
0.96582807
1
1
1.5451216
1.3724045
0.82282125
1
1
1.4201559
1.2725729
1.2338148
1
1.0454777
1.2584975
1.4468921
2.2176321
1
2.4512463
1.5363566
1.2626931
1.1337083
1
1
1
1
1
1
1.252737
1.3256356
0.94665356
0.81545157
1
0.94722518
0.90469182
0.7091304
0.8353876
1
1.2441869
1.1233948
1.3737636
1.1748587
1
1.2219449
1.2547766
1.1311808
1.2260868
1
1.0162263
0.98652135
0.95200929
1.4717834
1
1.3024995
1.0097054
1.0522833
1.5831065
1
0.87081922
1.7858587
1.4293086
2.3147955
1
1.3373226
1.3856483
1.2167963
1
1
1.2644727
1.2872622
1.3410971
1
1
1.1254596
1.3917424
1.1974764
1
1
1.0636171
1.1161166
0.88901988
1
1
0.9454361
1.151061
1.0379676
1
1
1
1
1.5545093
0.79172723
1
1
1
1.0495012
1.1148972
1
1
1
1.1877096
0.98482103
1
1
1
1.2300625
0.72729857
1
1
1
1.4936324
1.0744126
1
1
1.2382153
1.2240847
0.6776759
1
1
2.2863609
1.5957347
1.0735668
1
1
1.4587728
1.2927233
1.1169969
1
1
1.439517
1.4828544
1.3113672
1
1
1.4712401
1.3165624
0.82744568
1
0.60876425
1.4300574
1.7036357
1.1310081
1
0.81987819
1.2624567
1.5569236
1.7632396
1
1
1
1
1
1
1.609566
1.6733609
1.2988044
0.76468777
1
1.1700333
1.1995615
0.89097141
0.80619333
1
0.83295355
1.5181047
1.1539083
1.7302748
1
1.7065166
1.9884336
1.2468991
1.2912883
1
0.69330278
1.0655764
0.95849632
0.70875748
1
0.93540553
2.2058641
1.3969224
0.86733337
1
1.3523384
1.8580857
1.1352833
1.1448473
1
0.95805479
1.5611492
0.79646209
1
1
1.1364339
1.3901299
1.2639564
1
1
1.1800282
1.7861266
1.3912552
1
1
1.0625594
1.3954588
1.0562577
1
1
0.86496569
1.1108193
1.2494086
1
1
1
1
1.0580937
1.3537993
1
1
1
1.0479726
1.3859198
1
1
1
1.3438584
1.4577617
1
1
1
1.2205697
0.99880651
1
1
1
1.1766396
1.2882815
1
1
1.153189
1.0644219
0.86487119
1
1
1.5914848
1.7677225
1.0326322
1
1
1.5972557
2.1601277
1.5286562
1
1
1.3374365
1.6356189
0.99830671
1
1
1.5150778
1.2768099
1.3103887
1
1.1053602
1.0796915
1.4609771
0.92103443
1
1.8269351
0.81909511
1.4353674
1.006536
1
1
1
1
1
1
1.0388028
0.81258835
0.85473485
1.1196828
1
1.0898326
0.91133564
1.2152283
1.4567469
1
0.77164586
1.1297851
1.3956641
0.91593836
1
0.77803969
1.5771879
1.6577714
1.9759335
1
3.4822118
2.0679277
1.8386201
2.3573918
1
1.0728424
0.94250643
0.9201139
3.0719307
1
1.2647948
1.2773087
1.114708
1.5223912
1
0.74298107
1.3998465
1.1978197
1
1
1.128906
1.1770442
0.99753038
1
1
1.4171184
1.7179358
1.57
1
1
1.1204659
1.7736064
1.5582129
1
1
1.2795684
0.90197047
1.1545329
1
1
1
1
0.96246589
1.4623002
1
1
1
1.3757389
0.97748833
1
1
1
1.0561409
1.2436079
1
1
1
1.1668906
0.83103541
1
1
1
1.3736557
1.1068589
1
1
1.0736843
1.0946246
0.99579911
1
1
2.3070552
1.5105558
0.65946015
1
1
1.3022744
1.8972115
0.84243496
1
1
1.6372659
1.5085907
0.84352958
1
1
1.3414506
1.3724456
0.81699787
1
1.4809955
0.78947902
1.4401555
0.95902613
1
1.5255202
1.5004862
1.5534794
1.0443297
1
1
1
1
1
1
1.8377125
1.3520044
1.191114
0.99271181
1
1.0499766
1.0959552
1.0706447
0.93039177
1
0.81871383
1.261906
1.2316862
1.7956357
1
1.5596928
1.4483587
1.801056
2.3661917
1
1.2398078
1.2999659
1.3730345
1.358727
1
1.9580378
1.3446741
1.5495394
1.959076
1
1.2642522
1.4843567
1.3463213
1.5239357
1
1.0071991
1.306531
0.91190609
1
1
0.95375496
1.2277448
1.3400326
1
1
1.0202013
1.0075972
0.98395173
1
1
1.0826315
1.0671249
1.0244552
1
1
1.0176612
1.0745247
1.1621632
1
1
1
1
1.0624955
1.3072425
1
1
1
1.3413235
1.0702676
1
1
1
1.2427824
1.1468458
1
1
1
1.265941
1.1486138
1
1
1
1.2077799
1.3452008
1
1
0.89851991
1.2519922
0.88387832
1
1
1.1656392
1.4551794
0.78200698
1
1
1.2327515
1.1907374
1.0346117
1
1
1.2160282
1.2697511
1.0298692
1
1
1.2994253
1.5115096
1.4942592
1
0.98060349
1.1811673
1.2425418
0.91044781
1
1.7727795
0.82794124
1.1346367
1.1318158
1
1
1
1
1
1
1.0224334
1.2786439
1.1100687
1.1147223
1
1.0877402
1.0538508
1.0824394
1.3228185
1
0.95971735
1.3719163
1.0990985
0.82874048
1
1.0689413
0.77492913
0.94671806
1.6003278
1
1.2285076
1.4277034
1.4437145
1.8674632
1
1.2177698
1.4058094
1.3044798
1.9241777
1
0.83337267
0.74394337
1.0302029
1.0230875
1
1.9058512
0.99072647
1.0339024
1
1
0.91774013
1.2506846
0.94838422
1
1
1.1479627
1.1779317
1.3115101
1
1
1.0544528
1.0332284
1.0335234
1
1
1.5416282
1.2219715
1.3717445
1
1
1
1
1.1534217
1
1
1
1
1.0356869
1
1
1
1
1.3282452
1
1
1
1
1.0096055
1
1
1
1
1.1039677
1
1
1
0.96441836
0.98282691
1
1
1
1.5051575
1.057225
1
1
1
1.3275442
1.4032256
1
1
1
1.0011787
1.7273859
1
1
1
1.5045363
1.3124063
1
1
0.64531825
1.5093567
1.6194979
1
1
1.1290186
1.4249749
1.5754638
1
1
1
1
1
1
1
1.6546392
2.0681432
1.2442966
1
1
1.2029179
0.86080375
0.46310598
1
1
0.86775533
1.1539043
1.1622776
1
1
1.0215767
1.6156064
1.8116395
1
1
1.2803846
1.3486061
1.0898487
1
1
0.87776465
1.6348218
0.79170282
1
1
0.86553692
1.237165
0.69717897
1
1
0.88828343
1.0315353
0.90653664
1
1
1.1135576
1.6183756
1.840316
1
1
1.0263836
1.1469915
1.0387987
1
1
1.3089524
1.0725373
1.0076122
1
1
0.91274642
1.19237
1.1083233
1
1
1
1
1.1870653
1
1
1
1
1.0082408
1
1
1
1
1.0762169
1
1
1
1
1.1952459
1
1
1
1
1.1240268
1
1
1
1.1896499
1.0248071
1
1
1
1.6835313
1.1087249
1
1
1
1.5561908
1.1701023
1
1
1
1.2262802
1.2729975
1
1
1
1.2812782
1.4121176
1
1
0.94006991
1.1840051
1.7367727
1
1
1.3149241
1.3240513
1.0475309
1
1
1
1
1
1
1
1.5784636
1.1870779
0.94543095
1
1
1.2048075
1.215719
0.79039331
1
1
0.8253652
1.7603476
1.3011458
1
1
1.3036883
1.6246675
1.5915064
1
1
1.049161
1.3988245
1.4492432
1
1
1.1082677
1.1354544
1.1810724
1
1
0.97421918
1.473168
0.94346125
1
1
0.85153495
1.2580589
0.9787452
1
1
0.97281001
1.7214946
1.1413275
1
1
0.99787865
0.98127959
1.1787809
1
1
1.9124514
1.6375551
1.5299822
1
1
1.1424385
1.2011186
1.2935062
1
1
1
1
1.0211327
1
1
1
1
1.2242452
1
1
1
1
1.2814173
1
1
1
1
1.3510724
1
1
1
1
1.4145818
1
1
1
0.91523282
0.87483758
1
1
1
1.233179
1.0840631
1
1
1
1.3277489
1.4066914
1
1
1
1.1311635
1.2400044
1
1
1
1.3176576
1.3149894
1
1
0.93807443
0.87130379
1.3598612
1
1
1.8869328
1.3006841
1.1366602
1
1
1
1
1
1
1
1.7026357
1.115913
1.0088208
1
1
1.0105957
1.1492918
0.8562507
1
1
1.2051821
1.6285429
1.2197812
1
1
0.71987968
1.201315
1.3313476
1
1
0.62073745
0.75596057
0.97954298
1
1
0.83504703
0.93613425
1.1910475
1
1
1.1071104
0.98564548
1.0555857
1
1
1.0441612
1.4681077
1.2614915
1
1
0.97102998
1.2060365
1.0195244
1
1
0.80543885
1.4910258
1.6009021
1
1
1.1052358
1.0787648
1.2824794
1
1
1.2655448
0.95951124
1.0804551
1
1
1
1
1.0339833
1
1
1
1
1.2417699
1
1
1
1
1.2617314
1
1
1
1
1.4923997
1
1
1
1
1.3464387
1
1
1
1.2118454
1.0062231
1
1
1
1.6408961
0.95284414
1
1
1
1.1496442
1.3633381
1
1
1
0.73086682
1.0765062
1
1
1
1.1648352
1.4474015
1
1
1.3181557
0.95962339
0.85973335
1
1
1.1400216
1.0028427
1.079388
1
1
1
1
1
1
1
1.3815692
1.3050319
1.0619749
1
1
1.0684221
1.1550254
0.95039179
1
1
0.97780901
0.86698432
1.6048765
1
1
0.75959675
1.3075836
1.4668878
1
1
0.75901096
1.349265
1.3852612
1
1
0.76468987
1.1243844
1.3425114
1
1
0.92709962
1.2483406
1.158087
1
1
0.82779026
1.255647
1.2048544
1
1
0.94134729
1.3468472
1.0646046
1
1
1.1668277
1.312889
1.1208002
1
1
0.65453341
0.91013036
1.3223293
1
1
1.2791687
1.0837565
1.1796029
1
1
1
1
1.1311737
1
1
1
1
1.0475532
1
1
1
1
1.1499215
1
1
1
1
1.232548
1
1
1
1
1.4303083
1
1
1
1.0151122
1.0120222
1
1
1
1.0284335
1.0658358
1
1
1
1.0885261
1.3884443
1
1
1
1.1760523
1.1382972
1
1
1
0.94186806
1.1660368
1
1
0.55801172
1.1992986
1.2577698
1
1
1.5759592
1.205979
0.96386935
1
1
1
1
1
1
1
1.7934715
1.452154
1.1195398
1
1
0.82769536
0.91099978
0.91792041
1
1
1.1303137
1.0694438
0.97169651
1
1
1.4049434
1.1225367
1.5773169
1
1
0.79694981
1.3776882
1.4990287
1
1
1.0395924
1.2441412
1.217013
1
1
0.87686889
1.2000563
1.0269249
1
1
0.91167664
1.5073413
0.99206954
1
1
1.0635196
1.4822315
1.2722764
1
1
1.0944999
1.0555021
1.0666163
1
1
0.95175091
0.99786534
1.0521819
1
1
1.1300049
1.0136051
1.5296308
1
1
