1
1
0.73655743
1.0271018
1.0093965
1
1
1.0366556
1.6371681
1.1311253
1
1
1.2417262
1.1197302
0.81863419
1
1
0.94096492
1.1794457
1
1
1
1.0445656
1
1
1
1
1.2263138
0.77464179
1.1223468
1
1
0.96336244
1.3769139
0.81633314
1
1
1.7126633
1.1632726
0.75018742
1
1
1.2912426
0.8755318
1
1
1
1.1333259
1
1
1
1
1.1260514
0.95537805
1.1702518
1
1
1.3272603
1.1383319
1.2792518
1
1
1
1
1
1
1
1.6683917
0.75282689
1
1
1
1.2379974
1
1
1
1
0.73940318
1.3672273
0.93499439
1
1
1.258695
1.1993263
1.0168643
1
1
1.1689993
1.2510409
1.1330441
1
1
1.8032085
0.92239417
1
1
1
1.6174335
1
1
1
1
0.96775523
0.88208372
0.95475347
1
1
0.9416309
0.99177164
0.9600464
1
1
1.0588521
0.85191912
1.0940231
1
1
0.88354267
0.95075031
1
1
1
1.174974
1
1
1
1
1.2346127
0.66481331
1.2145335
1
1.8168374
1.0120571
0.90155647
1.0154912
1
1.3791069
1.0712705
1.0667417
1.0390366
1
1.9553096
1.6236648
1.0090221
1
1
1.1388125
0.87684488
1
1
1
1
1.0576733
0.81699487
1.4356147
1
1.0448636
1.0130622
0.9657122
1.1679795
1
0.90903688
0.93188517
1.3159255
1.2679752
1
1.4117825
1.3403561
1.3288646
1
1
1.4394293
1.1736648
1
1
1
1
1.2311668
0.86092995
1.2060589
1
1.743305
1.164961
1.1541468
1.7894113
1
1
1
1
1
1
1.4991648
1.2421998
0.84595624
1
1
1.288087
1.2048871
1
1
1
1
1.5000775
1.0806411
0.91529497
1
1.5486065
1.007816
0.8537113
0.91284333
1
1.4844812
1.1123654
0.86711315
1.4013855
1
1.1505594
1.2705035
1.0908267
1
1
1.2158354
1.2681196
1
1
1
1
1.0821563
0.99808603
1.0093073
1
1.1403079
0.97607532
0.90250085
1.0391367
1
1.1616131
1.1935157
0.90598319
1.0396586
1
1.20159
0.81143189
1.1927764
1
1
1.415877
0.83539558
1
1
1
1
0.98615608
1.0674574
1.2358958
1
1.3961492
1.4219088
1.1341212
1.1548954
1.0734528
1.2253147
1.407797
1.0759274
1.0569387
1.1756835
1.3927391
1.3945844
0.94650953
1
1.210933
1.1614075
0.85318997
1
1
1
1
1.2843313
0.90397553
1.0085246
1
1.2433502
1.1859103
2.2528181
1.1914456
1.3825888
1.2657057
1.3182717
1.0488568
1.9931698
0.9352128
0.92579994
1.069963
1.0846819
1
1.1149102
1.018393
1.2173184
1
1
1
1
1.0629129
0.91107335
1.0938647
1
1.5153577
1.3118967
0.98775891
0.82964957
1
1
1
1
1
1.2217918
1.071989
1.163942
0.89611296
1
1.3769674
1.4297381
1.3038955
1
1
1
1
1.0194868
0.96749215
1.10421
1
1.7705072
1.1168574
0.87713263
1.0444453
1.8891471
1.2630231
0.93993134
0.93094686
1.0078483
1.1519916
1.2418168
1.266008
1.1020984
1
0.85636866
1.1913969
1.1971819
1
1
1
1
0.97282075
1.0599806
1.1494971
1
1.061731
1.1324096
0.88580356
1.295838
0.88536526
1.0267928
1.5950951
0.86584845
0.94007349
1.2438925
0.99581002
1.0981502
1.1002638
1
1.2574061
1.0845203
0.96104454
1
1
1
1
1.1555913
1.0735341
1
1
1.1916495
1.000005
0.93131186
1
1.4677792
1.5116183
1.3507511
0.80649104
1
1.0506387
1.4447656
0.90516673
1.0181646
1
0.82094134
0.81742627
0.60463743
1
1
1
1
1.3277094
0.97859694
1
1
2.0519688
0.74234227
0.85497486
1
0.87196232
0.99833569
0.87488953
0.76461843
1
1.0465589
0.95651555
1.1824111
1.0279766
1
0.97348762
1.023259
1.2067739
1
1
1
1
1.0665171
1.2083603
1
1
1.2423405
1.1291738
0.96296153
1
1
1
1
1
1
0.99273453
1.222305
1.5250209
1.0136774
1
1.1349445
1.5561164
1.3463753
1
1
1
1
0.9869765
1.1676333
1
1
1.4377386
1.0781082
0.8172746
1
1.6197037
0.92356811
1.1560687
1.1615418
1
0.95825035
0.95530054
1.3881659
1.0249131
1
1.0489406
1.0391912
0.92601511
1
1
1
1
1.2116124
0.95322527
1
1
1.2857471
0.87558236
0.97669972
1
1.0597998
0.99638585
1.0935901
1.3743263
1
1.7467127
1.0385656
0.72793117
0.96766709
1
1.4094408
1.0213964
0.91000278
1
1
1
1
1.2103455
1
1
1
1.2608297
1.1101292
1
1
1.6378956
1.4614613
1.1315287
1
1
0.88730832
1.1904666
1.1372639
1
1
1.4676751
1.1458372
1.3990558
1
1
1
1
0.95735035
1
1
1
1.4161384
1.3651871
1
1
1.6627678
0.77896023
0.81094285
1
1
1.2322207
1.3494424
1.35958
1
1
1.0562645
1.151912
1.066806
1
1
1
1
1.3430015
1
1
1
1.0863238
1.3535983
1
1
1
1
1
1
1
1.0489015
0.93098835
1.261758
1
1
1.4708422
1.2175408
1.280627
1
1
1
1
1.1032764
1
1
1
1.3658035
0.89651615
1
1
1.0252653
1.0966617
1.1668845
1
1
1.0538657
1.0147694
1.0071791
1
1
1.1968026
1.0977048
1.1250447
1
1
1
1
0.96973556
1
1
1
1.0179757
1.0546698
1
1
1.102165
1.04981
0.98839777
1
1
1.3301995
1.1930586
0.88254983
1
1
1.1158234
0.95221419
1.2326314
1
1
1
1
1.0157543
1.1839269
1.1148121
1
1
1.0295777
0.97773036
1.0379554
1
1
1.3657954
1.4177695
0.62486223
1
1
1.1355913
0.99390792
1
1
1
1.1235541
1
1
1
1
0.98192366
1.0101398
1.2994062
1
1
1.5220635
1.2152613
1.1446971
1
1
1.221339
1.1073701
1.1266658
1
1
1.194584
1.2943041
1
1
1
1.128004
1
1
1
1
1.312912
1.1241092
1.2825617
1
1
1.9034533
1.3989092
1.2334613
1
1
1
1
1
1
1
1.302432
0.77559403
1
1
1
1.1693429
1
1
1
1
1.0697408
1.1134677
1.0502823
1
1
1.0143497
1.5052746
1.1226248
1
1
1.2062772
0.91416405
1.0194185
1
1
1.2505991
1.56719
1
1
1
1.1391719
1
1
1
1
0.98165785
1.082478
0.89251286
1
1
0.93387608
1.1491457
1.0405562
1
1
0.81270904
1.2864322
1.569356
1
1
1.1864574
0.86024594
1
1
1
1.0892418
1
1
1
1
0.96465748
1.246881
1.4789812
1
1.0301883
1.0312659
1.0850912
0.74030055
1
1.5140589
1.2764089
1.1484924
1.2075484
1
1.4283413
0.96200338
1.1048126
1
1
1.0741194
1.2371362
1
1
1
1
1.3671701
0.88204394
0.89926372
1
3.0759811
1.2553782
1.5792198
1.1725348
1
1.2845448
1.1994523
0.64906093
1.065013
1
1.7453009
1.3163219
1.1861597
1
1
1.0435978
1.3194745
1
1
1
1
1.0552652
1.1458988
1.0974349
1
1.2601004
1.1419475
0.97236904
0.9758325
1
1
1
1
1
1
1.5504146
1.6009615
0.72632883
1
1
1.2764549
1.2339729
1
1
1
1
1.1337785
0.93242774
1.0922198
1
1.4707512
1.4989919
0.77986293
0.96897286
1
1.3727028
1.4055464
1.4571891
1.0256325
1
1.9656766
0.99276195
0.9507401
1
1
1.0408198
1.4150968
1
1
1
1
0.91217756
0.98211557
1.2634322
1
0.98581623
0.921016
0.93834275
0.93953213
1
0.99886294
1.2566476
0.91965823
1.053174
1
1.0507157
1.059335
1.4809779
1
1
1.0950365
1.1674577
1
1
1
1
1.3026567
0.93556055
1.1310065
1
1.1736711
1.1035507
0.90287296
1.4560365
1.1699173
1.5243698
1.1218841
1.0959475
1.1301647
1.0267182
1.4429674
1.0676346
0.89466402
1
1.0375725
0.99354898
0.47637773
1
1
1
1
0.79496855
1.0562262
1.0263183
1
1.3772657
0.77006156
0.67210729
1.2126617
1.4707182
2.5100327
1.7048755
1.0063356
1.1929516
1.440103
2.1073617
1.0078291
0.94328598
1
1.158793
1.3479149
1.022916
1
1
1
1
1.333735
1.0350484
1.4941845
1
1.2725042
0.99754684
1.7627839
1.2218376
1
1
1
1
1
0.96486793
1.1862941
1.2604413
1.3281592
1
1.2809979
1.5634067
1.1604117
1
1
1
1
1.1101916
0.82742526
1.0110299
1
1.753718
0.96731324
0.74885953
1.3598357
1.7525364
1.6815709
1.239132
0.91892762
1.0450655
1.0187477
1.331638
1.5256418
0.88921941
1
0.93202779
1.4241976
1.3730585
1
1
1
1
1.0683905
0.90424126
1.1456552
1
1.5215102
0.96242472
0.97893157
0.84244557
0.92595622
1.5825577
1.2501133
0.92070542
0.96760734
1.202243
1.2705941
0.78954876
1.5783557
1
1.2366035
1.148676
0.92147589
1
1
1
1
1.0780943
1.4682871
1
1
0.99689229
1.1061772
1.3041555
1
1.1896754
1.1319861
1.1554577
0.8357787
1
0.90261852
1.1881654
1.1613967
0.93425733
1
1.0469403
1.2463871
1.1038428
1
1
1
1
1.2357264
0.98535306
1
1
2.4233516
1.0820113
1.3322664
1
2.0175622
1.0644171
0.89075591
1.1813481
1
2.5034275
1.6630239
1.5655507
0.87955718
1
1.3189681
1.7575755
1.2498809
1
1
1
1
1.3642771
0.96322096
1
1
1.9093018
1.1251627
1.0025508
1
1
1
1
1
1
1.0632259
1.1831011
1.4245764
1.1517021
1
1.3095879
1.45746
1.0776694
1
1
1
1
1.4169264
0.94504485
1
1
1.4001974
1.2304383
1.1439563
1
1.6364841
1.3983391
1.0681473
0.70997575
1
1.9282978
1.440679
1.1850294
1.0111281
1
1.1799804
1.2126159
1.3264393
1
1
1
1
1.4081235
0.91374446
1
1
1.2345638
0.98794825
0.92775822
1
1.6395271
1.1001777
0.84804053
1.0143178
1
0.96319115
1.0340799
1.3070063
0.91821831
1
1.3950528
0.85047208
1.2074318
1
1
1
1
1.369246
1
1
1
1.0994402
0.88911033
1
1
1.531787
1.2726116
1.3220184
1
1
0.89308047
1.07537
0.92829758
1
1
0.90900811
1.2180512
0.98030095
1
1
1
1
1.2428667
1
1
1
1.3827596
1.0721142
1
1
1.8838634
1.2115924
1.1208468
1
1
0.78892259
1.2402649
1.1939654
1
1
1.1944073
1.3108892
0.93760385
1
1
1
1
1.1932842
1
1
1
1.6134657
1.2648403
1
1
1
1
1
1
1
0.91381123
1.2421652
1.3889751
1
1
1.1802768
1.5013749
1.2820425
1
1
1
1
1.3318908
1
1
1
1.4588864
1.0010219
1
1
1.0670976
1.0209536
1.1283373
1
1
0.90879652
1.0883215
1.176713
1
1
1.5687131
1.1642997
1.3366548
1
1
1
1
1.1036502
1
1
1
1.1119722
1.3551768
1
1
1.0859694
1.1361531
1.0026658
1
1
1.5207927
1.1565012
0.97705301
1
1
1.3725498
0.95745366
0.87238874
1
1
1
1
1.1886575
1.1129852
1.6940816
1
1
0.89910094
0.98347995
1.2732817
1
1
0.87096523
1.0750437
1.1528146
1
1
0.95817013
0.90110898
1
1
1
1.1273469
1
1
1
1
1.0663856
1.0296426
1.358574
1
1
2.1208302
1.2336174
1.1403574
1
1
1.6515252
1.4397515
1.03078
1
1
1.2997001
0.76161178
1
1
1
1.1910617
1
1
1
1
0.99109322
1.0192035
1.1969376
1
1
1.7804052
1.1422443
1.1874177
1
1
1
1
1
1
1
1.2934636
1.1378406
1
1
1
1.2513548
1
1
1
1
1.2735703
0.81507832
1.275092
1
1
1.6107788
1.0552143
0.92399429
1
1
1.6353008
1.9404465
1.30082
1
1
1.2185193
0.92956581
1
1
1
1.1382243
1
1
1
1
1.1485261
1.4432887
1.1103138
1
1
0.76417477
0.83712582
1.3047005
1
1
1.0300876
0.83913619
0.95241988
1
1
0.94478834
0.94005608
1
1
1
1.0893997
1
1
1
1
1.6987697
1.0931484
1.0750373
1
1.1920546
0.88421491
1.0244424
1.0212718
1
1.0770146
1.1639778
1.1585198
0.96294772
1
0.87155145
1.3534026
1.0821191
1
1
1.2380865
1.0481264
1
1
1
1
1.1994031
0.99351738
1.0962145
1
2.1655794
1.8110105
0.80245293
1.2191705
1
1.2877847
1.6047496
1.2574248
1.6495411
1
1.555673
1.3181547
1.1358864
1
1
1.8395204
1.2249383
1
1
1
1
1.6317996
0.88930133
1.0543507
1
2.9450339
1.8807889
0.90609959
1.1153111
1
1
1
1
1
1
1.5675646
1.8335024
1.334929
1
1
0.96079771
1.0428097
1
1
1
1
1.0507201
1.1865611
0.88901855
1
1.7999525
1.6432098
1.1255467
1.1191057
1
1.0336381
1.6199013
1.0970161
1.5895373
1
1.4637502
1.7325059
1.0280142
1
1
1.258971
1.0221388
1
1
1
1
1.1915046
1.0534096
0.91957265
1
0.92325541
0.87230781
0.924652
1.2687711
1
1.1264442
1.3080783
0.91607961
1.0799828
1
1.1294962
1.2960343
0.99263874
1
1
1.2901928
0.88850707
1
1
1
1
1.5897127
0.88672122
1.2275433
1
1.0440895
0.92961523
0.97984451
0.9366646
1.4813506
1.245117
1.1001922
1.0790399
0.93598298
1.7005654
1.3903191
1.1822424
0.88702757
1
1.3704277
1.1495258
0.85277057
1
1
1
1
1.2322972
1.1511974
1.1742809
1
1.8577269
1.05705
1.3385456
1.6367106
2.4847059
1.3641601
1.2280549
0.98902767
0.98104177
1.9297666
1.3803061
1.320101
1.0779304
1
1.5014722
1.4405833
1.2973445
1
1
1
1
1.2752858
0.73702097
0.83623699
1
1.2505864
0.9121814
1.2398719
0.75651277
1
1
1
1
1
0.88213846
1.4585313
1.6816905
1.3671779
1
2.0956429
1.7145759
0.95200545
1
1
1
1
1.2537932
1.0133152
1.2134543
1
1.656293
1.0135615
0.99438155
1.1315946
2.1789794
1.2661073
1.2780218
1.10592
0.9277722
1.8264856
1.2518278
1.3450743
1.2400401
1
1.2681809
1.3732476
1.4408419
1
1
1
1
1.2245587
0.76582314
1.1441532
1
1.4091797
1.3069119
1.369662
1.0528336
1.1880452
1.0384668
0.99771505
0.81466379
1.1850403
1.2839056
1.1745978
0.92393587
1.109694
1
1.3328633
1.6464873
1.1431307
1
1
1
1
1.1561379
0.96297882
1
1
1.1789742
1.0608751
0.90565743
1
1.8014334
1.0366965
1.1084186
1.2048683
1
0.93370616
1.1631792
1.0008615
1.1334272
1
1.3445832
0.95826591
0.90962298
1
1
1
1
1.338803
0.96647096
1
1
2.2757195
1.1160962
0.88893402
1
1.8080555
1.4172123
1.1409242
0.80567857
1
2.2865973
1.736514
1.508299
0.93448897
1
1.18079
1.2376707
0.95076652
1
1
1
1
1.1993494
1.2261604
1
1
3.0940912
1.2940638
1.2561434
1
1
1
1
1
1
2.6503867
1.4478585
0.93871921
1.1178807
1
2.2513563
2.1297112
1.5205963
1
1
1
1
1.1933942
1.2178727
1
1
1.7977931
0.95301646
1.6854895
1
1.6071199
1.3134289
1.2023291
1.0763736
1
1.4652761
1.3636413
1.0243567
0.91399543
1
1.251563
1.3554761
1.2063584
1
1
1
1
1.4173739
1.0334882
1
1
1.0132213
1.1130603
0.96673504
1
1.6535293
1.1500924
1.0531587
0.85036235
1
0.77569382
1.4133962
0.96833412
0.92890668
1
1.23987
1.0203198
0.9365232
1
1
1
1
1.1607929
1
1
1
1.509203
1.265306
1
1
0.88145999
1.0469968
1.0938004
1
1
0.9294369
1.2166359
1.0529703
1
1
1.2615401
1.2095
1.3161561
1
1
1
1
1.6028753
1
1
1
1.7236263
0.97942839
1
1
1.8286106
1.4106498
1.5445681
1
1
0.83619775
1.2542121
1.3514325
1
1
0.93585203
1.1104119
1.1143044
1
1
1
1
1.4120411
1
1
1
2.2028006
1.4362175
1
1
1
1
1
1
1
0.77407481
1.4469721
1.3085766
1
1
1.3266195
0.7840872
0.52485872
1
1
1
1
1.410602
1
1
1
1.8278565
0.8053934
1
1
1.7836947
1.2950736
1.2819265
1
1
0.86135507
1.3833817
1.4396495
1
1
0.9475421
1.1430895
1.3509529
1
1
1
1
1.3538653
1
1
1
1.2948203
1.1042643
1
1
1.004086
1.02465
1.3047888
1
1
0.88338503
1.0600299
0.91697976
1
1
1.013569
1.1023886
0.90242215
1
1
1
1
1.2858855
0.94306307
0.95343721
1
1
0.83382128
1.0476723
1.0067147
1
1
1.3924993
1.2116649
0.93935941
1
1
1.228826
1.283637
1
1
1
1.0979
1
1
1
1
1.0574211
1.0104106
1.1560834
1
1
1.3945544
0.92420512
1.3125479
1
1
1.1573136
1.2248235
1.3190217
1
1
1.3996993
1.0658967
1
1
1
1.278841
1
1
1
1
1.0896615
1.2763231
1.1648627
1
1
1.1100084
1.5842053
1.1700853
1
1
1
1
1
1
1
1.7676697
1.1513526
1
1
1
1.7430042
1
1
1
1
1.6806445
1.0000007
0.99384721
1
1
1.7496199
1.5543205
1.2730764
1
1
1.3375669
0.99316372
0.83963021
1
1
1.4847128
0.7739242
1
1
1
0.98049237
1
1
1
1
0.92560925
1.4169906
1.3066882
1
1
1.0157343
0.94268659
0.93457719
1
1
1.4001839
1.228002
0.8375116
1
1
1.1292898
0.86579992
1
1
1
1.2560077
1
1
1
1
1.2344434
1.1281563
0.8758504
1
1.3603655
0.99965536
0.97991839
0.8678035
1
0.90674646
1.0080999
1.0970142
1.1873332
1
0.81336513
1.0620411
1.0263351
1
1
1.4159122
1.0793374
1
1
1
1
0.94992622
0.91529738
1.3174966
1
1.3009393
1.3163395
1.1130329
2.0423263
1
1.6177619
1.2607837
1.0122651
0.98740579
1
2.1139985
1.2306055
1.0039097
1
1
1.3923941
1.6067019
1
1
1
1
0.97053982
1.0679206
1.6336745
1
1.1300177
0.84018551
0.91402676
1.2777822
1
1
1
1
1
1
1.3892363
1.4298994
0.91836634
1
1
1.3197052
1.1175456
1
1
1
1
1.2733967
0.97611167
1.015887
1
3.4194423
1.3882986
1.4421309
1.0450863
1
1.7773826
1.4205801
1.1456837
1.4050541
1
1.5319536
1.3492044
1.120605
1
1
1.2339013
1.2466673
1
1
1
1
1.1358709
0.9359136
1.1186689
1
1.23952
1.1056975
1.120504
0.79770292
1
1.4503613
1.3414315
1.1170452
0.90418713
1
1.1965851
0.9705903
1.2160227
1
1
0.78347642
1.6146214
1
1
1
1
1.3251487
0.9619812
1.0729289
1
1.3689766
1.0222038
0.95796444
0.97338876
1.2427781
1.0578422
1.3413973
0.96059518
1.1082316
0.98043275
1.141587
1.0974323
1.0370645
1
1.0071674
1.4967145
1.0059892
1
1
1
1
0.75250891
1.06312
1.0956208
1
2.0259037
1.0438251
1.0419022
1.1815447
2.2655487
1.681573
1.1946956
0.96983285
1.0798882
1.2458414
1.487838
1.3250197
1.004577
1
1.1565031
1.4605689
1.1768415
1
1
1
1
1.539088
1.0633379
1.0123204
1
1.2955917
1.2829344
1.0916414
0.98867427
1
1
1
1
1
1.2938254
1.6587518
1.7181594
1.239763
1
1.8735757
1.4187595
0.98322207
1
1
1
1
0.83878558
1.2696642
1.0264003
1
1.4197756
0.74712816
0.72545095
0.95048339
1.2739773
2.0135199
1.3337338
0.96558936
0.7872919
1.1213882
1.8261283
1.1856806
1.2311759
1
0.99605297
1.2929532
1.2178636
1
1
1
1
1.2775772
0.96604641
0.99261179
1
1.1341532
1.080183
1.030613
1.0066281
0.61044075
0.98696954
0.82352726
1.2519804
1.1748821
0.76455692
0.9886877
0.7275212
1.3025399
1
1.0651002
1.1290125
0.80887055
1
1
1
1
1.4085736
1.0001809
1
1
1.4633233
0.89383559
0.94845918
1
1.4433937
1.1507261
1.0049858
0.98432497
1
0.99927801
1.0724064
0.89677699
1.0483815
1
1.9828337
0.93968675
0.7868715
1
1
1
1
1.3728424
0.89041868
1
1
2.1398136
1.0356771
1.0261617
1
2.0377432
1.3194121
0.91394893
0.89039694
1
1.9659344
1.8028649
1.1162403
1.2444337
1
1.1821404
1.137641
1.2201241
1
1
1
1
1.5024681
1.3014094
1
1
1.8022515
0.93670976
1.1585291
1
1
1
1
1
1
1.0592105
1.1017919
1.2452432
0.64834094
1
1.1918605
1.4091062
1.1587882
1
1
1
1
1.0321047
1.8478263
1
1
2.3523419
1.1318321
0.81502977
1
2.2333404
1.2240839
1.1035071
0.72607533
1
2.7440644
1.7706806
2.2194471
1.5718866
1
1.4301105
1.6039894
1.1775111
1
1
1
1
1.4088856
0.76748168
1
1
1.2578974
1.1825018
1.7997562
1
1.2067171
1.3505486
1.2469909
0.95903375
1
1.1749512
1.0791868
1.1542051
1.1644194
1
1.0842056
1.1992017
1.123796
1
1
1
1
1.2983282
1
1
1
1.1019388
1.1336609
1
1
1.0764398
1.1646682
1.045004
1
1
1.2834537
1.0348585
1.0028156
1
1
1.6271842
1.1122238
0.80113013
1
1
1
1
1.2689985
1
1
1
1.7542278
0.97676687
1
1
1.0288702
1.2880176
1.4846213
1
1
0.89846357
1.0538542
1.0959754
1
1
1.1678256
0.91245468
1.0514965
1
1
1
1
1.39136
1
1
1
1.6861166
1.2460221
1
1
1
1
1
1
1
0.82802521
1.0761359
1.3233114
1
1
1.1941106
1.4663365
1.233811
1
1
1
1
1.1490385
1
1
1
1.6963443
1.4455808
1
1
1.8924708
1.2271324
1.1017513
1
1
0.73214435
1.2762413
1.2489694
1
1
1.0898746
1.2087806
0.96141237
1
1
1
1
1.2998485
1
1
1
1.3970962
0.8371407
1
1
1.1553539
1.1282172
1.0545873
1
1
1.2091854
1.1813308
1.1810083
1
1
0.85642753
1.3336231
0.94343763
1
1
1
1
1.032977
0.9124257
1.1665358
1
1
1.1403489
0.95847676
0.91550092
1
1
0.87917398
1.5424761
1.0043721
1
1
1.0354235
0.93794364
1
1
1
1.0997684
1
1
1
1
1.0037212
0.95827978
0.90368319
1
1
0.94683555
1.4945328
0.9940736
1
1
1.3864404
0.94215907
1.3703692
1
1
1.5897167
0.95863908
1
1
1
1.3485553
1
1
1
1
1.0321068
0.88964722
1.1021894
1
1
1.467587
1.075563
1.2298016
1
1
1
1
1
1
1
1.5414128
0.95979368
1
1
1
1.8865612
1
1
1
1
1.4153148
0.93355278
0.99791954
1
1
0.9210458
0.78906142
0.87180318
1
1
1.7461284
0.74339925
1.2507994
1
1
1.2666282
0.93470066
1
1
1
1.3643395
1
1
1
1
0.72839859
1.0032776
0.99406996
1
1
0.9087482
1.4338589
1.1138696
1
1
1.324924
1.0991456
0.8873386
1
1
0.89150607
1.4458377
1
1
1
1.1295545
1
1
1
1
1.0813841
0.93655334
1.2167894
1
1.1266198
0.99589116
0.93039935
0.93974941
1
1.5876345
0.99440424
0.81099883
0.76118351
1
1.1058412
1.1128493
0.93400481
1
1
1.1844479
0.8963359
1
1
1
1
1.2037324
0.91137362
1.125661
1
1.4376808
0.89288763
1.0894933
1.1194725
1
1.4400449
1.0076925
0.85942199
1.2572194
1
1.0670288
1.2319696
1.219652
1
1
1.0126033
1.1803579
1
1
1
1
1.2650608
1.1253569
1.1903879
1
1.871116
1.4011144
1.2061674
0.82232173
1
1
1
1
1
1
1.4816596
1.4351865
1.2397442
1
1
1.6294742
1.5253635
1
1
1
1
1.1693172
1.4488273
1.4995369
1
1.0322123
0.95488299
1.3420644
1.2544911
1
0.98965572
1.0044536
1.1078444
0.92110344
1
1.0741765
1.182405
1.1604103
1
1
1.0297326
1.0862066
1
1
1
1
1.4628022
1.1082733
1.3510684
1
1.4378653
1.3255867
0.94772082
1.0908743
1
1.5481536
1.3290193
1.5984528
1.0262572
1
1.0162131
0.70336584
1.3248857
1
1
1.1026528
0.91226581
1
1
1
1
0.97583609
0.90177059
1.1128182
1
1.0992677
0.9301964
1.0902317
1.1182474
0.89410425
1.2849716
1.2990366
1.0088815
0.85984171
1.2997208
1.0840558
0.97259526
1.0047457
1
1.375784
1.1567691
0.95315658
1
1
1
1
0.97113061
1.0983285
0.87557146
1
1.3246741
1.161415
0.93892925
1.0541836
1.5362588
1.2388649
0.90910077
0.78631322
1.5799259
1.1959044
1.1806595
1.2034198
0.93877193
1
1.2041325
1.113228
1.1061915
1
1
1
1
1.0450897
0.73242029
1.0212586
1
2.0227078
1.1443958
1.1389029
1.1294957
1
1
1
1
1
1.1990856
1.1775594
1.0438321
0.99589973
1
1.0416554
1.2387339
1.1192308
1
1
1
1
1.0711749
1.3227971
1.6579803
1
1.2790089
1.0277548
1.1124004
1.4095716
1.3865895
1.4489905
1.3355726
1.1467931
0.83674464
1.1568932
1.175339
1.1758081
1.0077312
1
0.99611607
1.0177608
1.1702319
1
1
1
1
0.95006062
0.99642791
1.4911861
1
1.3969275
1.2403266
1.577963
0.89774678
1.1198574
1.1360087
1.1644403
0.99742513
1.017902
1.0375668
1.2231765
1.1625379
0.89892222
1
1.2199549
1.2888637
0.86132719
1
1
1
1
1.0837684
0.92383409
1
1
1.2357818
0.90050249
0.9404159
1
1.3581363
0.98753842
1.2434964
0.72348209
1
1.4674427
1.0092616
0.89047753
1.0021697
1
1.584946
1.0516864
0.65312424
1
1
1
1
0.97645515
1.1460496
1
1
1.4642327
0.970019
1.2375249
1
1.3729066
1.00146
0.83842307
1.1296984
1
0.84399222
1.118761
1.1807895
1.2974833
1
1.1535069
0.9545864
1.1826699
1
1
1
1
1.0899887
0.94565861
1
1
1.1839746
1.2297196
1.164864
1
1
1
1
1
1
0.86345585
1.1127652
1.227727
1.0713079
1
1.1068032
1.4400192
1.2319247
1
1
1
1
1.191915
1.096678
1
1
2.470144
0.89127068
1.2742797
1
0.97488455
1.0680618
0.98277083
0.97828605
1
0.91480958
0.98866021
1.0894464
1.2518855
1
0.9760296
1.2011426
1.2303919
1
1
1
1
1.1426361
1.2887625
1
1
1.2776744
1.1700548
0.98961704
1
1.0942905
1.3128243
1.0871766
0.73060518
1
1.6143277
1.7450946
1.1803843
1.1866443
1
1.2878292
1.4129059
1.0001898
1
1
1
1
1.0199915
1
1
1
1.0892461
0.92655302
1
1
1.2024025
1.0566934
0.9123917
1
1
1.2411601
0.87740789
1.1508623
1
1
1.1951799
0.92327285
1.1907709
1
1
1
1
1.0613764
1
1
1
1.1412261
0.92007323
1
1
1.3019551
0.97533212
0.90546604
1
1
1.2558136
0.90791522
0.90559899
1
1
1.1016991
1.0325
1.0088401
1
1
1
1
1.1076751
1
1
1
1.2509938
1.2174278
1
1
1
1
1
1
1
1.1513984
1.0534651
1.2940115
1
1
1.4628339
1.5098551
1.1380311
1
1
1
1
1.1152697
1
1
1
1.3639731
0.98693003
1
1
2.4376958
1.0836404
1.019995
1
1
1.1608658
1.2872221
1.2464154
1
1
1.0588313
1.2678534
1.1125958
1
1
1
1
1.041337
1
1
1
1.1358018
1.0453354
1
1
1.3927463
1.4345277
0.99510246
1
1
1.1916522
1.4559254
1.3451857
1
1
1.2047239
1.1106404
1.3060559
1
1
