1
1
1.0538825
1
1
1
1.0600757
1.0582775
1
1
1.0936232
1.7367529
1.3471761
1
1
1.0866036
0.93871912
0.88267384
1
1
0.39292392
0.70617075
0.89712459
1
1
1
1
1.4973829
1
1
1
1.0624841
1.2497412
1
1
1.0960133
0.84332482
1.317635
1
1
0.57500069
0.87658853
1.2756859
1
1
0.89659975
1.0560935
1.1815164
1
1
1
1
1.2019261
1
1
1
0.86457303
1.1883045
1
1
1
1
1
1
1
0.70680766
1.0713999
2.0519202
1
1
1.0414917
1.0054464
1.8931132
1
1
1
1
0.98966781
1
1
1
0.92935622
1.2490225
1
1
1.0295188
0.83390762
1.0822438
1
1
0.88438065
0.78354496
1.160572
1
1
0.6702899
0.89958971
1.0641027
1
1
1
1
1.1061199
1
1
1
0.9822523
1.1688366
1
1
0.76894968
0.81584923
1.2806759
1
1
0.84100733
1.0219638
0.99088395
1
1
0.81924524
0.96609234
0.90688762
1
1
1
1
1.3602235
0.80958336
1
1
1.0563979
1.2702996
1.5191542
1
0.9168312
1.2184916
1.2488245
0.93732455
1
0.48781651
0.63699184
1.3396369
1.1158317
1
1.0274115
0.99196579
1.8020224
1
1
1
1
1.6750513
0.9950599
1
1
0.88941283
1.0753561
0.91998832
1
0.67655894
1.1067464
1.2221032
1.2992401
1
0.73093467
1.0068637
1.1159463
0.88541357
1
0.90053327
0.97129409
1.1986263
1
1
1
1
1.2294687
1.2166432
1
1
0.99376005
1.0373715
0.97897434
1
1
1
1
1
1
0.49675105
1.1285183
1.615512
0.70113738
1
0.90923425
0.93016724
1.5722055
1
1
1
1
1.0050963
0.96103831
1
1
1.1058417
1.1894398
0.84303256
1
0.7326182
0.93408729
1.0260795
1.0805706
1
0.82831229
0.87314689
1.3954332
1.0407196
1
0.9438386
0.85813947
0.97297477
1
1
1
1
1.0490948
0.95393843
1
1
1.0601657
1.0303102
0.99232285
1
0.74387685
1.0214648
1.1658509
0.98458563
1
0.87597477
0.99530267
0.8318723
0.98365575
1
1.0620937
0.81983315
0.77585054
1
1
1
1
1.4517758
0.94088083
0.83814603
1
1.010063
0.94415365
1.2088584
1.0094162
0.80364524
0.6642868
0.93241391
0.88566508
0.73968638
1.0020789
1.095632
1.2443838
1.2331852
1
0.98591592
0.7520358
0.76589029
1
1
1
1
1.9833741
1.015626
1.1480858
1
0.85655138
1.1060465
1.095105
1.1155961
0.71892935
0.77283201
0.99260093
0.83434032
0.91094682
0.77637364
0.8583712
1.2618431
1.0907961
1
0.97836487
0.70384082
1.0873579
1
1
1
1
1.4382518
1.1433258
1.0903386
1
0.99947082
1.1550922
0.93793619
0.90001378
1
1
1
1
1
0.65601233
1.0217231
1.8787536
0.91231416
1
1.2766654
0.96225113
1.3943553
1
1
1
1
1.3878887
0.94871137
0.9890896
1
0.79250403
1.230129
1.2908928
1.1410966
1.2109725
0.73151021
0.93868161
0.80053165
1.2724313
1.0242391
0.92033942
1.097483
0.95672398
1
1.2727162
0.73759498
0.83014031
1
1
1
1
1.0732566
0.89670611
1.1578998
1
1.1293892
0.86234373
0.99019681
0.99262572
1.0380623
0.96115045
0.85214404
0.9677235
0.9909824
0.7251208
1.1384495
0.76710509
1.1749083
1
1.3889045
0.59805098
0.84191108
1
1
1
1
1.2987966
0.95515032
0.79566246
1
0.57719856
0.88810525
1.0775632
1.1856045
1
0.82795576
1.1773407
1.2724207
1.0307241
1
0.95329777
1.1019432
1.1438149
1
1
1.1154265
1.312261
1
1
1
1
1.287406
0.86618628
1.5479489
1
0.91766706
1.087
0.74890466
0.73581571
1
0.67036389
0.80610952
0.95744344
0.94349349
1
1.0118039
1.5346785
0.92794804
1
1
1.0542927
1.510679
1
1
1
1
1.4315764
0.92216159
1.1283621
1
0.74108888
0.95131687
0.8970197
1.3048434
1
1
1
1
1
1
0.83139298
2.0417061
0.8616573
1
1
0.86320743
1.8264255
1
1
1
1
1.3012457
0.92011587
0.96667794
1
1.1077664
1.0816434
0.9716034
1.1586791
1
0.71154413
1.0420542
0.91978761
0.98711956
1
0.79528334
0.97683625
1.0791267
1
1
0.8386957
1.1465983
1
1
1
1
1.4236092
0.92148876
0.91924763
1
1.0035247
0.92036679
0.99453357
1.1410228
1
1.1998404
0.78210945
0.95970009
0.90510514
1
0.8053102
1.2103782
0.99448918
1
1
0.82982263
1.1123493
1
1
1
1
1.1184037
0.80665416
1.160321
1
1
1.0046841
1.1192916
0.95469583
1
1
1.3031317
1.1746446
1.3203083
1
1
1.2522197
1.0997789
1
1
1
1.0946032
1
1
1
1
1.4839684
0.85591231
1.1343405
1
1
0.55220435
1.070108
0.91627816
1
1
1.1232047
1.0857144
1.1890658
1
1
1.9641601
0.97304747
1
1
1
1.0066444
1
1
1
1
1.5172538
1.1238414
0.94035967
1
1
0.93245824
1.1697989
1.1445776
1
1
1
1
1
1
1
1.9849271
0.79772625
1
1
1
1.5639184
1
1
1
1
1.3348214
0.95956417
0.97534929
1
1
1.0165952
1.1164594
1.1222036
1
1
1.109675
1.1564529
0.97179602
1
1
1.3547258
0.9717128
1
1
1
0.95147614
1
1
1
1
1.0399394
0.9669484
0.97907017
1
1
1.1052475
0.99377754
0.9789666
1
1
0.87639942
0.98614684
0.98490026
1
1
0.86153214
0.99163969
1
1
1
0.95142515
1
1
1
1
0.97682299
1
1
1
1.0714779
1.0765915
1
1
1.0232939
1.4024711
1.4184775
1
1
1.0761255
1.118629
0.98361914
1
1
0.78448129
0.94534492
0.96662913
1
1
1
1
1.1793736
1
1
1
1.0309088
1.305152
1
1
0.96058639
0.90228057
1.0153776
1
1
0.64391609
0.87962805
1.6643724
1
1
0.59279643
0.75240363
0.87610826
1
1
1
1
1.0593573
1
1
1
0.81930369
1.1531974
1
1
1
1
1
1
1
0.70822112
0.94381366
1.5182872
1
1
0.7691817
0.73191382
0.97353591
1
1
1
1
1.0367555
1
1
1
0.83924484
1.0556053
1
1
1.7884063
0.83354565
1.0892998
1
1
0.97317645
0.92678147
1.3308353
1
1
0.87619391
0.94284425
1.1358902
1
1
1
1
1.0563412
1
1
1
1.0669984
0.89616217
1
1
0.8308232
0.9970525
1.0424767
1
1
0.88690898
1.0133298
0.98696258
1
1
0.7182202
0.74815564
0.89920747
1
1
1
1
1.1976671
1.1285475
1
1
1.1805586
1.0266947
1.2001973
1
1.1993172
1.2097031
1.5482439
1.0470369
1
1.120916
0.6758143
0.78604768
1.247709
1
1.0759341
0.84326259
0.99984076
1
1
1
1
1.5429446
0.79281271
1
1
1.417947
0.90361806
1.0686269
1
0.92692028
0.78897047
1.56098
0.78199981
1
0.36771127
0.51088913
1.0378255
0.9486414
1
0.99901461
0.93657682
1.3389331
1
1
1
1
1.3660129
1.1018092
1
1
1.4708583
1.5377047
1.3478009
1
1
1
1
1
1
0.78962576
0.91772674
1.7748551
0.74790465
1
1.4363653
1.1583745
1.6545691
1
1
1
1
0.98473293
0.96630796
1
1
1.7823705
0.90648268
1.1515946
1
1.2975412
0.88783657
0.97009743
1.0342875
1
0.8883036
1.0673764
1.0691447
0.91057673
1
1.0175908
0.692972
1.0624858
1
1
1
1
1.1238594
0.96462933
1
1
1.1417378
1.0783623
1.1414671
1
0.7940283
0.85942819
1.3099455
1.070276
1
1.1171362
1.0752817
0.74906705
0.95947943
1
0.9739612
0.9771257
0.84810556
1
1
1
1
1.2721687
1.2416614
0.9503526
1
1.7123389
1.5782075
0.85413795
0.94381393
1.0082496
0.93525569
0.91599643
1.0488708
0.78394012
0.95404951
0.71699752
0.77505835
0.97658013
1
1.2598912
0.88687876
1.8363634
1
1
1
1
1.6286418
0.89490123
1.1032317
1
1.4755116
1.7249703
1.3121675
1.2530733
0.90785192
0.37494146
0.79137761
1.5510724
1.6964261
1.0952892
0.71576851
1.6805374
0.89803803
1
0.99852634
0.76921886
1.1742676
1
1
1
1
1.5411393
0.95975896
1.3988728
1
1.0524266
1.5191006
1.2799132
1.0725264
1
1
1
1
1
0.51695455
0.53692911
1.3356334
0.66610638
1
1.0902746
0.80973982
1.2767871
1
1
1
1
1.3077418
1.054736
1.2231233
1
1.1420922
1.4934076
1.1135493
1.4942836
2.1810929
0.87064586
1.2543919
1.3318903
1.4804243
0.85841961
0.89135732
1.2935671
1.1265362
1
1.02724
0.69791712
1.1157561
1
1
1
1
1.2562593
0.88417283
0.93246293
1
1.2335477
1.1947071
0.93854432
0.9201571
0.96493779
0.90952896
0.94487564
1.5772064
1.0991431
1.1800918
0.84592625
1.1283201
0.81903111
1
1.388508
0.69976483
1.0607632
1
1
1
1
1.3116419
0.82946923
2.1345272
1
1.8123621
1.2788782
1.1017721
1.4621835
1
1.1002996
0.94337944
2.2029289
0.87312784
1
1.4281306
1.416583
1.2784809
1
1
1.1210516
0.9509779
1
1
1
1
1.1538949
1.3562322
1.1089849
1
0.4268974
0.58236529
0.93980846
0.79225499
1
0.61596345
0.94581645
1.04786
1.296021
1
0.9627767
2.1955376
0.79244791
1
1
1.0144666
1.6201306
1
1
1
1
1.0970352
0.91281505
1.2822884
1
0.64638463
1.0263642
1.2304056
0.91862189
1
1
1
1
1
1
0.64181327
1.9660044
0.74567612
1
1
0.79684432
1.7040891
1
1
1
1
1.4588387
1.2357894
0.92957254
1
1.213532
1.1307986
1.2152632
1.0109346
1
0.87802644
1.6070973
0.95287573
1.3114314
1
0.64613295
1.7214076
0.84225166
1
1
0.9058544
0.94412543
1
1
1
1
1.4470972
1.1199713
1.0181792
1
0.93762577
1.4357252
1.1526087
1.2690249
1
1.0502467
1.1365466
0.85036154
0.95929216
1
0.88172289
1.1117426
1.1774596
1
1
1.196932
0.79303547
1
1
1
1
1.1762873
0.97896513
1.0150827
1
1
1.2370415
1.2675025
1.2049299
1
1
1.1308706
1.2037472
1.0844539
1
1
1.1093617
1.0217172
1
1
1
1.469057
1
1
1
1
0.72929739
0.67570053
0.92422896
1
1
0.93211636
0.70440728
0.81020957
1
1
0.91866504
1.0316478
1.1463761
1
1
1.0503497
0.89019175
1
1
1
1.2208921
1
1
1
1
1.1906471
0.93860903
1.0918163
1
1
0.68728543
0.95479172
1.1711741
1
1
1
1
1
1
1
1.4080029
1.0621572
1
1
1
1.5113394
1
1
1
1
0.76357557
1.1498054
1.2269281
1
1
1.1042749
0.84309181
0.99305042
1
1
1.0642162
0.97278324
0.97242338
1
1
0.92042427
1.134227
1
1
1
1.069622
1
1
1
1
1.2620138
0.99027873
0.88591595
1
1
1.2052
0.99049497
0.94016045
1
1
1.5109836
0.90111298
0.95623954
1
1
1.149905
1.1287934
1
1
1
0.85558465
1
1
1
1
0.93507813
1
1
1
1.2527406
1.1308524
1
1
0.88520721
1.0104296
1.2968287
1
1
1.1831534
1.0795804
1.2936727
1
1
1.0629978
0.94054181
1.0280077
1
1
1
1
1.0406916
1
1
1
0.88483602
1.0862472
1
1
1.199755
0.80641558
1.3466373
1
1
0.90428211
1.2303654
1.5289492
1
1
0.69032566
0.85185853
1.0138422
1
1
1
1
1.3986794
1
1
1
0.87284691
1.4206327
1
1
1
1
1
1
1
0.65560427
1.1575327
2.492871
1
1
0.58118593
0.63744136
0.83214567
1
1
1
1
1.2089972
1
1
1
0.92164092
1.1940553
1
1
0.93967797
0.87525174
1.3022959
1
1
0.65752378
0.74404807
1.1494811
1
1
0.60771094
0.7401197
0.81092684
1
1
1
1
1.014645
1
1
1
1.4112361
1.4698212
1
1
0.82802497
1.0902194
1.3890406
1
1
1.1063026
1.0491506
1.1567102
1
1
1.192747
0.91607091
1.1748296
1
1
1
1
1.1900686
0.98160186
1
1
1.1154731
1.0517963
1.0179185
1
1.1735016
1.582321
1.8541044
1.0214451
1
1.0179522
0.87262229
0.85358922
1.0776783
1
1.2232535
1.1294659
1.3692571
1
1
1
1
1.4677853
0.92024312
1
1
1.331518
1.79861
1.2286126
1
1.1797993
0.79697659
1.3170005
0.72001897
1
0.83891322
0.76832406
1.7125908
1.0693987
1
0.83348691
0.81227891
1.4636364
1
1
1
1
1.4559954
1.2790118
1
1
1.101925
1.7321231
1.1199132
1
1
1
1
1
1
0.22170794
0.38944446
1.4970381
1.019543
1
1.4829591
1.2674002
2.3871625
1
1
1
1
1.2794589
1.2980048
1
1
1.8463169
2.1048505
1.044539
1
1.3864026
0.94323576
1.4688975
0.93658726
1
0.93861765
0.86917826
2.0312108
0.87354268
1
0.88489495
0.84006842
1.4515581
1
1
1
1
1.424612
1.0240502
1
1
1.1700503
0.94730114
1.0903922
1
0.92197948
1.5437807
1.4778312
1.0328369
1
1.2377491
1.1297963
1.1814966
1.0229372
1
1.08984
0.80828178
1.1204554
1
1
1
1
1.1817845
1.4246239
1.6633839
1
1.0763814
1.1394279
0.96400892
1.6408065
0.81763644
1.0857413
1.1441227
1.2840696
1.7261728
1.0981061
1.0468084
1.0548336
1.3513937
1
1.1256438
0.96446592
1.1652848
1
1
1
1
1.0279613
1.1783069
1.3200287
1
1.0197791
1.2138586
1.6064424
2.2146631
1.176206
0.90821678
1.4017796
1.2764002
1.3289426
1.1657922
1.0412907
1.5831287
1.2635341
1
0.99765081
1.0033453
1.3328531
1
1
1
1
1.0799048
0.98771793
1.7499587
1
1.0779923
1.3697211
1.3186429
1.3907907
1
1
1
1
1
1.1732631
0.93457396
1.6393979
0.75878135
1
1.1238474
0.84177966
1.540835
1
1
1
1
1.296509
1.2728967
1.8257366
1
0.99332471
1.0872667
1.5172182
1.4426291
1.0533034
0.85434145
1.3065764
1.3873601
2.4148981
0.98552438
0.951714
1.3092279
0.98880399
1
1.2015685
1.0692781
1.2506593
1
1
1
1
1.0149347
1.1437858
1.9839313
1
1.0528672
0.9971808
1.6917817
1.9870284
0.90279926
1.123148
1.1174695
1.6309037
1.3388481
0.91408731
0.85978829
0.82373551
1.1597322
1
1.1339001
0.79803489
0.95243197
1
1
1
1
1.095133
1.0952846
1.6894853
1
1.1875041
1.1274064
1.6022586
1.1769264
1
1.4864713
1.4310004
1.4039749
0.82019115
1
1.2507908
1.1320671
0.81466685
1
1
1.1055286
1.3106199
1
1
1
1
0.95227442
1.1032962
1.7110499
1
0.86440774
1.4402095
0.87356109
1.8209767
1
0.54496796
1.2640113
1.1700487
1.5173841
1
0.76290638
1.7934445
1.0760753
1
1
1.021161
1.5532614
1
1
1
1
1.3947246
0.66887593
1.2350398
1
0.2550211
0.61492491
0.61657532
1.1069502
1
1
1
1
1
1
0.55845828
2.8642392
1.0973332
1
1
0.84468384
1.8251657
1
1
1
1
1.2575409
1.3011403
2.1599917
1
0.85247793
1.2968035
1.0716939
1.3379162
1
0.70236885
1.1744473
1.3399346
0.88556127
1
0.86082438
1.7332433
1.1125791
1
1
0.94932511
1.2906726
1
1
1
1
1.2198015
0.78393591
1.1273787
1
1.5208211
1.2584646
0.99387618
1.3696268
1
1.7117301
1.2508008
1.0717871
1.3239537
1
1.2473759
0.99962542
0.92672922
1
1
1.4151708
1.0883362
1
1
1
1
1.3343908
1.0139474
0.9464215
1
1
1.520548
0.91558956
0.94535317
1
1
1.4055164
1.1715447
1.3097383
1
1
1.3746328
0.87635628
1
1
1
1.533809
1
1
1
1
1.3544611
1.2794832
1.0130291
1
1
0.50509113
0.89324617
1.6094347
1
1
0.9624889
0.91679442
2.9553953
1
1
1.6337839
1.0570046
1
1
1
1.5609268
1
1
1
1
0.49752833
1.0124685
2.0430128
1
1
0.8736239
0.9690378
1.1530659
1
1
1
1
1
1
1
1.9389685
0.7227832
1
1
1
1.9759893
1
1
1
1
1.2584884
1.1398531
1.1189843
1
1
0.74697502
0.98118335
0.73926518
1
1
1.3624567
1.0974698
1.0567777
1
1
1.3278971
1.0859133
1
1
1
1.2938829
1
1
1
1
1.1335073
0.89525182
1.3085527
1
1
1.5397284
0.9718463
0.79380535
1
1
1.1268051
1.1576556
1.3317881
1
1
1.5843763
0.90501255
1
1
1
0.91385331
1
1
1
1
1.2262718
1
1
1
0.99233348
0.98930948
1
1
0.84467363
1.0098396
0.92775429
1
1
0.85083188
0.89688802
0.90426294
1
1
0.81195721
0.77477662
0.9993548
1
1
1
1
1.0214402
1
1
1
1.0027269
1.2427753
1
1
1.6772111
1.0783643
1.5566047
1
1
0.94056286
0.8001195
1.2860333
1
1
0.85147915
0.89148865
1.0586258
1
1
1
1
1.0564208
1
1
1
1.0636507
1.2124487
1
1
1
1
1
1
1
0.56597561
0.72886998
1.2068188
1
1
0.71244661
0.69062243
0.96588506
1
1
1
1
1.1918876
1
1
1
1.1109479
1.3271089
1
1
1.3192937
1.1772988
1.3217973
1
1
0.70571835
0.83729987
1.7252767
1
1
0.66883032
0.75580697
0.85892983
1
1
1
1
0.8378729
1
1
1
1.0427606
1.0803488
1
1
1.0321387
1.144193
1.2474222
1
1
0.92114455
1.1516258
0.95209443
1
1
1.1119772
1.0491352
1.2204907
1
1
1
1
1.3326427
0.97170338
1
1
1.012284
1.0057793
0.96622996
1
0.69401538
0.97474567
1.3352605
0.9830201
1
0.85555476
0.89236223
1.1537277
1.0257036
1
0.86588569
0.75049849
1.4806207
1
1
1
1
1.0341039
0.91003784
1
1
1.3761392
1.1097986
0.98015451
1
1.2272032
0.95057257
1.0339283
1.2816456
1
0.87455391
1.0276553
1.362892
1.1231418
1
1.0363633
0.94825872
1.2600741
1
1
1
1
1.4717165
1.0435884
1
1
1.5174713
1.4547966
1.0148989
1
1
1
1
1
1
0.69039788
0.91865377
1.9260794
0.93291647
1
0.90121198
0.77987243
1.3199434
1
1
1
1
1.515353
1.1368381
1
1
1.4679414
1.1062466
0.87842694
1
0.67386331
0.6849375
1.0436494
0.86550329
1
0.30635101
0.48557857
0.89084937
1.3342981
1
0.91786811
0.9334792
1.1826744
1
1
1
1
1.1453191
1.4398341
1
1
1.0301833
1.1756442
1.1922056
1
0.96379028
0.89781392
1.2165001
1.579977
1
1.054774
0.83261522
0.87863191
1.1822533
1
1.118801
0.81684987
1.2760714
1
1
1
1
1.1762436
0.92035832
1.0816295
1
1.0386613
1.1796631
1.1198414
0.95196163
0.72581786
0.89792454
1.4586915
2.0182782
1.1336919
1.3066026
0.75355177
1.0798769
0.92135187
1
1.1463962
0.64870566
1.2412287
1
1
1
1
1.911352
0.843192
0.92614807
1
0.97095064
1.1934577
0.86401031
1.4773127
1.9044825
0.91321506
1.2132158
1.0421557
1.0747869
0.75905588
0.75585624
1.3670139
1.3916304
1
1.0061996
0.68144474
1.0993986
1
1
1
1
1.3859371
1.4126841
1.0232512
1
0.81999
1.3753935
1.5828288
1.4783411
1
1
1
1
1
0.88418574
0.90869426
2.6725648
0.71922649
1
0.86964449
0.70697383
1.2466629
1
1
1
1
1.6573533
0.85545207
0.95621275
1
1.2763052
1.4074488
1.0285893
1.2346788
0.72378157
0.33159668
0.65206943
0.80888754
1.3213717
1.1210236
0.85965822
1.8141145
0.96193662
1
1.2899571
1.0236909
1.4277711
1
1
1
1
1.2223732
1.2650444
1.1829924
1
0.99858157
1.0306764
0.86512846
0.83289525
1.1551227
0.96625047
1.056225
0.83796993
1.1254744
1.8680672
1.3713653
1.6010905
1.5346545
1
1.2646006
0.81111589
1.4430294
1
1
1
1
1.1148241
0.95167087
1.140445
1
1.1811944
1.254878
0.94578499
0.97842387
1
0.99354296
1.2087829
1.2090221
0.87437753
1
0.903598
1.2612223
1.0704348
1
1
0.96246865
1.1460501
1
1
1
1
1.6577442
0.86330726
0.86370999
1
1.1387097
1.3002369
0.87903569
2.0783027
1
0.78171153
1.2803076
1.5472378
1.0523812
1
0.78936468
1.5574331
1.0049682
1
1
0.97222215
0.93458405
1
1
1
1
1.3423014
1.5269603
1.2003122
1
0.69655809
0.95187786
1.4677213
1.3675357
1
1
1
1
1
1
0.72479748
1.9503269
0.90798008
1
1
1.0113039
1.4361792
1
1
1
1
1.1352183
1.5633398
1.3281098
1
0.47388504
0.60065302
1.2108896
0.81916445
1
0.75532409
0.98551585
1.3538872
1.5359401
1
0.91353953
1.6553642
0.8796274
1
1
0.99057488
1.3977208
1
1
1
1
1.4336665
1.089361
1.9239033
1
1.5175722
1.1504295
0.97767713
1.3092545
1
1.2790731
0.99665158
1.4301953
1.6884777
1
1.2201578
1.3982098
1.362646
1
1
1.1214141
0.68344777
1
1
1
1
1.1089463
0.98440641
1.231559
1
1
1.4583508
0.9363886
0.9132005
1
1
1.0439446
0.970967
1.1687015
1
1
0.96803308
0.96613651
1
1
1
1.2260098
1
1
1
1
0.97176429
1.0735727
1.4245163
1
1
0.71549671
1.4726178
1.3577749
1
1
1.3824929
1.1265849
0.92078504
1
1
0.9396251
0.96360657
1
1
1
0.81811393
1
1
1
1
1.2714963
1.0604207
0.8574022
1
1
0.69036111
0.95294096
1.3218126
1
1
1
1
1
1
1
1.4983925
1.0132174
1
1
1
1.8852473
1
1
1
1
0.68883982
0.97227401
0.83918453
1
1
0.62110139
0.89156835
0.86264109
1
1
1.3363708
1.0156353
0.9842659
1
1
1.4816411
0.91000851
1
1
1
1.261877
1
1
1
1
1.6216596
1.1729676
0.90810049
1
1
1.17292
0.92514349
1.3287775
1
1
1.0438963
1.0073269
1.3835013
1
1
1.3947834
1.0946281
1
1
1
1.2874392
1
1
1
1
1.0775301
1
1
1
0.99760553
0.87305991
1
1
0.65334877
1.0555628
1.1497527
1
1
0.68644672
0.99655784
0.88146125
1
1
1.0066494
0.70038584
0.9875546
1
1
1
1
1.3296799
1
1
1
1.0989401
1.044902
1
1
0.9306214
0.8072535
1.1951034
1
1
0.61959355
0.98874969
1.2146589
1
1
0.64169181
0.80325094
0.90744013
1
1
1
1
1.1206292
1
1
1
1.214477
0.95523996
1
1
1
1
1
1
1
0.49009271
0.97627706
1.4862964
1
1
1.0970383
1.0827336
1.7538422
1
1
1
1
1.3846579
1
1
1
1.0619393
1.0282184
1
1
0.80344151
0.92065569
1.0278789
1
1
0.55693964
0.8344966
0.82712014
1
1
1.0776766
0.99128449
1.142687
1
1
1
1
1.1788155
1
1
1
0.94153975
1.020011
1
1
1.2991285
1.930474
1.4904792
1
1
0.71896606
1.221253
0.91502217
1
1
0.54101174
0.85437232
1.0651469
1
1
1
1
0.8885647
0.95641595
1
1
0.96695643
0.98010175
0.99534355
1
0.68841329
1.0157412
1.0805226
0.96871683
1
0.96079049
0.72593447
1.177715
0.98869953
1
0.85878168
0.70959779
1.157933
1
1
1
1
1.1949379
0.98607359
1
1
1.0545735
1.0410969
0.96971733
1
0.70583064
1.0527597
1.3478567
1.1343681
1
0.85135122
0.87786458
1.870201
0.99349403
1
1.2745997
0.66023142
0.76368459
1
1
1
1
1.2991406
0.9474861
1
1
1.0080384
0.93296281
1.5724214
1
1
1
1
1
1
0.50573596
1.042522
1.6505655
0.96846574
1
1.1052132
1.1979668
1.9128563
1
1
1
1
1.562934
1.0529219
1
1
0.97264189
1.4737643
1.1130678
1
0.52311683
0.86867474
1.0582303
1.0855032
1
0.64496938
0.94718426
1.1837758
1.0297635
1
1.0053399
1.0105024
1.4816383
1
1
1
1
1.3680796
1.0287011
1
1
1.1805609
1.2412022
0.86742843
1
0.73302607
1.054173
0.90869072
0.77663375
1
0.53230568
0.60883322
1.0993986
1.3903301
1
1.2049004
0.87808121
1.6468126
1
1
1
1
1.0842335
0.98403835
1.1983206
1
1.1832009
1.0150679
0.97955382
0.96039161
0.86505675
0.90984087
1.0876377
1.1111524
1.000129
1.3477503
0.6329904
1.0718299
0.96074221
1
1.039416
0.56519893
1.2693211
1
1
1
1
1.1875183
1.1438676
0.98213454
1
1.0076888
0.99444935
1.0699993
1.2287166
1.0902739
0.7042074
1.0890702
1.157638
1.1323892
0.78303722
0.82235249
1.513424
1.1635367
1
0.78269396
0.95274547
1.1493427
1
1
1
1
1.4132821
0.88126215
0.91395334
1
0.83849543
1.1806898
1.1248633
0.8400303
1
1
1
1
1
0.57444101
0.83439553
1.8959085
0.90164626
1
1.124852
0.8352438
1.1550962
1
1
1
1
1.6236358
1.2605132
1.0482594
1
0.65346347
0.8878444
1.1022046
0.99823734
0.84035954
0.58871624
0.89185462
0.9554636
0.92158685
0.67849986
0.60452274
1.0962662
0.93795962
1
1.1108591
0.73053213
0.83096066
1
1
1
1
1.245992
0.79658954
1.0137477
1
1.0667564
1.0649984
1.3366174
0.88247717
0.76244474
0.59972105
0.88213574
1.1109304
1.2120787
0.99257494
1.0814138
1.1717876
1.0683809
1
1.7873739
1.1859346
1.4958518
1
1
1
1
1.1313526
0.98829117
0.97722088
1
0.81191146
0.9397502
0.98945648
0.995201
1
0.84080927
1.0845518
0.95120903
1.1418538
1
0.96330789
1.0249024
0.94265485
1
1
0.69932562
1.2724637
1
1
1
1
1.3711589
1.0685581
0.95974261
1
1.1356711
0.92031389
0.95686941
0.99893413
1
0.72103676
1.2424832
0.97482466
1.1662333
1
0.85273315
1.0865058
0.90349478
1
1
0.8740857
0.82021845
1
1
1
1
1.2037383
1.0599345
0.99129552
1
0.93806729
1.1076963
0.94021284
0.9083198
1
1
1
1
1
1
0.92673442
1.5187275
0.86782545
1
1
0.993513
1.7249322
1
1
1
1
1.321719
1.0524237
0.94427055
1
1.1043174
0.89164648
0.9961371
0.90552747
1
0.61263393
0.8724143
0.84348153
0.97467789
1
0.86832938
1.3057934
1.2879997
1
1
0.96126384
1.2875149
1
1
1
1
1.2778348
0.73983743
1.3622222
1
0.54873496
0.81601412
1.179429
0.82171541
1
0.99711716
1.2547251
1.3648392
1.3962559
1
1.2733193
1.3103394
0.78581072
1
1
1.0357791
1.2850555
1
1
1
1
1.2195354
0.96492392
0.99673958
1
1
1.1074993
0.99778558
0.98602614
1
1
1.422101
0.97744074
0.99040038
1
1
0.84145922
0.99370734
1
1
1
1.2387012
1
1
1
1
0.81456532
0.9098163
0.94149061
1
1
1.3333998
0.96873873
0.95451145
1
1
0.88015613
0.96845881
1.1810673
1
1
0.96299507
0.99165773
1
1
1
1.1456439
1
1
1
1
1.0530074
0.87957662
1.3865909
1
1
0.93919841
0.95721244
1.1457437
1
1
1
1
1
1
1
1.7676137
0.79649732
1
1
1
1.55922
1
1
1
1
1.5287697
0.95199359
0.92613792
1
1
0.4786706
1.1861853
1.0689822
1
1
1.3301755
0.93140892
0.94269094
1
1
1.3232057
1.0428521
1
1
1
1.3257345
1
1
1
1
0.66441703
0.70797501
1.1072465
1
1
1.1227086
0.87247206
1.1418499
1
1
1.1341696
1.2456684
1.3000249
1
1
1.1787384
1.0683904
1
1
1
0.97387456
1
1
