1
1
0.97536653
1.4771743
0.70817068
1
1
1.2600763
1.2949343
1.5842027
1
1
0.88617395
0.82862048
1.2877395
1
1
1.2791109
1.2565952
1.2208249
1
1
0.74114295
0.89401551
1.1127824
1
1
0.89407982
1.3719621
1.2827916
1
1
0.93696104
0.93949776
1.1689681
1
1
0.76086883
1.2382125
0.94091707
1
1
0.95142695
1.1456606
0.89069527
1
1
1.0064363
1.1498199
1.1196537
1
1
1.1599336
0.74322728
1.2568373
1
1
0.9722919
0.98453945
1.0627925
1
1
1
1
1
1
1
0.85829301
1.0387499
1.3745887
1
1
0.85831229
1.1633827
1.3156189
1
1
0.83667514
1.1767164
1
1
1
0.78274575
1.6640234
1
1
1
0.76230803
1.3406501
1
1
1
0.79304007
1.0898503
1
1
1
1.2309125
0.83058696
1
1
1
1.1013156
1
1
1
1
1.1366531
1
1
1
1
0.78208106
1
1
1
1
0.7976522
1
1
1
1
0.72293722
1
1
1
1
1.1010476
1.2139191
0.91188177
1
1
1.6496502
1.4946151
1.6428359
1
1
1.1365117
0.89298075
0.95453924
1
1
0.50516005
0.75044378
0.80922192
1
1
0.90780018
1.5305295
1.1101032
1
1
1.0345107
1.4408922
1.170357
1
1
0.83703512
1.1800538
1.3832677
1
1
0.92115894
0.78925227
1.0678393
1
1
0.69620326
0.78256906
0.71230748
1
1
0.89819826
1.0976936
1.2856246
1
1
1.208089
0.92641885
1.2382654
1
1
1.090631
1.1479678
0.82356255
1
1
1
1
1
1
1
1.1004872
1.4863269
1.8149582
1
1
0.99448392
0.95370141
1.0836209
1
1
1.1618148
0.83020134
1
1
1
0.7710549
1.5080024
1
1
1
0.9362596
1.3950779
1
1
1
0.86545624
1.1357714
1
1
1
0.99482833
0.69343285
1
1
1
1.0013957
1
1
1
1
1.1800405
1
1
1
1
0.86265335
1
1
1
1
0.7206227
1
1
1
1
0.7021141
1
1
1
1
1.0709013
1.2871474
1.0047664
1
1
1.3605082
1.1831706
1.6928574
1
1
0.4930757
0.47048775
0.56672576
1
1
0.74108081
0.81494171
1.0262196
1
1
1.8487413
1.7301129
2.3403156
1
1
1.0744623
1.4959761
1.5510877
1
1
0.55778308
0.40954467
1.0925202
1
1
0.8965497
0.80607233
0.97278822
1
1
0.64222439
0.55695845
0.55645685
1
1
1.3040978
0.90608927
1.1071867
1
1
1.3101951
1.1891597
1.0751614
1
1
1.0534681
0.98275829
1.0730347
1
1
1
1
1
1
1
0.96468311
1.0138129
1.4304783
1
1
0.88279115
1.0172703
0.987511
1
1
0.79359301
1.5394036
1
1
1
1.3808194
1.0878673
1
1
1
0.80693045
1.157058
1
1
1
0.91630333
1.1655837
1
1
1
1.1126576
0.8326287
1
1
1
1.1681491
1
1
1
1
0.97589671
1
1
1
1
0.85410282
1
1
1
1
0.68008723
1
1
1
1
0.65031304
1
1
1
1
1.3540576
0.91352105
0.82491889
1
1
0.71052965
0.41039286
0.74226451
1
1
0.95893868
1.2037565
0.73420401
1
1
1.3133501
1.3220926
1.146531
1
1
1.0569544
1.3094421
1.1570952
1
1
1.1718454
1.1271681
1.4050426
1
1
0.89015241
0.86305469
1.2523426
1
1
1.0207011
0.59537058
0.76542766
1
1
1.0677227
0.91924915
0.92001191
1
1
1.2995135
1.0248662
1.4648324
1
1
1.4297734
1.1575052
1.1138728
1
1
0.7961405
1.0250665
1.0837523
1
1
1
1
1
1
1
1.1060951
1.2100002
1.3225862
1
1
1.2144013
1.123737
1.3086363
1
1
0.98898037
1.3647475
1
1
1
1.2341737
1.0064031
1
1
1
1.0588237
0.69461937
1
1
1
0.84483858
0.97145648
1
1
1
0.9272396
0.9241473
1
1
1
1.2465066
1
1
1
1
0.91088782
1
1
1
1
0.8526764
1
1
1
1
1.0271466
1
1
1
1
0.91448511
1
1
1
1
0.56988067
0.63546643
1.1193471
1
1
1.3306737
1.1316329
0.68382467
1
1
1.0873946
1.0333708
1.5072046
1
1
1.1797028
1.2015012
1.0161676
1
1
0.96165883
1.2798565
0.89198023
1
1
0.94521366
1.1348864
1.5476112
1
1
0.7806197
0.60848165
1.0884324
1
1
1.2680861
1.118374
1.1710886
1
1
1.0841025
0.97927511
1.4130021
1
1
0.9916252
0.97600227
1.0474695
1
1
0.91580549
1.6403635
1.1125709
1
1
1.1298118
1.0356085
1.1237455
1
1
1
1
1
1
1
1.2138408
1.0955966
1.3543526
1
1
0.8355195
1.0737306
1.6462778
1
1
0.97235493
1.3258753
1
1
1
1.2731306
1.0068409
1
1
1
1.1740808
1.2120284
1
1
1
1.2053787
0.98405054
1
1
1
1.2019099
0.76332077
1
1
1
1.0022481
1
1
1
1
1.0796175
1
1
1
1
0.85963345
1
1
1
1
0.85877983
1
1
1
1
0.97878463
1
1
1
1
0.79768403
1.2142051
1.1190828
1
1
1.3763179
1.3467942
1.3834926
1
1
0.8916924
1.1268156
1.5428938
1
1
1.035228
1.0946606
1.0868751
1
1
1.2839672
1.324351
1.5734153
1
1.2780981
1.128883
0.89333848
0.98625606
1
2.1231059
0.85313641
1.0988977
0.83205187
1
2.7763329
1.0667568
1.3055278
1.2796698
1
2.4709603
1.4057722
1.1711117
1.5090443
1
0.71593122
0.60033034
0.77942242
0.89323413
1
1.083443
1.2426957
1.0914136
0.7718458
1
1.1339013
0.8525171
1.2321831
1.0100793
1
1
1
1
1
1
1.1002231
0.94475146
0.99625481
2.250394
1
1.0396988
1.0346289
1.2788817
1.3231182
1
1.8066739
0.72493232
0.86669899
1
1
0.87322673
1.0083285
1.402724
1
1
1.1202898
0.86721676
1.3028352
1
1
1.3500484
0.86292584
1.1341162
1
1
0.9871098
1.0434436
0.75662651
1
1
0.82224639
1.3274285
1
1
1
1.2507799
1.0994625
1
1
1
1.2810769
0.90886278
1
1
1
0.9672742
0.87486616
1
1
1
1.0911522
1.0086865
1
1
1
1
1.0793441
1.1358286
1.928855
1
1
1.2727883
1.1791533
1.0948925
1
1
0.81320268
0.9225387
1.0096911
1
1
1.5219466
1.4344071
1.1288555
1
1
1.5523384
1.737532
1.7085594
1
1.5150475
0.80568679
0.91074396
1.4408428
1
2.1698048
1.536096
1.049465
1.3979948
1
4.0918328
1.1587095
1.0540169
0.89814931
1
0.73703353
0.32000413
0.40880338
0.29280648
1
0.66413471
0.95970425
0.95560976
0.99676942
1
1.4767884
1.2826283
0.88978144
1.1040341
1
1.5582168
1.1514563
1.5141931
1.6311319
1
1
1
1
1
1
0.86625328
1.0420994
1.1103104
1.3043726
1
0.66526902
0.62734945
0.65388056
0.91412787
1
0.8207614
1.0109305
1.2968638
1
1
1.493603
1.6581274
1.1477394
1
1
0.81254694
1.2586366
1.7948897
1
1
1.2386947
1.3288455
1.6423119
1
1
1.3438886
1.2390098
1.1525773
1
1
1.1701661
0.9883699
1
1
1
1.9644793
0.89679669
1
1
1
1.104898
0.98201557
1
1
1
1.2791394
0.9099172
1
1
1
1.1644045
0.94382632
1
1
1
1
1.1065348
1.3514479
1.3704038
1
1
0.98435359
0.88517122
1.0793422
1
1
1.349902
1.3563486
1.3414881
1
1
1.546758
1.5138836
1.4336303
1
1
1.2026905
1.6133875
1.0501765
1
1.1827567
0.9917531
1.4586095
1.2028097
1
1.9586927
1.1247396
1.2032007
1.5986129
1
0.70573706
0.30555684
0.28696998
0.44723519
1
0.61616431
1.0483587
0.87197498
0.86731889
1
0.86859959
1.530371
1.3778782
1.6536308
1
1.2441728
1.4986172
1.3044227
0.86948809
1
1.0221214
0.79865505
1.2174342
1.6740359
1
1
1
1
1
1
0.61152024
1.362592
1.3550948
3.0775448
1
1.0126851
1.0876517
1.325935
1.6576446
1
0.93183313
1.367639
1.3066167
1
1
0.54651155
1.1949338
1.4107327
1
1
0.71366813
1.4478131
2.04567
1
1
0.74842442
1.1000197
1.4062511
1
1
1.0349733
1.5240614
0.7785125
1
1
0.87614839
1.2332361
1
1
1
0.91685689
0.99165223
1
1
1
1.324468
1.0844288
1
1
1
1.1567903
1.0340628
1
1
1
1.0983411
0.94279098
1
1
1
1
1.42463
1.4477417
2.0291289
1
1
1.0269756
0.85337703
1.3748415
1
1
1.1431022
1.0542897
1.2095884
1
1
0.98532742
0.91162619
0.95830891
1
1
1.2776245
1.076198
1.9773441
1
1.5951633
1.3999826
0.87986976
1.0518451
1
0.52227723
0.46042916
0.40889185
0.74894129
1
1.1478776
1.0903915
0.84689192
1.2356183
1
0.7729487
0.95585
0.73104725
1.7252171
1
0.92955835
1.2484286
0.80223381
1.5088641
1
0.92682908
1.6200397
1.1496918
1.3417273
1
0.61161337
0.93105179
1.0775234
1.2848754
1
1
1
1
1
1
1.0603309
1.4745704
1.5559032
3.9792318
1
0.77144411
1.2309993
1.0249276
2.6400519
1
1.5750898
0.96940164
1.1346179
1
1
0.6748787
1.869459
1.3628341
1
1
0.86819795
1.1534523
1.3698249
1
1
0.62356878
1.4443355
1.463079
1
1
0.83221806
1.595234
0.8561951
1
1
1.1897959
1.2358787
1
1
1
1.6814872
1.1187203
1
1
1
0.95014285
1.2307069
1
1
1
1.0075486
1.3159971
1
1
1
0.94970687
1.160793
1
1
1
1
0.96568283
1.0738544
1.0784515
1
1
1.0999985
1.6707257
1.1455901
1
1
1.093793
1.265068
1.1454155
1
1
0.94677545
0.79948378
1.5437993
1
1
0.81233458
1.692802
1.1291322
1
0.97203842
0.73789694
0.68212304
0.77831364
1
0.87823496
0.82347289
0.71926152
0.84145702
1
0.81260698
1.223372
0.61225423
1.6245239
1
0.82155159
0.8500857
1.1845121
1.0336812
1
0.89724476
0.99346068
0.78355208
1.4529469
1
0.95527134
0.87541682
1.7679544
0.98599181
1
0.96801124
0.71989388
0.81679034
1.3305697
1
1
1
1
1
1
0.97077683
1.0537125
1.1565711
1.4107661
1
1.0109795
1.0137677
0.9230182
2.0027288
1
0.97053439
1.5347496
0.73658831
1
1
0.70994444
1.1446516
1.0537951
1
1
0.95066402
0.94935205
0.989507
1
1
1.0128795
1.1674115
0.81249154
1
1
1.9163756
1.1279298
0.71410727
1
1
1.0980578
1.0949452
1
1
1
1.0505996
1.1071761
1
1
1
1.3663805
0.98974602
1
1
1
0.98387109
1.3000718
1
1
1
0.9396011
0.90032715
1
1
1
1
1.3861056
1.1234784
0.80441057
1
1
1.0580273
0.85245972
2.1762058
1
1
1.1074381
1.0089108
1.69743
1
1
1.0335106
0.93657719
1.7393147
1
1
1.1288004
1.2780133
1.6750377
1
0.96807707
1.001356
1.2566001
1.1830936
1
1.2754568
1.0453845
0.97383528
1.3141524
1
1.5993635
0.86876712
0.87408203
1.3566667
1
1.1034032
0.76416167
0.75179386
0.49546552
1
0.77758426
1.3791564
1.30896
1.6336475
1.2758715
1.2937881
1.0380341
1.0556234
1.3042311
1.5712396
0.90282576
0.77966078
0.85914775
1.3056962
1
1
1
1
1
1.7882594
1.1296718
0.94097939
0.94933651
1.7004815
1.2101283
0.77462146
0.59739317
0.7283192
1.2086171
1.2117682
0.70666425
1.112879
1.4474305
1
1.1469526
0.86432936
1.0142907
1.4346466
1
1.6356092
0.92125894
0.86176733
1.2217635
1
0.58305631
1.3837038
1.1240457
1.7287998
1
2.4227609
1.3507193
1.6465471
0.87222285
1
0.60507267
2.0075429
1.1995006
1
1
0.83236323
0.7963688
0.89065819
1
1
1.4284956
1.1015681
1.0672742
1
1
1.500083
1.1400234
1.1812308
1
1
1.290772
1.3393227
1.0158701
1
1
1
1
0.98709877
1.1893747
1.3837286
1
1
1.1772702
1.4580667
1.5124809
1
1
0.73966821
0.97947878
1.4411036
1
1
1.513982
1.4992391
1.2702914
1
1
0.81434066
1.0052853
1.5574083
1
1.4847749
0.9928429
1.3164247
1.1736125
1
1.7305989
1.2061863
1.0770452
3.018102
1
1.4370798
0.97452499
1.0580559
1.3663248
1
1.3968611
1.0046932
1.0002886
0.9769005
1
1.1698485
1.1822636
0.99967587
1.7071635
2.2358153
1.5071323
1.3871031
1.1703775
1.0125713
2.0810733
1.334978
1.355919
1.76669
2.1748981
1
1
1
1
1
1.1191879
0.46633993
0.36736846
0.49834816
1.0813157
0.54559586
0.63573503
0.51833378
0.57038772
0.68149051
1.1837827
1.4401614
0.92160776
1.2736713
1
2.019586
1.021792
1.0347847
1.3289897
1
1.2904091
1.0438307
0.78664142
1.4033248
1
1.0884456
0.80770861
0.90355104
1.1364786
1
1.3112876
0.95223902
1.2099266
0.88910613
1
1.1081491
1.1404061
1.0074032
1
1
1.4870299
1.4406337
1.5953802
1
1
1.1122813
1.1578638
0.84858975
1
1
1.2975129
1.2304929
1.0034218
1
1
1.3840059
1.4689867
1.0975031
1
1
1
1
0.92979306
1.0541332
0.95194114
1
1
1.3495118
1.4929753
1.2939225
1
1
1.1281336
1.4336315
1.1456607
1
1
1.17107
1.3437936
1.0494352
1
1
1.047228
1.1640677
1.3142279
1
2.0615271
1.543721
1.5878379
1.6031576
1
1.0417552
0.8491263
1.115689
1.0190675
1
1.1887442
0.87377558
1.0439682
1.3194043
1
1.1244801
0.78910769
1.283668
1.4789683
1
0.96794559
1.1848919
1.2505331
1.5882019
0.98998131
1.4553603
1.2431225
1.3409735
0.88408591
1.347075
1.0087804
0.79322537
1.1245625
1.4984458
1
1
1
1
1
3.3694828
1.6284569
1.2865783
1.709162
3.8111991
2.1266617
0.97872744
1.2602196
1.061754
2.5182107
1.1650779
1.3274074
1.2169614
1.5279991
1
1.0771997
1.2159226
0.92805326
1.1048279
1
1.4813522
1.2270599
0.92785984
1.4412511
1
1.7355506
1.4472723
0.95351875
1.3362579
1
1.4662881
1.108877
1.194549
1.0028534
1
1.127223
1.3558096
1.1822347
1
1
1.4364519
1.6510266
1.5256394
1
1
1.1499454
1.4800948
1.0692993
1
1
1.3575934
1.713383
1.4351024
1
1
1.3533741
1.3160289
1.153994
1
1
1
1
1.5157712
1.2940961
1.3197015
1
1
1.380256
1.4900122
1.5381113
1
1
1.1103301
1.2602825
1.3074901
1
1
1.2665282
1.4515765
1.2797225
1
1
1.1512915
1.4784128
1.0225152
1
1.0596739
1.7389431
1.5067482
1.1469876
1
0.98968621
1.1425222
0.92527293
1.1967496
1
1.1584267
0.99879203
0.59727322
0.60147332
1
1.8485521
1.1174618
1.1637999
1.2326328
1
1.2669058
1.3052872
1.1567941
1.2634521
0.99412671
1.1028991
1.93539
1.0906913
0.91330888
0.86496903
0.38320646
0.35011592
0.39552889
0.46718142
1
1
1
1
1
2.2257411
0.90161652
1.1519956
1.0840412
1.9009939
1.7242158
1.1431244
1.138674
1.3553129
1.8236398
1.2586551
1.4776928
1.1816732
1.1098103
1
1.4670542
1.3161537
1.3018075
1.1575494
1
1.0682641
0.60216352
0.96805419
1.7422203
1
1.340818
1.0568408
1.2392741
1.6629592
1
1.3621435
1.2695974
1.546021
1.2287569
1
1.1273373
1.8041555
1.276358
1
1
1.546732
1.6419101
1.2436544
1
1
1.3371695
1.2056437
1.2196696
1
1
1.376614
1.2162985
1.2619183
1
1
1.5512944
1.175218
1.0595947
1
1
1
1
0.90562015
1.1124344
1.3626499
1
1
1.4037639
0.83488227
1.2600746
1
1
1.1093401
1.2524166
1.3992129
1
1
1.0610285
1.2565151
0.85187681
1
1
1.0327266
1.3459408
1.1500751
1
1.0017885
1.0622716
1.1347771
1.3524452
1
1.0331808
1.2640072
0.73623124
0.6262844
1
1.3344663
1.2677394
0.84861491
1.3866735
1
1.265508
0.9430479
1.4274927
0.95399272
1
1.139996
0.91648961
1.125776
1.1759886
1.397042
0.82494712
0.55179096
0.7007506
0.93434668
1.1902239
0.58164637
0.93586596
0.9701528
1.4469587
1
1
1
1
1
0.71682098
1.34672
0.95067283
1.4181634
1.4266547
1.5007451
1.1130996
0.84363536
1.2126074
1.1614269
1.4593585
1.1894475
1.0087822
0.92495578
1
0.61304106
0.82173823
0.9005392
1.1258322
1
1.7446242
1.0959772
0.97998201
1.1536586
1
1.0460905
1.28033
1.0763609
1.2221432
1
1.1007684
1.1760334
1.3032982
0.86219343
1
1.5304344
1.1173832
0.95829098
1
1
0.93812993
1.2754363
1.2371816
1
1
1.0465973
1.4733324
1.1456802
1
1
1.340477
0.80924739
1.2651029
1
1
1.0720878
0.81712677
0.98311764
1
1
1
1
0.90381324
1.1501023
1
1
1
1.0419507
1.0922703
1
1
1
0.87314318
1.1432045
1
1
1
0.84892789
1.0669021
1
1
1
0.8421662
1.0727267
1
1
0.88750772
1.3242682
0.86891873
1
1
1.1194423
0.85180592
1.1286766
1
1
0.95882194
0.71534042
0.85918509
1
1
1.4886728
1.0046349
1.0386838
1
1
0.87017209
1.1704083
1.2112801
1
0.85107597
1.1338186
1.0843158
1.52311
1
2.2131281
1.0842826
0.72690049
1.2833594
1
1
1
1
1
1
2.3094736
1.3268215
1.2598054
1.3235443
1
1.2992886
1.2324676
1.1110509
1.1078719
1
0.78074705
1.0498927
1.1154948
1.4150766
1
0.95841214
1.1836426
0.86121106
1.7550082
1
1.1644735
0.99280819
0.7800811
2.1587472
1
1.3262839
1.3709998
1.4338876
2.454128
1
0.6479104
0.70965567
0.58383507
0.73688653
1
0.71086586
1.1908662
1.1375039
1
1
1.8533331
1.1653302
1.1933306
1
1
1.5615038
1.0685085
1.1792414
1
1
1.2172776
1.0676467
1.0733325
1
1
1.0103587
1.0202928
1.0441344
1
1
1
1
1.1694642
1.2124674
1
1
1
1.1345671
1.1351108
1
1
1
0.9893245
0.97953189
1
1
1
0.76474955
1.2922623
1
1
1
0.77997401
1.581154
1
1
0.97975589
1.0986888
1.0629163
1
1
1.494448
1.4836547
1.4046455
1
1
1.6028981
1.3245316
0.98826799
1
1
1.3486054
1.1196797
1.408657
1
1
0.92022716
1.027331
1.1999065
1
1.0134796
1.3611366
1.2187364
1.1901629
1
2.1238429
1.2712673
1.0622839
1.6842656
1
1
1
1
1
1
1.4804725
1.1926264
1.0172306
1.033817
1
1.5245551
0.97071262
0.80674426
1.1451803
1
0.99727939
1.3390261
1.0524889
1.4779627
1
1.2358492
1.0580907
1.3964316
2.0690818
1
1.1757472
1.3878736
1.4909371
4.8855601
1
0.34372242
0.44524116
0.37785038
0.77351971
1
1.0966816
0.91995633
0.94272796
0.6579436
1
1.300237
1.3669045
1.4369902
1
1
1.4912661
1.3967839
1.227909
1
1
1.1239426
1.2415728
1.0919831
1
1
1.0848552
1.2749736
1.1996176
1
1
1.7723148
1.7221907
1.3968878
1
1
1
1
1.3615405
0.99581854
1
1
1
1.1913797
1.3040346
1
1
1
0.98257183
1.075498
1
1
1
0.84980588
0.95797411
1
1
1
0.90438603
0.99772947
1
1
1.4707921
0.90684917
1.3514889
1
1
1.4977014
1.4523761
0.5658029
1
1
2.0882056
1.3871437
1.0259012
1
1
1.4429846
1.0622279
0.88315882
1
1
0.8873272
1.3206465
1.3800162
1
0.98048911
1.0884699
1.354666
1.7306124
1
1.2229486
1.4515708
1.1329252
1.0713538
1
1
1
1
1
1
1.3902137
0.86167887
0.77276186
0.43822591
1
1.556881
1.3689658
1.0846552
0.88199863
1
1.491304
1.0618748
0.91785427
0.96183363
1
1.8624044
1.2864531
1.1229528
2.0975692
1
0.46722112
0.32267312
0.41515411
1.0170722
1
0.68781192
0.87345375
0.89223731
0.52304159
1
1.3691401
1.1275163
1.1977655
0.69071847
1
1.6987678
1.4580499
1.1462539
1
1
1.6139859
1.4721384
1.5856343
1
1
1.2459797
1.3847739
1.2783787
1
1
0.7647035
0.76134122
0.76052118
1
1
1.1125883
1.8637014
1.3268153
1
1
1
1
1.2011234
1.1194898
1
1
1
1.2029336
1.0891066
1
1
1
1.3485332
0.69033081
1
1
1
1.4243538
0.99469112
1
1
1
1.127333
1.064016
1
1
0.81023898
1.1065014
1.2518903
1
1
1.858875
1.5909566
0.68512368
1
1
1.3169846
1.4762668
0.78654161
1
1
1.4678283
1.3103977
0.73246357
1
1
1.006277
1.7554178
0.74048553
1
1.7216209
0.95467236
1.6060374
1.4045391
1
1.9264478
1.0146017
1.0143747
0.7835026
1
1
1
1
1
1
3.5208728
1.5175936
1.4178267
0.70688997
1
2.1978042
0.90563926
1.0969551
0.8937013
1
1.2671498
1.1562977
1.2324182
1.3660011
1
0.72493405
0.34728081
0.44009957
0.67010761
1
1.1924109
0.89135093
0.94440486
0.76687028
1
1.3534851
0.82597308
1.2930084
0.86460474
1
1.711527
0.96811375
1.1703785
0.70841262
1
1.9542952
1.2749796
1.6565498
1
1
1.9313927
1.2555402
1.0932309
1
1
1.0558669
0.95260216
1.0741098
1
1
0.84916945
1.0827333
1.1463021
1
1
1.4163755
1.2083902
1.2865476
1
1
1
1
1.2697496
0.99704645
1
1
1
1.1170037
1.1007806
1
1
1
0.98861037
1.1909214
1
1
1
1.184616
0.78059615
1
1
1
0.84794675
1.5654575
1
1
0.81514391
1.4302915
1.3121938
1
1
1.2141251
1.5225845
0.69609602
1
1
1.4571857
0.93460135
0.99048531
1
1
0.9853377
1.0088109
1.0196679
1
1
0.80877415
1.2364548
0.79913461
1
1.1968505
0.91016183
1.0609603
1.0020726
1
1.1127545
0.94451705
0.77500469
1.0720827
1
1
1
1
1
1
1.7154862
0.91179347
0.81199959
1.2417938
1
1.8707318
0.61674951
1.166711
1.3354727
1
0.76066341
0.46727342
0.6133022
1.4335766
1
0.70634039
0.63976158
0.97812774
1.2272077
1
1.5413242
0.97568266
1.1035934
0.63590099
1
1.0836371
1.0132298
1.0318285
1.0380501
1
1.4007325
0.7224372
0.95427305
1.055107
1
1.6584333
0.97250346
1.0103654
1
1
1.140922
0.91808538
1.4988551
1
1
1.2852327
1.0240089
1.2597817
1
1
1.4063327
1.0780464
1.0555662
1
1
0.84946637
1.5488266
1.0322777
1
1
1
1
1.1136105
1
1
1
1
0.90144615
1
1
1
1
0.8167503
1
1
1
1
0.65728554
1
1
1
1
0.80105222
1
1
1
1.1458696
1.1462499
1
1
1
0.98771248
1.0904169
1
1
1
1.1148364
0.86079096
1
1
1
0.977714
0.86512338
1
1
1
0.90783661
1.1290143
1
1
0.97708622
1.0926321
1.2032196
1
1
1.0902588
1.2390178
0.88496909
1
1
1
1
1
1
1
1.5571797
1.1824855
1.1046916
1
1
1.2097243
1.221849
0.78902532
1
1
0.85900601
1.3193514
1.067978
1
1
1.0033673
1.3240773
1.1096033
1
1
1.1428974
1.2282836
0.81627092
1
1
0.95610935
1.1619538
1.1700848
1
1
1.1436499
1.1603236
0.99858379
1
1
0.89091197
1.5045045
0.81015861
1
1
1.2721096
1.2881372
1.389047
1
1
1.0057805
0.84437382
0.78917729
1
1
1.4598312
0.94183507
1.0458718
1
1
0.91608213
0.72253226
0.62959339
1
1
1
1
0.79984827
1
1
1
1
0.96091514
1
1
1
1
0.70138777
1
1
1
1
0.74350793
1
1
1
1
0.73624075
1
1
1
1.4010046
0.87852358
1
1
1
1.0235456
1.0062467
1
1
1
1.1136771
1.0150091
1
1
1
1.2690497
0.83855879
1
1
1
0.77343284
1.2954048
1
1
1.0412947
0.98140393
1.3322306
1
1
0.79368036
1.8221884
1.0557867
1
1
1
1
1
1
1
1.6748551
1.181876
1.2427371
1
1
0.67656947
0.77543473
0.84985981
1
1
1.8065929
1.0399883
0.90475221
1
1
1.3606116
1.0287434
0.8707164
1
1
1.2819237
0.98648896
0.93428095
1
1
0.72969215
0.92769306
0.79164963
1
1
0.93812742
0.95815816
0.86149293
1
1
1.1454258
1.5537306
0.89262596
1
1
1.892694
1.359918
1.2846585
1
1
1.1911002
1.0027658
1.6026129
1
1
0.79424473
0.71417063
0.50204845
1
1
0.97960941
1.5593259
1.0410879
1
1
1
1
1.2798243
1
1
1
1
1.1434477
1
1
1
1
0.9076008
1
1
1
1
0.85047108
1
1
1
1
0.63322358
1
1
1
1.3926901
0.90132711
1
1
1
1.5723651
0.96133411
1
1
1
1.4816677
0.89646295
1
1
1
1.1374849
0.79941932
1
1
1
0.68818379
1.0388703
1
1
0.98317002
1.1489967
1.2695339
1
1
1.0891849
1.0054199
1.0620847
1
1
1
1
1
1
1
1.5912082
1.1557178
1.1451488
1
1
1.1907726
1.1552035
0.93423083
1
1
1.2612648
1.2759656
1.3210001
1
1
1.3734708
0.64386672
0.59365141
1
1
0.95752637
1.0730106
0.84944662
1
1
0.65150166
0.75966157
0.82000016
1
1
1.149737
0.88386688
1.3266209
1
1
1.1719444
1.0647524
0.95439334
1
1
1.404781
0.97549276
1.1681768
1
1
0.56243298
0.51791672
0.50476764
1
1
1.0786673
0.8297851
0.76673542
1
1
1.2759968
1.0323099
1.0518189
1
1
1
1
1.1713916
1
1
1
1
0.76716695
1
1
1
1
0.94200022
1
1
1
1
0.91603463
1
1
1
1
0.95260877
1
1
1
1.5502895
1.0695298
1
1
1
0.87555181
1.2445971
1
1
1
1.372092
0.76642896
1
1
1
0.94434748
0.83266454
1
1
1
0.94059824
0.85972959
1
1
1.0736953
1.1416193
1.1350136
1
1
1.0841576
0.86270603
1.0033226
1
1
1
1
1
1
1
1.5361039
1.0705564
0.92732961
1
1
1.1329044
0.58984511
0.76948281
1
1
1.3256139
0.90826706
1.219383
1
1
1.1126498
0.70677821
0.97487731
1
1
1.0441888
0.61812665
0.81728676
1
1
1.4005513
1.0343017
1.1776957
1
1
1.542553
1.0437199
1.103019
1
1
1.3319657
0.82825695
1.1695001
1
1
0.91480738
0.50338741
0.86630073
1
1
0.7543177
0.8724709
0.82350852
1
1
0.97522851
1.014203
0.95358346
1
1
1.1452273
1.261066
1.2268605
1
1
1
1
1.1880801
1
1
1
1
1.0879106
1
1
1
1
1.3450475
1
1
1
1
0.84792937
1
1
1
1
1.2168924
1
1
1
0.98138127
0.7604258
1
1
1
1.4226964
0.96602868
1
1
1
1.0735614
0.94705188
1
1
1
1.2742777
0.74078591
1
1
1
0.98119992
0.99981762
1
1
0.87318993
1.1323519
1.2721131
1
1
1.2581553
0.7565465
1.174689
1
1
1
1
1
1
1
1.4776839
0.97584476
1.1500529
1
1
1.7163893
0.90007189
1.0150941
1
1
1.5526804
1.1461408
0.83690231
1
1
1.1070865
0.79034752
0.8107348
1
1
1.0900312
1.1496842
0.89480321
1
1
1.6051649
0.80670358
1.1374919
1
1
1.321341
0.78986608
1.2777684
1
1
0.88910294
1.0274776
0.60956564
1
1
0.8014785
1.469392
0.8968456
1
1
1.4662027
1.6131884
0.7028783
1
1
1.0412223
0.85172091
1.2847565
1
1
0.77098105
0.99092326
1.3411519
1
1
