0.0014842264
0.0019590285
0.0030970643
0.0049801896
0.0064687659
0.0096109912
0.014546491
0.035260764
0.0033092636
0.0076762179
0.013448984
0.019366633
0.027005021
0.039442917
0.058064482
0.12603541
0.026025317
0.040561921
0.045153401
0.056347523
0.063209851
0.081519412
0.10035941
0.18186457
0.048550688
0.076673299
0.095806149
0.11078397
0.12868515
0.15374918
0.19531157
0.31235322
0.16234497
0.28135932
0.39294199
0.4575617
0.48626832
0.51483355
0.51303581
0.60052014
0.16166967
0.26082229
0.37330609
0.48612583
0.54247559
0.58812414
0.62645194
0.72760688
1.0049224
1.0098067
0.94596385
0.90738267
0.89888666
0.89579066
0.93697515
1.0518098
3.1156999
2.8946198
2.7198091
2.5806462
2.5511245
2.521557
2.4945089
2.4337922
8.176276
7.1489961
6.7998449
6.1429758
5.3100829
5.1138793
4.8445643
4.4219251
12.89927
11.728999
11.843681
11.127537
10.419463
10.051498
9.1852867
7.5226921
11.301633
12.292482
14.306111
14.740906
14.569109
13.23461
11.622381
8.1531615
19.536751
22.575967
25.29448
26.044144
25.500567
23.136807
20.661168
14.984797
29.009784
37.692435
44.565919
45.891958
41.576744
36.239866
29.161842
17.62239
