0.97459071
0.99746001
0.99877469
0.99723344
1.3602326
1.622238
0.84244115
1
0.93883477
1.3375696
3.2475208
1.6148102
1.1050159
1.074384
0.9483673
1.0148189
0.96753815
1.3726891
1.1670369
2.2565979
1.4481202
1.8908111
0.98991272
0.99130267
0.99988657
0.98507254
1.3311928
1.5095668
0.64805347
1
0.74494728
1.6134391
1.1513486
2.9633786
1.2332952
1.806212
1.1905939
0.84608098
0.82009685
2.0687909
0.91664999
2.7585829
1.4365419
1.3910911
0.99781677
0.9965156
0.99947793
0.99824622
1.209811
1.6858489
0.63857181
1
0.84169374
1.6488516
1.0162175
1.294862
1.6810031
1.308816
0.98971813
1.0041938
0.88387594
1.8218006
0.83632989
2.0916431
1.2716846
1.4507944
0.95403415
0.99851426
0.96999121
0.87603491
1.2416891
1.5258414
0.56962391
1
0.73388843
2.4037259
0.86624934
1.6836492
1.3768606
1.9229533
1.2474273
1.6786725
0.71625669
2.8888526
0.71517893
2.2369453
1.5325761
2.0821389
1.3347654
1.0702657
1.1719495
1.4645513
1.0967579
1.3792773
1
1
1.2505133
3.5355223
0.64067727
1.0969034
1.1977541
2.4972089
1.1074243
2.4286661
1.2680545
3.8250298
1.8021839
2.2379564
0.82064656
2.3558372
1.0612296
1.0321859
1.3351571
1.4363328
1.3855514
0.80301881
1
1
1.3546218
3.2296685
0.73634863
0.88558916
1.5481716
1.9850637
0.91717695
1.9419986
1.0032371
3.3968074
0.58651324
2.1006981
0.998232
1.4047436
1.5566691
1.6905046
1.4855037
2.2961431
2.8658749
3.0974271
1
1
3.5946455
1.8433951
1.4804388
1.2302796
2.3803334
1.5801333
1.9758391
1.6670428
3.7936452
1.6565621
2.6839624
1.9489123
2.8499038
1.9493941
1.7210617
1.5568497
1.444883
1.4959455
1.9267498
1.9301356
0.54934656
1
1.098465
2.9400342
1.0995618
2.5185938
1.0529776
2.7496985
2.1244995
4.1922749
2.0927677
2.9208308
1.4916039
2.5105706
2.0147701
2.1013848
1.9417489
1.1421439
1.4454465
1.5381915
1.5668059
1.5021567
1.8150798
1
1.250005
2.8627947
1.0102955
2.1836882
0.25524986
2.3935472
2.3938551
3.0277632
3.6164513
2.1156286
1.3592654
1.9633804
3.588138
1.7862738
2.4258641
0.81627933
1.8620609
1.8718822
1.7376958
1.8945601
1.2841197
1
1.5883461
4.4032351
3.7407743
4.2417231
1.2190701
1.3071844
13.853739
13.495234
2.7313151
5.8998494
1.2769135
3.9595685
2.2488854
3.3730976
2.3076299
1.6799636
2.1489253
2.7142469
1.7171601
1.749176
0.67883212
1
1.4211709
2.2321802
1.786595
2.9834504
4.7696761
2.7910343
0.77974741
1.8186597
1.3346504
2.2572609
2.0645891
2.985683
1.9014997
1.633519
1.9216652
2.0703485
2.3012733
2.4242156
1.836882
1.8023666
0.38676966
1
1.0184004
2.7611065
1.4706436
2.8403712
1.7409372
3.1426472
2.1801527
4.6858126
2.8592917
3.1534068
1.6436147
2.1988919
2.3975441
2.0266937
2.1231692
1.6691714
2.3122969
1.7215759
1.6264247
1.5965103
1.1903752
1
0.9914507
3.0894157
1.1024131
0.97279945
3.236726
3.3947337
2.368935
3.4137876
1.3842651
3.7672443
1.1374447
2.1595145
2.3409801
2.2286749
1.8044796
1.1079653
2.0766204
2.073547
1.8355396
1.6123669
1.4173795
1
1.0184186
3.0846164
0.85640391
1.3521049
1.3865192
2.6038766
1.3576536
2.9514807
1.1445823
2.9191432
0.77285225
2.3100771
1.7014761
1.7226458
1
1
1
1
1
1
1
1
1
1
1
1
1
1
1
1
1
1
1
1
1
1
1
1
1
1
1
1
1
1
1
1
1
1
1
1
1
1
1
1
1
1
1
1
1
1
1
1
1
1
1
1
1
1
1
1
1
1
1
1
1
1
1
1
1
1
1
1
1
1
1
1
1
1
1
1
1
1
1
1
1
1
1
1
1
1
1
1
1
1
1
1
1
1
1
1
1
1
1
1
1
1
1
1
1
1
1
1
1
1
1
1
1
1
1
1
1
1
1
1
1
1
1
1
1
1
1
1
1
1
1
1
1
1
1
1
1
1
1
1
1
1
1
1
1
1
1
1
1
1
1
1
1
1
1.0042861
1.2126191
1.2611032
1.5633143
0.9964802
1.0133172
1.3278782
1
1.0437255
3.154003
0.71447894
1.3723808
1.1558172
1.9641677
0.71104928
1.0671246
0.69250292
1.7695961
1.0090806
2.1695019
1.6945274
3.459359
1.5803534
1.6840381
1.7668238
1.8618618
1.2242244
1.4863651
1.2460986
1
1.5858576
1.7419884
2.0627083
2.8640285
4.1400727
5.4863822
1.4121251
1.6500229
1.1425076
1.7043364
1.4075156
2.4187674
2.138565
2.7106136
1.1404102
1.0847971
1.5051598
1.4057009
1.1442334
1.2712122
1.0374018
1
2.0383571
2.0401534
0.46140567
2.1037136
1.5630777
9.0787616
1.0452795
2.0420033
1.0233553
2.9995029
1.2057097
1.901
1.9453077
2.1806123
1.5062329
1.6427668
1.4608927
1.3536487
1.2359846
1.2109633
0.95239443
1
0.93455569
2.1539909
0.53751617
0.73183974
0.96973862
2.0869053
0.9204967
2.5194038
0.94398783
4.0360385
1.4451137
1.6187343
0.87481336
1.3880355
0.90520729
1.1002253
1.1790726
1.5723266
1.1478149
1.0834617
0.715185
1
1.1288887
2.6216575
0.79328166
2.0715885
1.539633
2.0698641
1.3338204
1.8232617
1.9078372
3.9092737
2.3177586
3.5264206
1.2243725
2.2743071
0.88891851
0.94990308
1.0488766
0.93905373
0.92635211
1.1893377
0.83582765
1
0.71501435
1.9043767
0.47820195
1.1599363
0.4669497
0.67432242
0.54574406
1.1753758
0.72395283
2.2992908
1.1960299
6.7297055
0.51216053
1.6037663
1.114607
1.6384238
1.3347934
1.2637411
0.88403831
1.6472648
0.80378899
1
0.87729594
1.6324026
0.31103032
0.67681311
1.0976242
0.8258117
0.62518585
1.8444648
0.64200982
1.4256163
0.26245934
0.94834475
3.4137492
9.6662065
0.98471511
0.97408577
0.99589726
1.1574315
1.3541686
1.7428757
1.1276218
1
0.62417479
0.91748083
1.4870187
2.0241567
1.1933553
2.0014308
0.93673644
1.0052292
1.4333835
1.3215609
1.3408434
2.0513723
1.4723064
1.5645265
1.0000018
0.99878336
0.99804846
0.99127618
1.3672675
1.7778426
0.8199259
1
1.0278473
0.91604213
0.71181858
1.299476
1.3141828
1.4757151
0.99627284
2.3428129
1.755222
1.6729182
1.0305131
2.0544904
2.1410658
1.7155925
0.99938806
1
1
0.98254776
1.5630712
1.9299227
0.92831385
1
0.95788602
1.174846
0.82342175
1.497754
0.96887908
2.0303139
1.1636031
1.3377961
1.4179743
1.6564384
0.69167871
1.8775375
1.545955
1.7510398
1.0754654
0.99989835
0.97753173
0.97400342
1.3974338
2.3164886
1.9866711
1
0.84013419
1.5589818
0.7044546
2.6557901
1.0890094
2.4079826
0.90706973
2.7233983
1.0955504
2.9725345
1.0534464
2.1589619
1.6017555
1.3393935
1.026595
0.903331
1.2113499
1.3607133
1.4511619
1.88456
1
1
1.5506813
3.5417624
1.1673309
3.0035275
1.1501659
2.294197
1.2021895
1.9991927
1.3388653
4.025887
1.3713879
2.7732886
1.152448
2.4088638
1.1396296
1.6370794
1.3994544
1.3780316
2.1030441
1.5671628
1
1
1.7425338
3.4665393
1.5065933
3.4637007
2.6082097
2.2663053
1.0484923
2.4759894
1.4500912
4.247848
1.0261277
3.4966613
1.7295861
2.3529837
1.0852847
1.4100494
1.0742436
1.8111285
2.707499
3.0962098
1
1
2.565601
2.1674324
0.90438511
1.6368501
2.3173383
2.0128989
1.5106903
1.4124771
2.0014614
2.0355171
2.6576409
2.5245613
2.6341085
2.1713644
0.57525978
0.93833456
0.96991058
1.4633388
1.6863834
1.7696285
1.9204361
1
1.2695294
4.166861
0.39114253
4.2742228
0.79131337
4.2098121
1.8402759
2.9019422
1.8302601
3.6374148
2.040217
2.6669176
1.8104744
2.7167611
1.5182982
0.90540273
1.2930314
2.1204318
1.4215854
2.0090466
1.1717006
1
1.1659338
1.9610558
0.54060869
0.80260948
1.1069307
1.9922398
1.0442326
1.3416665
1.3631299
1.3404985
1.2550486
2.5264312
2.5936163
3.081065
2.7801011
1.8536637
2.1140049
4.1992975
5.9156398
2.9059203
0.97459542
1
1.448706
1.8038708
1.9779791
2.2742478
1.5212426
1.05415
1.0845862
3.5805497
1.5651745
1.2647848
1.0784696
3.2334577
0.99924992
2.3092896
1.6893096
2.1936874
1.7716895
0.97279128
1.4449668
1.0216738
0.89177022
1
1.2406995
1.2898721
1.1595042
1.8199776
0.99722943
4.5156558
0.6314335
0.96692747
1.23779
1.7810592
1.7931452
1.3984999
1.3301255
1.6559988
0.87215393
2.1095826
1.1975009
2.1441056
1.5854625
1.8579689
0.80152103
1
1.1001467
2.4266113
1.2688081
2.9433065
1.1682964
2.248449
1.7321985
2.635577
2.1104904
5.7969001
1.1828424
2.502391
1.7008611
1.953258
0.82497264
1.7250194
1.2589219
1.940788
1.5707339
1.6196652
1.1996063
1
1.5844973
2.6711156
2.3757961
3.5808614
1.1949029
2.6312159
1.7636259
3.1144315
2.1478977
3.887828
0.93284322
1.6534458
1.3163282
2.2554766
1.1380852
1.7666625
1.989773
2.0108781
2.061307
1.5156075
1.3166946
1
1.6155916
2.7281633
0.74903734
2.9355229
1.5020784
2.4236015
1.1682444
2.7576149
1.3455883
3.1059565
1.0137297
1.9015638
1.437704
2.4979322
1.3815915
0.97307293
0.99164676
1.1114527
1.3626475
1.4714401
0.99425399
1
0.81574144
0.79932992
1.6338445
1.1971361
1.4882536
1.4879858
1.0963193
1.0974483
1.4682042
1.330744
0.88701523
2.4424572
2.0468233
1.5838462
1.1535716
1.2179836
1
0.99750728
1.7129866
1.5281289
0.71056171
1
0.95475409
0.62196429
0.93927359
0.8607074
1.1820332
1.3703994
0.99750143
1.1538422
1.5440001
0.83339643
0.96399453
1.8452728
1.4459651
1.1263967
0.9498507
1
1
0.9926295
1.0786053
1.466068
1.2266719
1
0.75131695
1.3029468
0.75242378
1.3422491
0.93464211
1.2601135
1.1558371
0.96649425
1.1237147
1.967358
0.89001314
2.0121654
1.4384198
2.02757
0.99641628
0.98276137
0.99867284
0.98124024
1.3334918
1.3483373
0.7921924
1
0.90872454
1.6186096
0.82651901
1.2945262
1.0883241
1.344204
1.0575014
0.56919135
1.1888229
2.140597
0.67355532
1.8955198
1.4670614
1.2549137
0.8221599
0.62372019
0.89473782
0.70529667
1.2146819
1.193439
1
1
1.086405
2.5809491
0.70505012
1.3464137
0.69261656
1.0777191
0.35026277
0.98537676
1.1298849
2.6818423
1.4370561
3.1405066
0.7806669
1.8138717
0.92780273
0.94936551
0.78976838
1.0857048
1.1823747
1.5565827
1
1
0.99561966
2.0243773
0.98847412
1.2011095
0.88147193
0.91948247
0.47337588
0.89929368
0.8060021
2.1560733
0.55888766
1.7496846
1.1468692
1.7927457
0.56472165
0.55555307
0.40225105
0.42111338
0.61795248
0.85648888
1
1
0.45294517
0.47841666
0.17105773
0.31807835
0.3350101
0.41545649
0.30975197
0.24635743
0.54528995
0.41571007
0.29273567
0.57028766
0.62014549
0.54832398
0.73292949
0.83281049
0.91762671
0.78975949
0.65306084
1.0485364
1.0427899
1
0.8325353
1.3733807
0.598939
1.2824144
0.56948696
1.5929343
0.51482258
1.0963313
0.76670653
1.414403
1.1615606
1.1400685
1.4019802
1.9715778
1.6615286
1.3062988
1.4789269
2.6507676
1.1387005
1.6383942
1.1526341
1
1.1762752
1.7332562
0.53035193
1.5745156
1.54151
3.0944097
0.92712724
1.3701154
1.1864205
1.6117295
0.7848911
1.3248313
1.410196
2.553953
0.77186126
0.92604688
1.2399332
1.1840175
1.3530433
1.1725725
0.99848796
1
1.0543737
1.3182786
0.87680597
0.95021585
0.99001052
0.96233694
0.90267799
1.4642272
0.7908407
1.7959021
0.74355956
0.91133003
1.4500835
1.1040395
0.84179659
1.410791
1.024702
1.1194715
1.2107134
1.1007341
0.72622797
1
1.1123968
1.5074316
0.53230603
0.88178991
1.1630854
1.8061362
0.90198284
1.62687
1.2387935
2.9980524
1.1599089
1.5687663
1.026648
1.5472728
0.6789547
0.65660597
0.84939531
1.114605
0.76918995
1.003243
0.50762577
1
0.83179713
1.6437372
0.8037962
1.1810211
1.3767916
1.6131515
0.46922739
1.5676086
0.99190115
1.9641476
1.9252423
0.83775706
1.1920044
1.5165409
0.62429792
0.9973193
0.68402708
0.90403587
1.0711614
1.1137208
1.1394766
1
0.62488135
2.0512877
0.57951006
0.8847561
0.90828519
0.79814554
0.67405707
1.4366131
0.82416866
3.0954666
0.79234698
2.2030862
0.79004154
1.1404546
0.41772165
0.88933387
0.57405113
0.65569353
0.9720428
0.67004422
2.0890137
1
0.632495
1.3182119
0.31862156
0.99784777
0.71856147
1.2745909
0.63564974
0.99348262
0.66678218
1.4396554
0.95938954
0.93366216
0.77563823
1.5432881
