1
0.99997368
1
0.99994282
1
0.99997349
1
0.99997812
0.92407213
0.92971124
1.0591553
0.75696778
0.84620497
0.77733247
0.99315313
0.95417666
0.99992644
0.99990502
0.99999229
0.99998701
0.99992368
0.9999542
1.0000147
1.0000036
0.91738637
0.79574589
0.94398948
0.79343236
0.74744358
0.87303477
0.68737535
0.81833117
1
0.99999649
1
1.0000253
1
1.000032
1
1.0000392
1
0.95732839
0.94199756
0.95164646
0.94622782
1.102527
1.065132
0.82097642
1.0000818
0.99990266
1.0002138
1.0000453
1.0000573
0.99996579
1.0000445
1.0000429
0.96679391
1.1904065
0.93409963
1.172494
0.73558203
0.87545091
0.78122552
0.64578459
1
1.000126
1
1.0001
1
1.0001305
1.0003729
1.0000751
0.91749532
0.96409028
1.068251
1.0861549
1.0447799
1.0134599
0.97835327
1.001017
1.0001275
1.0000281
1.0001657
1.0000606
1
1.0000863
1
1.0001829
1.0469646
1.152229
1.0443155
1.1034848
1.074313
1.0564661
0.96431079
1.0220589
1
1.0004679
1.000511
1.0001394
1.0002004
1.0001768
1.0001448
1.0000375
2.2367145
1.2090426
1.3055573
0.56848547
0.42291924
0.27314727
0.2434355
0.20206517
0.56749976
0.96673529
0.97962072
1.4058549
1.1089121
1.0165688
0.83306675
0.73021243
1.0968888
1.229235
1.3466803
1.2021168
1.2503293
1.1740236
1.11982
1.0144791
0.54807971
0.51493944
0.5594436
0.70061918
0.78406669
0.72769752
0.74221907
0.73454918
0.648898
0.63736423
0.32431324
0.28430587
0.26807409
0.27395443
0.31298527
0.35898764
0.99851401
0.77740658
1.0132326
0.93255642
0.96030111
0.89634807
1.01612
0.84241784
1.1781245
0.95123068
0.55716942
0.5903567
0.58878818
0.58700453
0.72042689
0.65344065
0.69018622
0.82696473
0.74112974
0.75636278
0.6277959
0.46007465
0.47999841
0.56797394
0.92124802
0.88610307
0.80166805
0.67332001
0.68084953
0.75058949
0.79809797
0.77831119
1.213774
1.1707955
1.1481615
1.1106855
0.99780933
1.0905782
0.92305684
0.80548099
1.006084
0.96495914
0.88154214
0.92425504
0.80207376
0.7661503
0.70601857
0.60900791
1.1411763
1.1066263
1.0769668
1.0106123
0.96379519
0.88875397
0.91291128
0.86446045
1.024737
0.92253347
1.0182139
0.98009638
0.96466135
0.96390302
0.85954487
0.9026246
0.95799206
0.58357349
1.0350178
0.91954302
0.83425336
0.81096488
0.70414374
0.8003179
1.3508722
1.2460025
1.2953489
1.1460311
1.1179882
1.1446017
1.0658243
1.3032019
1
1
1
1
1
1
1
1
0.87432282
1.0609635
1.2635252
1.2363013
1.1399593
1.1338083
0.91380669
1.1270275
1
1
1
1
1
1
1
1
1.0739126
0.84620592
1.1740145
1.1357466
0.86841879
0.92431592
1.0781448
0.87463382
1
1
1
1
1
1
1
1
1.0628801
0.93809526
0.98090361
0.84533411
1.0235683
0.97842329
0.98320422
1.0328625
1
1
1
1
1
1
1
1
0.95120117
0.95951332
0.97082579
1.3488131
1.1129013
1.1054554
1.1439019
0.83932945
1
1
1
1
1
1
1
1
1.2108083
1.1438254
0.96315743
1.1946836
1.2733153
1.1788142
1.1911177
1.1693158
1
1
1
1
1
1
1
1
0.98695072
0.93588554
1.0501312
1.2829259
1.2084925
1.2723398
1.2790433
1.1483933
1
1
1
1
1
1
1
1
0.62462556
0.96492826
1.9974585
1.1840926
1.1113403
0.76891849
0.65448774
0.4090251
0.96988385
1.3840431
1.9225507
2.1026587
2.0983645
1.9069955
1.7404266
1.5124739
1.3456894
1.1730752
1.2053392
1.2517789
1.2150419
1.1988652
1.1803445
1.0575748
2.0807493
1.0871021
1.1253965
1.2232654
1.452852
1.5623716
1.816337
2.3702672
0.88611327
0.74373096
0.84273921
1.1001875
1.044639
1.03666
0.92270645
0.69388584
1.2482883
1.0256641
0.98986279
1.0678598
1.070921
1.05778
1.2700131
1.4025773
0.53537862
0.9886506
1.0239313
1.2769307
1.2802255
0.95869294
0.92782252
0.72237085
1.198345
1.4678089
1.3618591
1.333462
1.2738346
1.2774178
1.2526027
1.3753942
0.27049819
0.66195026
0.73826992
0.70628048
0.70126655
0.72162883
0.8490488
0.69025201
1.4316352
2.1302555
2.1303139
2.0360713
1.8384429
1.9786496
1.8794892
1.6179437
1.4531175
0.95766672
1.1115227
1.1825207
1.1243095
1.0825314
1.0238141
0.80150564
1.2258465
1.5602139
1.1908561
1.1858263
1.2445615
1.0941838
1.072017
1.0201262
0.82991073
0.94329252
0.92550606
1.0630035
1.0438179
1.1049178
1.0158996
0.86012276
0.79251424
0.72447016
1.2190357
1.3311029
1.4624284
1.245426
1.0871848
0.95229461
1.3548521
1.197512
1.2892869
1.1460566
1.194167
1.1826341
1.1700244
1.2672577
1
1
1
1
1
1
1
1
0.9733618
0.76007978
1.0722512
1.1605557
1.1664915
1.0447257
0.96794057
1.2041256
1
1
1
1
1
1
1
1
1
0.63010548
1.0552407
1.2195068
1.2787563
0.9205688
1.258377
1.2574823
1
1
1
1
1
1
1
1
0.993551
1.0167026
0.92048857
0.8845774
1.5101907
1.2433444
1.2051535
1.2210563
1
1
1
1
1
1
1
1
0.99996344
0.78040096
1.1357054
0.94408842
1.47529
0.94992288
1.0846974
1.1775773
1
1
1
1
1
1
1
1
1.9766821
2.678176
1.7595898
1.3732297
1.4395381
1.3580968
1.4358726
1.4369885
1
1
1
1
1
1
1
1
0.98458282
1.3096218
1.1561616
1.2583491
1.4246439
1.5050637
1.6264058
1.4698069
1
1
1
1
1
1
1
1
1.2718457
2.2374111
5.1944792
2.6261991
2.4413415
1.8268795
1.5605121
1.0334083
1
1.3370983
2.2704842
3.4361289
3.198587
2.695265
2.5447544
2.1434794
0.99158177
1.2438969
1.40329
1.337447
1.386444
1.2887977
1.3187627
1.3646279
1.7991129
1.054932
1.3046098
1.3465351
1.6268837
1.6901662
2.0280071
2.3403572
0.25623243
1.2036131
1.1988037
1.4606945
1.4607168
1.4553002
1.36635
1.0895763
0.98210987
1.00997
1.2176498
1.1507013
1.4156316
1.290728
1.6006561
1.7497573
1.0937938
0.98190424
1.1123555
1.6361063
1.6993209
1.3757366
1.4064109
1.2024732
1
1.2227365
2.0176917
1.9327862
1.879032
1.8254103
1.7970502
1.8886613
0.33214602
0.70834506
1.0321747
1.0510796
1.037336
1.081973
1.248152
1.0061961
1
2.0721985
2.8142889
3.0966318
2.7238222
2.9099596
2.6026123
2.2009481
1.1969309
1.0798831
1.2731866
1.4523559
1.3263965
1.3470951
1.3304029
1.254575
1
1.3717193
1.9058727
1.4916649
1.5147832
1.3249491
1.3542215
1.3821308
0.68362527
1.0775375
1.0034691
1.1722754
1.2907758
1.2865247
1.3493304
1.2800753
1
0.93215565
1.5786015
1.50628
1.6704146
1.7771623
1.7212899
1.4719061
0.81928486
1.1466816
1.3973483
1.1477537
1.1824513
1.2981217
1.2879658
1.5208392
1
1
1
1
1
1
1
1
1
0.92740228
1.1874263
1.0265412
1.1869015
1.3160836
1.1584499
1.2937947
1
1
1
1
1
1
1
1
1
1
1.6175544
1.504322
1.2640604
1.3425503
1.8450109
1.625218
1
1
1
1
1
1
1
1
1
1.205524
0.6522423
0.99953952
1.6138856
1.4545571
1.5454902
1.3006055
1
1
1
1
1
1
1
1
1
0.9911269
1.0653109
1.7229244
1.5234604
1.4447867
1.5298824
1.3997735
1
1
1
1
1
1
1
1
1
0.85490473
1.7275446
1.3432428
1.5282117
1.5646827
1.6130262
1.5899934
1
1
1
1
1
1
1
1
1
1.2016248
0.54569597
1.5209315
1.3679805
1.7408536
1.9190031
1.8293791
1
1
1
1
1
1
1
1
1
1.3907823
7.0605382
4.3067278
3.6409226
2.9510988
2.674481
1.8127323
1
1
2.4301198
4.4005914
3.9971009
3.3524398
3.1862218
2.47761
1
3.4558917
1.7150461
1.558126
1.5499866
1.5057706
1.512348
1.4208639
1
0.90841337
1.2883233
1.5869423
1.9242082
1.9333224
2.2027542
1.990915
1
1.5139675
1.2965414
1.5180698
1.7310242
1.7693816
1.8673893
1.473206
1
0.60723736
1.1867604
1.2503548
1.469445
1.5721506
1.8492612
1.6821927
1
1.3331248
1.2769551
1.682466
1.5671511
1.2781201
1.3068235
1.0677051
1
1.1671477
2.6600305
2.5577417
2.376674
2.3786577
2.2377472
2.209646
1
1.057956
1.4171329
1.4168892
1.5442711
1.8133982
1.891455
1.3980176
1
0.9655047
3.6199211
3.9047538
3.1064068
3.6157158
3.1292344
2.5324988
1
1.2589706
1.341716
1.6588115
1.4401047
1.5392339
1.5445507
1.4170991
1
0.99410106
2.4510838
1.9283588
1.9023375
1.7412289
1.7456267
1.6578239
1
0.89289785
1.0388298
1.1673923
1.1958574
1.3779317
1.4744858
1.4067213
1
1
1.1147249
2.8913904
2.8362989
2.6771303
2.6309461
2.357749
1
0.80492993
1.0281654
1.0555315
1.1743958
1.3660569
1.4767838
1.6644334
1
1
1
1
1
1
1
1
1
1
1
1
1
1
1
1
1
1
1
1
1
1
1
1
1
1
1
1
1
1
1
1
1
1
1
1
1
1
1
1
1
1
1
1
1
1
1
1
1
1
1
1
1
1
1
1
1
1
1
1
1
1
1
1
1
1
1
1
1
1
1
1
1
1
1
1
1
1
1
1
1
1
1
1
1
1
1
1
1
1
1
1
1
1
1
1
1
1
1
1
1
1
1
1
1
1
1
1
1
1
1
1
1
1
1
1
1
1
1
1
1
1
1
1
1
1
1
1
1
1
1
1
1
1
1
1
1
1
1
1
1
1
1
1
1
1
1
1
1
1
1
1
1
1
1
1
1
1
1
1
1
1
1
1
1
1
1
1
1
1
1
1
1
1
1
1
1
1
1
1
1
1
1
1
1
1
1
1
1
1
1
1
1
1
1
1
1
1
1
1
1
1
1
1
1
1
1
1
1
1
1
1
1
1
1
1
1
1
1
1
1
1
1
1
