1
1
1
1
1
1
1
1
0.91013065
1.1522467
1.2854961
1.2652713
1.2595726
1.2939964
1.2898949
1.318492
1.3254072
1.1748149
1.1452137
1.1502976
1.0950277
1.1061304
1.1078305
1.1439216
1.1721146
1.2133567
1.2318196
1.3002169
1.3165448
1.2637768
1.2951638
1.2596862
1.0729698
1.0641738
1.151901
1.2192251
1.2195608
1.2184859
1.224857
1.1903123
1.2128117
1.2173215
1.1239505
1.1886209
1.1712081
1.2238243
1.2534269
1.2258415
1.326608
1.6756174
1.1440678
1.0515472
1.0685866
1.0873842
1.089974
1.1105039
0.64932304
0.86902359
0.99820157
0.93529342
1.0049731
1.1108647
1.1157799
1.1070072
