1.867016
1.5984194
1.1584281
1.22698
1.1176652
1.0432509
1.0553369
1.1110766
2.1026933
2.0677118
1.4497737
1.8774546
1.5227075
1.5205557
1.1916455
1.1264712
0.98550813
1.2912324
1.4077495
2.0558477
1.1225829
1.2603501
1.3959419
1.281131
4.2424908
3.0319583
2.0702205
1.6110749
1.2804831
1.3090432
1.1815007
1.1141418
7.9491006
2.6821478
1.6461132
1.4172526
0.97951995
0.95966267
0.91426864
1.0351583
0.14653895
1.5184913
1.6309741
1.3696751
1.5362088
1.1887028
0.95640895
0.99662851
1.1798614
1.871415
2.6796844
2.4129591
3.0293451
1.44811
1.1734551
1.1281607
