0.80511166
1.5749414
1.4057261
0.8158358
1.2897359
1.4778145
0.97530369
1.3261949
5.8705487
7.7207844
6.862234
4.6093776
5.6462191
4.9638092
3.2161707
2.6125427
4.6788321
4.5986316
4.2263868
3.1077636
3.6933029
3.4286007
2.3399019
2.0081636
0.904927
1.343476
1.1363067
0.64272335
1.0168978
1.1812016
0.81561061
1.1704777
1.7210408
2.5638104
2.1193254
1.4895658
1.9298149
1.9031823
1.4115651
1.4151086
2.9692982
3.5708715
2.8433222
2.0247142
2.6175888
2.4806356
1.8337868
1.58433
0.93882915
1.3827991
1.0125472
0.55106595
0.83594407
1.0002106
0.71843425
1.1286034
1.521524
1.8592458
1.6957105
1.1136623
1.3417896
1.2830655
0.95980508
1.0616932
1.2248222
1.7597188
1.8273902
1.2820828
1.5984952
1.554946
1.1169008
1.0698578
