0.90786685
1.046823
1.022208
1.0328446
0.92236009
0.89497294
0.88854487
1.1775143
0.99817627
0.99750982
0.9819963
0.99495484
1.4020196
1.1800645
0.98686705
1.2430237
0.94938167
0.98270722
0.99454125
1.1039562
0.98951218
1.1330885
1.0388606
1.1608355
1.1101559
0.97808201
0.88906767
0.95928106
1.2481594
0.96577692
1.0011405
1.0050569
0.8507408
1.3935924
1.6883911
1.2643119
1.0795818
1.2792882
0.95588721
0.9361303
1.0494734
1.3042358
1.0877343
1.2346476
1.0797606
1.1458876
1.3463351
0.96506643
0.88223593
0.90385605
0.72681758
0.93934196
0.68440072
0.78460235
1.0736229
1.0740642
1.0008623
1.0133259
1.0141889
1.0877314
0.90788176
0.97489273
1.0540369
1.3243968
1.5295102
1.3566766
1.5613406
2.2922291
1.444866
0.89411311
1.6120597
1.4072669
0.76635097
0.50189879
0.80861863
0.83809947
0.59998762
0.77354768
0.75413731
0.74440547
0.92600034
1.1139632
0.93714326
1.2944992
0.90916412
1.3701591
1.0083883
1.2833143
1.0286247
1.34878
1.3696763
1.1172154
1.1209124
1.1989774
1.4137374
1.1102516
0.75034086
1.0507883
1.3452066
1.2716814
1.0635472
1.1438471
1.293935
1.0065558
1.1169644
1.2311153
1.2769984
0.98805089
1.1439229
1.1606372
1.0209678
1.0636582
0.99725731
1.0000529
1.000065
0.99880709
1.1427392
0.91257149
0.98804835
0.98473989
1.0000007
1.0005262
1.0003812
1.0001885
1.0008447
1.0006074
1.0000095
1.4485262
0.99998043
1.0000753
0.99868457
1.0000794
0.99999561
1.0002338
0.99995465
0.99557939
1.0003046
1.0001412
1.0000646
1.0001724
0.99423074
0.9999487
1.0000182
1.2030177
0.97406821
1.047585
1.2393725
1.2262674
1.6225686
0.82530387
1.9144321
1.1221734
1.1971278
1.9870401
1.1997302
1.0558878
1.0947452
1.1266099
1.1762221
1.5286117
1.0000204
1.2022037
0.97098735
1.1090837
0.72866465
1.5743704
1.7659141
1.2693081
0.80160615
1.2979943
1.3896332
1.1487492
1.2698613
2.1042162
1.1587894
1.2348058
1.064309
1.4294107
2.0765016
2.6756473
3.136926
2.8158302
1.4146202
2.1941979
0.95354153
0.75724442
1.0680788
1.382966
1.0896216
1.4387114
1.0455941
0.86642806
0.93907334
1.1414517
1.1770463
1.2451311
1.360793
1.6813317
1.2658185
0.96318378
1.1798583
1.7222638
1.4512803
1.5496585
1.6485679
1.2951751
1.2780638
1.7761841
0.97520252
1.2276159
1.2044894
0.80979499
1.7519179
1.8367294
1.0452655
1.1401908
1.1200757
2.7778804
2.324939
1.6934936
1.676888
1.7022627
1.3417408
1.1122325
1.1531486
0.99524826
0.99891428
0.99311708
1.3316078
0.99589194
0.99131511
0.9869518
1
1
0.98551499
0.98265269
0.99970468
1
1
0.95015737
1
1
1
0.98945398
0.99258509
1
0.99834656
0.99450144
1
1
0.99186529
1.2117489
0.97173238
0.97822421
1.1983033
0.99365419
1.1266468
1.4158687
0.99484246
0.87307756
1.3063729
1.0169791
0.9943037
0.99450055
1.2358739
1.4893931
1.0815789
0.9303845
0.97448899
0.82235843
1.2134199
0.86720657
1
0.88582697
0.86734772
0.96218091
1.2628287
1.3644129
1.3554655
1.4538453
1.7450097
1.6758303
1.7449415
1.141855
1.3986492
1.634115
1.5927868
1.5757034
1.2658522
1.0547575
1.8192785
1.7916618
2.1088032
1.2237186
1.1142418
1.2339219
0.7846663
1.2431896
0.67452537
1.4387929
0.67237666
1.0063889
0.84299944
1.0504329
1.057475
0.83939174
1.0713482
0.88263024
0.99290462
1.6422862
0.92163509
1.4917992
1.7257094
1.2196784
1.2924769
1.732918
1.1765725
1.7792114
1.4587252
1.2956145
0.80386818
1.6319422
1.025997
1.1258494
0.92580545
1.1475101
1.1979312
1.2468982
1.5005591
1.8469781
1.9063361
1.4848191
1.9145021
1.0949878
1.1026858
0.92188742
0.9938813
0.99984533
0.99182954
0.97690446
1.2959502
0.96838074
1.1512971
0.94410733
0.99988067
0.99530577
1.1407332
1
0.99999016
0.99914529
0.99973937
1.3062556
0.99982095
0.99864422
0.99870057
0.99065372
1.2315873
0.99685623
0.9964572
1.1748435
1
0.93442965
0.99451518
0.99184049
1.0768145
0.96988912
0.98172863
0.94253153
0.86542379
1.4399833
1.6136698
2.935449
1.696892
1.7450922
1.6424549
1.1274219
1.0516268
0.82165867
0.91835476
1.1502691
1.3381901
1.1714641
1.3927327
1.0651595
1
1.1241109
1.3206513
1.9114128
1.1640819
1.2121613
1.328947
1.3542995
1.5549686
2.3297552
2.1078869
1.9005485
1.4687409
1.7773416
1.8459904
1.4799407
1.9834279
2.6000578
3.0072541
3.1399371
2.4330098
2.0235178
1.9888533
2.2081878
0.73820782
0.6444544
1.2890187
1.0894097
1.0557502
1.5390663
0.88128954
1.0092189
1.4625919
2.2579194
1.3214215
1.6675817
1.351918
2.0527316
1.4605225
0.94470176
1.505822
1.7882429
1.7938378
1.3231539
1.1977778
1.1615265
1.1619249
0.99204418
2.0414255
1.3968377
1.4561717
1.1722774
1.2190496
1.3065604
1.4518902
1.3966964
1.7121647
2.1996172
2.0916144
1.7533286
1.7709898
1.4302215
1.6986581
1.0782925
2.3134291
1.9702588
1.8859528
1.8701873
1.6631449
1.7352313
1.8287115
1.3360212
0.97119022
1.5595613
1.9765849
1.5499317
2.2421716
1.5389068
1.7716638
1.3662217
1.1320508
1.9918903
1.4100793
2.173589
1.7718527
1.8595806
1.597959
1.3106539
1.5295618
1.2486066
1.6906308
2.2078286
1.9943333
1.6329143
1.7323479
1.3946918
1.4567714
1.4119112
1.3896968
1.4065768
1.5230667
1.4235964
1.4010351
1.0991835
1.8715147
1.7818299
1.6862195
1.4240049
1.4842657
1.4912678
1.3547436
1.2874648
0.9799005
1.3873802
1.3363608
1.2801067
1.2523322
1.6987956
1.7258265
1.2645875
3.0362633
3.089788
2.7940934
2.4841112
2.2571971
2.3129179
2.1706757
1.9429107
3.0685605
2.383798
2.5908008
3.3153832
3.3244309
3.1920081
3.234942
2.4876856
3.1493997
2.7051553
1.7625798
1.5947699
1.8778408
1.5613303
1.7095206
1.1388078
3.1617193
2.6314574
2.2977034
2.4494877
2.8303787
2.5018432
2.2521101
1.8002968
2.3182801
2.3031325
2.2819435
2.7225973
2.260027
2.0177737
2.2297706
1.8721069
1.4699563
1.2505249
0.97920161
1.0539758
1.0984427
1.0930449
1.0002952
0.91430922
2.025011
1.6259918
1.8869237
2.0291546
1.9079592
1.7088912
1.3640592
1.3416914
2.0980421
1.7498031
1.9507546
1.953641
1.7305316
1.9512911
1.4398755
1.4475231
1.4458081
1.5736941
1.4808986
2.0041657
1.5683923
2.2229103
1.43446
1.0280405
2.2317723
1.5086203
1.4553562
1.4123422
1.696128
1.9281128
1.3332659
1.3643978
1.2301948
1.4665353
1.5531381
1.7268059
2.2164974
1.7272552
1.6817993
1.362185
1.8412104
1.8770631
1.7691619
1.664902
1.565082
1.5276043
1.511309
1.1804942
2.0132988
1.8219882
1.547991
1.3617273
1.4393859
1.30666
1.2808261
1.179264
1
1.1953177
1.687513
1.9066848
2.3027228
2.2129042
2.250641
1.3809493
2.3514292
2.575897
2.6318496
2.8176136
3.0278954
3.0493739
2.9276764
2.394491
4.0701712
5.1567344
5.4178178
4.9821461
5.8737589
5.1757342
3.9653003
2.3468633
2.1647175
2.5387062
2.8115281
2.3133673
2.5417263
2.4248955
3.1752246
1.8292627
2.4307548
2.2503595
2.6832484
1.8734051
2.2073703
1.9706538
1.6121351
1.5752903
2.0948491
2.5985998
2.7324941
2.7353643
3.1244282
3.237539
2.6371137
2.1518405
2.237632
2.7845645
1.5818735
1.4448853
1.5134554
1.4413479
1.5437422
1.2646995
0.92419678
1.31108
1.3987307
1.3943831
1.4641676
1.4172084
1.3026074
1.3009369
0.97926589
0.83303824
1.1265683
1.5623388
3.141702
3.4862511
3.3242831
3.9261994
0.98307764
0.77766183
0.93010806
1.5639749
2.2681487
3.1390668
3.2515097
3.8471397
0.98488553
0.45035829
0.66337992
1.9115953
1.5874473
1.9602613
1.8414101
3.431615
0.96931556
0.91124333
2.1339494
3.061762
2.4841187
1.9043327
1.8651163
2.9130562
0.58342542
1.1759683
1.6565484
1.6274346
1.0460219
1.0562914
1.0892809
1.1352964
1.2192167
1.022321
1.1521387
0.75452812
0.58867062
0.70347102
0.81578606
0.90668587
1
1
1
0.99506775
0.96347193
0.95119238
1.2497209
1.5763434
1.4596971
1.2870292
1.5405491
2.2384891
3.1078935
2.9030086
2.9561281
2.9002486
0.30325308
0.87633927
2.0649651
2.3332872
2.4158497
2.3070876
2.509159
3.0876518
0.94150168
2.9413602
2.170208
2.5911819
1.7670178
1.9070355
1.8790477
2.101449
1.3675436
1.2720163
2.1899218
1.9739041
1.9085426
1.6509374
1.5990175
1.5575736
5.8581729
1.0939051
2.5846367
5.1264469
6.1447053
5.2281163
4.4440048
3.6979792
1.0592379
1.7743748
2.186287
2.2832867
1.9758849
1.7612522
1.7409027
1.8213983
1.6325388
1.4362374
1.862497
1.7427124
1.2323005
1.2786809
1.0561649
1.0743384
1.01018
3.9108814
5.0277571
6.4499792
5.4989318
4.9408107
4.1796859
2.6867634
1.4718387
3.2930512
4.2836371
4.8842877
3.947309
3.1436661
2.6824248
2.1525842
1.140775
1.4384033
2.8597224
3.5840032
3.1159181
2.7061675
2.4587984
2.2986509
1.7045881
2.450659
2.6792649
2.9320565
2.4548193
2.7474097
2.578996
2.4191961
4.1547209
2.2631674
2.0653088
2.2175643
2.2164237
2.0721931
1.833562
1.4985703
2.4400207
1.9902976
1.9753687
1.6941101
1.8398735
1.9039143
1.9286074
1.6029579
0.99987942
1.0975136
0.7802963
0.98047107
1.1104622
1.0266107
1.0465289
1.02533
2.0203175
2.1669375
2.2247963
2.3098113
2.4701292
2.6558359
2.5777965
2.4335926
3.2268137
4.3664525
6.0435107
5.4969344
4.6763073
4.2798917
3.1907384
2.3816658
1.1248852
1.5869913
2.3368858
2.3193751
2.3778796
2.1896404
1.8031961
1.4675856
2.2491477
2.9233941
3.5462656
3.8076448
3.8761897
3.5763088
2.9367609
2.3869665
1.9387802
1.9213215
2.1905355
2.7637309
2.9890829
3.0836729
2.8001583
2.3291775
2.2636311
3.2460004
2.653493
2.6441638
3.0029988
2.7926724
2.339048
2.0571831
3.0533582
2.3476688
2.4535203
2.6966684
2.5444362
2.5405375
2.1251717
1.814584
0.86615185
1.0327603
0.90514051
0.91503742
0.9587707
1.1026137
0.91341974
0.94959518
0.99497637
1.17485
1.1061816
0.97694706
1.1799475
1.0736307
1.1164289
1.2208735
0.95476383
1.2423362
1.6791832
1.757163
1.6827506
1.5189863
1.082666
1.8747466
1.3381609
1.1987602
2.2527838
2.032261
2.4076569
2.9702441
1.5359806
1.7342475
10.65652
6.5144011
6.0112308
4.9904863
4.4839719
3.6670667
3.2898836
2.0366817
4.6350432
6.5765409
5.7055788
4.4505785
2.9446399
2.3528621
1.6169412
1.9189815
1
1.1107194
1.239895
0.61878457
0.38154121
0.28630057
0.24970422
0.16632418
3.8744971
1.5442528
1.7556261
2.0339155
2.0316408
2.195842
3.2495262
3.1645651
0.30596556
0.8274793
1.2505213
1.5706395
1.7388769
1.7105369
1.3626686
1.1164927
2.5360171
6.996729
6.7466943
8.085246
6.4190686
5.3368707
4.3978091
3.4187168
4.9824361
3.188862
3.8309582
4.2062814
5.0114613
4.5661417
3.6675977
2.6548237
3.0577181
2.3896652
2.7965377
2.8738482
2.9435711
2.7208654
2.8498988
2.3532078
7.6641919
9.4907763
11.482796
10.52492
8.3045964
5.8662648
4.3449245
3.2494894
14.666807
11.011657
8.1754914
5.4988466
3.0171538
1.8219131
1.3049862
1.6035486
0.73663532
0.70550019
0.81334596
1.4498776
0.91920014
0.67908572
1.0485812
1.0738005
0.93500624
0.87198436
0.95588615
0.86065447
0.98201263
1.0983472
0.99338391
1.6135671
0.95585857
0.83988844
0.74964389
0.76321745
0.84465259
0.8355607
0.96643878
1.3997925
0.8821161
0.8268572
0.92991376
0.96151103
0.69052342
1.257642
1.4683647
1.9777448
0.54419623
1.2634377
1.5550892
1.7289631
1.4215968
1.4734275
1.7498809
1.7084836
0.8732102
1.6502467
1.5275545
1.9622927
1.2854507
1.6488026
1.4625445
1.8672936
0.86999136
1.3160878
0.983499
1.7973158
0.88525407
1.0830529
1.1846417
0.93172878
0.9734725
2.1054611
1.9326491
3.4136045
2.5307759
2.9015558
3.037566
3.26106
0.24484643
0.75995503
0.75580415
0.60064196
0.67131618
0.93864183
0.79425477
0.95210912
1.224142
4.7111406
4.6885836
5.5426732
6.0372658
4.4630094
3.8726936
3.6163286
0.95415093
3.0546478
3.9893555
5.0634044
4.2944196
4.0257298
2.8422267
2.656367
1.2745054
1.6907182
1.9870447
1.9686046
2.4141169
2.2201985
2.4852509
2.5681083
0.38987603
0.80109057
2.1813766
2.0840535
2.3845663
2.789651
2.1617222
2.2473141
1.4678197
2.1415793
2.5424778
2.1266241
2.577498
2.1138684
2.0039987
2.214419
0.96988398
1.1544555
1.2198735
0.74906226
0.91635337
0.80615533
0.83404104
1.1342355
0.9934149
1.1878742
0.9641363
0.91060775
0.96493455
0.97274621
0.9469787
0.95138577
0.97476357
1.1565308
1.0279418
1.1000905
1.2936731
0.93935806
0.9417872
0.96944976
1.090611
0.74280877
0.77424853
1.1191905
1.0767586
1.275424
1.0057123
1.5520652
1.3045022
0.92199797
1.3793781
1.1944464
1.447468
1.4895172
1.7029454
1.2498174
1.1008734
1.1615418
1.4767763
1.4196747
1.3419084
1.1471192
1.3902276
1.0591707
1.212902
0.81828145
0.9771631
0.88510652
0.88314816
0.89497837
0.85027068
0.75310788
1.868147
1.1340279
1.3303083
1.5035057
1.5167108
2.3471476
2.2015914
2.9745128
2.035192
1.8487117
1.6679265
1.7535809
0.98523402
1.0925479
1.0175045
1.1176549
2.6530877
12.154904
14.775674
11.669254
9.7960066
7.2899914
5.2627038
4.4357683
3.690269
2.3450382
6.0163623
9.7918303
11.283705
9.9742765
5.6824918
5.5695211
2.4519279
2.6147786
2.3677233
3.1061726
3.1144562
3.410089
3.6125968
3.2609862
2.2243184
1.8801272
3.1457
3.426197
4.0539611
2.7649485
2.1115617
2.2025275
2.7024326
2.3613082
2.3484334
2.5503087
2.2791063
1.9554866
1.8796586
1.6242384
1.9506279
4.5826806
4.7385248
4.1022327
3.3143198
3.4398958
2.5520027
1.9811348
2.4371321
3.3921232
4.0192234
3.0367404
2.5601401
2.2655809
2.3330582
1.7708799
2.3279036
2.6205281
2.4715493
2.7651322
2.3672147
2.2858041
2.1367925
1.9201997
1.1691871
1.765949
1.8456629
2.1382479
1.8620297
1.8579547
1.9155036
1.7325585
1.4312283
1.4579511
1.2692583
1.8623117
1.9287154
1.8429583
1.8123137
1.4168603
1.390169
1.4216201
1.4225943
2.0055522
2.1010102
2.1656675
2.2086317
1.6983899
0.89944709
1.0082694
0.88832176
1.1020338
1.5262031
1.471256
1.2904298
1.041096
2.4019098
2.2561227
2.3187186
2.6087831
2.9581725
3.1586195
3.410535
3.2341059
6.7570157
5.7411826
6.3835838
6.5474528
5.6692356
4.7751384
3.8931264
2.8932156
0.9472704
0.9927678
1.8642785
2.1150668
3.0421342
2.8570805
2.4853665
2.0350715
2.9620798
2.2838082
2.8158107
4.3487315
4.5884538
4.3592669
3.5802084
2.3885172
3.0780506
2.4450523
2.6172975
3.1256046
3.8107237
4.2468554
4.4417514
3.9018332
2.4193899
1.5251916
1.9177436
2.5336454
2.4639398
2.1657893
1.9222935
1.4968587
2.0392757
2.2649933
2.2214763
2.6319863
3.0200887
2.9271688
2.7209975
2.1229137
3.7700717
3.4669151
3.494441
2.5296662
2.2325844
1.5682445
1.4366472
1.0853209
1.8985143
3.0395869
5.1788366
2.2509242
2.1192165
1.7368351
1.8208548
1.0710636
2.3216533
2.9962221
2.3913253
1.9118215
1.7467183
1.5737552
1.3380944
0.95806012
2.1107472
2.6026529
2.7053682
2.3219376
1.6966494
1.5296594
1.2246529
1.4540527
1.5086661
2.0790054
2.1042315
1.6914266
2.0004966
1.6897122
1.5315173
1.2149141
1.2409673
2.1043457
1.4253917
1.3643671
1.4069284
1.4856407
1.5490474
1.2538955
0.99081222
1.8484276
1.9278889
1.9667748
2.0622939
1.2779276
1.3265591
0.95859509
2.1995707
2.9644611
2.3719951
2.4930137
2.1056767
2.6319669
2.5836232
2.6481209
3.1779198
3.1692161
2.4829376
1.874772
1.9881411
1.9269542
1.5113707
1.5022666
1.9077448
1.8393046
1.7593318
1.8891812
1.8890624
1.5163688
1.2127886
1.2918659
3.8353017
2.4852611
2.0473807
2.1185706
2.3402495
2.2257455
2.0013431
2.134187
2.7391567
3.4659281
3.1098603
2.4864143
2.6095335
2.1894613
2.4173384
2.0774564
1.5837154
3.2025568
2.4034321
2.3648187
2.3019229
2.1207491
1.6786889
1.0841566
1.9370043
2.417522
1.9958997
2.1076054
2.1644724
2.1814612
2.2121868
1.8258494
4.9028142
5.2275285
5.9531981
4.6454131
4.4862173
4.377823
3.3502374
2.1975866
2.5053701
2.4943296
3.2154497
1.90826
3.1628632
2.6570706
2.4150449
1.9000225
2.9030712
3.2596583
3.1728042
3.0660122
2.9552403
3.3067554
2.6853366
1.8748795
2.6152611
3.0539654
3.0426341
3.1700575
3.1166935
2.7700339
2.3496749
1.6283428
2.1364633
1.7516275
2.0878025
1.7547336
1.8360166
1.5383343
1.6827844
1.5834726
1.9595632
1.8778244
1.6966816
1.6523009
1.9009817
2.3860283
2.386746
1.8379747
0.98786294
1.1233685
1.9749486
2.012405
1.9645438
1.4153318
1.5296279
1.185854
2.1314649
2.5655954
2.2805626
2.1593895
2.0695771
2.3913105
2.4289169
2.6870617
4.7824219
4.2522594
4.3814406
4.2804318
4.6623736
4.4105873
4.2559625
3.0706742
2.4944754
2.3160023
1.7160127
1.560451
1.5870136
1.3754251
1.5167072
1.3257247
2.6333266
1.7555926
2.0907553
1.8612931
1.9181733
2.0049012
1.5013099
1.6082355
3.1541494
2.5052288
2.5886004
2.3712997
2.4344785
2.4184965
2.1868971
2.1686605
2.794662
3.3142504
2.5059972
2.4635303
2.5613891
2.3168177
2.0543147
1.991523
2.9511843
1.7942709
1.8047676
2.1693178
2.3011142
3.1374161
2.3001865
1.3415069
