0.92309035
1.0607755
1.0562616
1.0689007
0.98736559
1.0108385
0.84731938
0.99763593
1.0000045
0.99767074
0.9811784
0.9952673
1.1735883
1.1906869
0.71909003
1.2930009
1.0003938
0.99591401
0.99595222
1.1097087
1.0776295
1.1346751
1.0386837
0.91539068
0.9545362
0.98867815
0.89675531
1.0543996
0.95619527
1.0008007
0.902748
1.0093987
1.2634408
1.1338607
1.0896797
1.2490566
1.1640519
1.0506004
1.1187613
1.3249176
1.0076452
1.0037325
1.2897887
1.0482835
1.1797723
1.2773155
1.2013933
1.574744
0.90119812
0.93392452
0.73340703
0.65968334
1.0039749
1.0521193
0.83795672
1.0634214
1.3126972
1.1197031
1.1534288
1.0676714
1.2626251
1.3278188
1.1630311
1.0943423
0.76139489
0.61316396
1.1115941
0.77324458
1.3721406
1.4621345
1.2814331
1.290535
0.76617767
1.0112251
1.0374981
0.94944415
1.1363261
1.3469861
1.1898363
1.8022114
0.76942544
0.99988476
0.80806242
1.522243
1.2829114
1.2787564
0.94491822
1.0323144
1.1920452
1.2529782
1.3880227
1.648141
1.4975033
1.408026
1.3305462
1.3840935
1.1175384
1.0561607
0.89870453
1.012168
1.0823507
0.90927239
0.96244312
1.2037912
0.85454447
0.83104688
0.88370087
1.2475443
1.0148207
1.1405252
1.1785756
1.1831812
0.81984259
1.1494535
1.7403065
1.4465811
1.7645404
1.9902323
1.2863654
0.93317957
1.0004749
1.0989985
0.9619565
0.92035374
1.0147053
1.0106406
0.96991917
1.0485357
0.9842249
0.97812002
1.0982855
1.278658
0.8943213
1.2142989
1.0743442
1.0816976
1.0035652
0.97117017
1.434047
0.83553149
1.2737767
0.98256883
1.3141594
0.98069972
1.3338806
1.249096
1.8635308
1.9086519
1.4413934
1.5803597
1.6468578
1.4876919
1.0304808
0.90585123
1.1746518
1.5608496
1.6744899
1.3994299
1.864228
1.4760567
0.99996698
1.0114522
1.1805494
1.54877
0.91794174
0.99537618
1.0526462
1.0390153
1.2714308
1.3172387
1.559625
1.8471381
1.3417622
0.91552749
1.25863
1.1470609
1.0652457
1.2289494
1.1013645
1.0148729
0.88349797
0.96575826
0.99638688
1.1165731
1.5029068
1.4511869
1.9457748
2.0750001
1.6688563
2.157244
1.6240533
1.6061703
1.1345042
1.2129871
1.4976867
1.5478554
1.8902878
1.8292513
1.8657394
1.7116172
1.4080504
0.94913338
1.3193
1.3898366
1.2988953
1.2589923
1.6230138
0.94874338
1.0323348
1.4907535
1.0298616
1.0810569
0.97647936
1.0987213
1.1857026
1.2754986
1.0474677
0.76309481
0.83301978
0.95057237
1.2374256
0.92810886
0.98825461
0.87747998
1.2035503
1.2048146
1.1878377
1.8388825
1.5690145
1.1732074
1.0200869
1.8100755
0.98416866
0.98619119
0.94553485
0.88470105
0.99801721
0.99379606
0.93968566
1.4574452
1
0.98162257
0.9998232
1.1871076
1.0033497
0.96808536
0.88211854
1.1639423
0.87538103
1.4677244
0.88291321
1.3440211
1.5722534
1.3605571
1.3799294
1.5419864
1.8664677
1.867379
1.9244272
1.7563869
1.5407523
2.0773839
1.7722343
1.6306639
1.113483
1.5543094
1.3013309
1.7080769
1.9458504
1.9429901
1.7064839
2.1741908
1
1.0969268
1.0287173
1.1054136
1.3924101
1.4415973
1.2553634
1.2727483
0.88052665
1.4853851
1.6741683
1.6512556
1.439961
1.4854046
1.152366
1.2251256
1.6437637
1.6468072
1.6660063
1.8368348
2.1197574
2.485082
2.0863346
2.2929611
0.70826357
0.6805554
1.1764012
1.4138789
1.5558428
1.7397591
1.5274838
1.3659632
0.37578926
1.0613701
1.0164515
1.301139
1.3672284
1.2595639
1.218626
1.1133676
1.1153682
1.2441843
1.253396
1.6375445
1.8365693
1.7755097
1.6234997
1.505283
0.80231052
1.1078497
1.1170497
1.1107528
1.2031671
1.3232044
1.4073402
1.1460225
0.45694587
0.62353211
0.90068549
1.4323245
1.1530403
1.4153087
1.8488258
1.4531892
1
1
0.98081336
1.0462082
1.239053
0.91711237
1.3450635
1.215613
1
0.96831263
1.0775719
1
1
0.99199401
1
1.1182305
1
1
1
0.96239489
1.230319
1
1
0.97095408
1
0.95350944
0.9985605
1.0482784
1.0489199
1.1425773
1.0647649
0.97843872
1.7158383
1.4604854
1.5042315
0.73973678
1.7721332
1.4336255
1.5205218
1.5385299
1.3013405
2.3797514
2.9521784
2.1014398
1.6286932
1.9045435
1.2165276
1.4021683
1
1.2794393
1.2979905
1.1219318
1.0664299
1.0531668
0.91656451
1.0638467
1.6190161
1.2750482
1.3732188
1.2122546
1.4079267
1.1838526
1.214749
1.1662877
2.5880098
1.4652865
1.5837793
1.9040376
2.0684469
1.9080069
1.7042246
1.4201658
0.93750855
0.91028889
1.5820593
1.4038342
2.0343423
1.9419052
1.3700934
1.6187752
1.5721983
1.9426057
1.6784695
2.1397337
2.0491348
1.5022785
1.7429109
3.0273476
2.3509178
1.3785669
1.7905624
1.5064928
1.49187
1.2299611
1.4173177
1.2728256
1.2193215
1.0353403
1.2900119
1.5976197
1.7504517
1.346171
1.3191982
0.97594392
2.1067343
1.6015261
2.1463205
1.8667211
1.6193569
2.1741794
1.3212876
1.8623438
3.4277711
3.7559968
4.1392293
2.3467869
2.3015507
1.6246744
1.912971
1.3868298
0.90958055
1.4542308
1.8438914
1.2433322
1.6179476
1.4951271
1.7344508
1.3892689
1.0378476
1.5564697
1.7115812
1.3327351
1.5407498
1.4151881
1.3302158
1.2591451
1.7532857
1.6484844
1.474272
1.5023691
1.4289191
1.1463182
1.3019769
1.5003139
1.3362961
1.3677076
1.7649801
1.7281101
1.4722616
1.6246156
1.7301138
1.3013949
2.6393982
2.1016817
1.8649128
1.9197032
2.0350392
2.0369237
2.0999791
1.5791303
1
1.2728829
1.2521471
1.0465196
1.1894624
1.0109708
1.2084784
1.0630267
2.0333884
1.4562338
1.320835
1.466135
1.6375008
1.5579318
1.6442261
1.51804
1.9141366
1.4789372
1.423275
1.2946846
1.5667299
1.56254
1.5174669
1.6284346
3.6340454
2.4148261
1.7495486
1.8058817
1.7434963
2.0065009
1.9274899
2.0534968
3.0654219
2.9002333
2.1176629
1.7807707
1.8300882
2.0980835
2.1477491
2.2509042
1.6515015
1.3564391
1.5284176
1.3524644
1.7923535
1.6336849
1.4879097
1.4064676
0.55910523
0.96054729
1.3512615
1.4531112
1.3741292
1.4101666
1.5759152
1.2548469
1.7225233
1.462379
1.7197558
1.6964355
1.9224733
2.0217191
2.1085072
1.8486121
1.9355838
1.5125852
2.1310577
2.0346452
1.7153897
1.9605857
1.7913728
1.425501
1.4274997
1.8713465
1.939453
1.888222
1.8190007
1.9964306
1.9084159
1.8397531
2.2049633
1.4354987
1.3006268
1.3549205
1.2444619
1.6029024
1.3627078
1.0186207
1.2824051
1.2546942
1.6186299
1.2930003
1.5942025
2.1966123
1.8895905
1.7900148
2.2339006
2.4591437
1.8523586
1.8072753
1.9368559
2.132994
1.7276044
1.7404892
2.4019111
1.5688252
2.1787534
1.7045139
2.2155548
2.1162874
1.4835982
1.1835353
1
0.99979706
0.92891552
1.0073509
1.8688444
0.85690605
1.1449388
1.1427605
2.872046
1.9761003
2.3482467
2.1145759
1.7667881
1.7360211
1.6255427
1.7635401
1.628509
1.5153469
1.9504235
1.6803514
1.6140195
1.6909704
1.4640298
2.0514386
3.667934
2.7602756
3.0916375
2.1693061
2.4818767
2.3534166
1.5680178
1.9590942
2.2192472
2.3038046
2.1181583
2.1813915
1.9784715
2.8299516
1.7800026
2.456686
2.0435852
1.6561018
1.7815259
1.5657489
1.6088387
1.7084702
1.4364404
1.8579155
1.8455222
2.6255204
1.90037
1.7926018
2.0623789
1.9459404
1.8534905
2.2889099
1.6150306
1.1552933
1.7608205
1.7128588
1.6496316
1.8020036
1.3740407
1.7086086
1
1.3118337
2.2710219
1.466773
1.5140891
1.4219509
1.3577133
1.2156902
1
2.8978336
3.4596382
1.94448
1.8338826
1.6370696
1.4665319
1.3210023
1
2.9903722
1.9082295
1.0835605
1.0737718
0.99889113
0.99779018
1.0019443
1
0.97083889
1.8070976
1.1272409
1.223246
1.1239484
1.0775513
1.0868925
1
1.4470165
1.4676175
1.0187548
1.447062
1.3914787
1.3976893
1.4502682
1
1.2004971
1.0503858
1.1372029
1.2353743
1.1834076
1.2089782
1.2657635
1
1
1
1
1
1
1
1
1
1
1.0847128
1.4104678
1.3938602
1.220408
1.2938314
1.4234724
1.6391523
2.2467679
1.5927049
0.95056771
1.0372034
0.93253307
0.90429522
0.94028917
1
2.4607137
1.4337077
1.0380442
1.3919036
1.1194441
1.1654035
1.215043
1.1158972
2.2291523
1.834871
1.3979186
1.5675517
1.4606117
1.341269
1.4245449
1
0.99791889
3.2661672
1.5022748
1.4465379
1.6667397
1.595368
1.5544359
1.6321803
1.3442209
1.0818613
0.9167021
1.0298813
1.0366624
1.0387371
1.0857042
1
2.0104635
1.1494578
0.7042899
0.96995623
1.013278
1.03857
1.0394146
1.7461079
1.6831453
1.5886251
1.4838548
1.4191022
1.4319499
1.3032196
1.1972902
1.449464
1.7122613
2.0633929
1.5471693
1.592291
1.2491457
1.1845107
1.254679
1.0062646
1.5991078
1.3198409
1.1590296
1.1975421
1.0475029
1.0854551
1.0756483
1.3058304
1.4260223
1.3130857
1.3159885
1.1830311
1.0771497
1.1354657
1.1703557
1.4980743
1.3608663
1.3931969
1.2431847
1.2766269
1.3451635
1.4053803
1.2863335
1.0798159
1.81866
1.3116766
1.8778047
1.7003373
1.6477637
1.5495116
1.2959284
1
1
0.99561994
0.97311691
1.1684232
0.88144956
1.0102931
1.0964861
1.177967
0.97357646
1.1443534
1.1507215
1.0803352
0.87564726
0.76486606
0.90268141
2.8084765
2.5855728
2.3624541
2.041442
1.9493359
2.0945005
1.9887096
2.3112923
1.9377856
2.762865
1.7953894
1.6151593
1.6053982
1.9486625
1.6721106
1.6021966
2.9725246
2.80192
2.8473718
2.2657449
2.2269907
2.7768647
2.9050516
3.2598359
2.0482852
1.7395652
1.6232625
1.3021917
1.3211885
1.2224283
1.1948479
1.1881636
0.99101167
1.1724834
1.4584054
1.6605546
1.5454343
1.4993815
1.6344186
1.3257623
1.1792774
1.4024566
1.550274
1.2116687
1.3694181
1.3617333
1.258763
1.1080394
1.7631855
1.9393308
2.0403478
2.2418897
2.1932502
2.2923508
2.1498229
1.8344297
1.0608978
1.1354374
2.2478702
2.1019227
2.1376544
1.9293671
1.5816392
1.5004546
1.0283145
1.1220451
0.93975179
1.2446726
1.388517
1.4351077
1.2071489
1.6612135
1.2891457
1.0942145
1.2770701
1.6511767
1.5196748
1.5663915
1.7254286
1.2251016
1.0286719
1.3346533
1.3923801
1.4987794
1.5066203
1.7655148
1.9968793
2.2696788
1.0229522
1.2524556
1.1695371
1.307366
1.6083471
1.5605903
1.8427205
1.6161766
0.99921666
0.98331231
1.0270707
0.83444846
0.73534308
0.85736952
0.95684057
0.86657223
2.380342
1.4484791
1.1164994
1.3938783
1.0340521
1.2325527
1.4998421
1.4384491
1.0385328
1.185007
1.3385606
1.7718694
1.8522528
1.8834473
1.7853332
1.2159413
1.5770451
2.099566
1.9149436
2.2997814
2.6466444
2.0710014
2.2236405
2.143324
1.313299
1.5818531
1.3585196
1.2675542
1.4464444
1.4704312
1.1528505
1.3879293
2.7957959
1.3809589
1.1859385
1.2945226
1.0454512
1.1236954
1.2683053
1.2028784
1.8527014
1.1543201
0.90499098
1.1211285
1.0564912
0.89905701
0.76831846
1.0590098
1.6283109
1.2631202
1.5301626
1.8569442
2.0872745
2.1129542
2.3834118
2.6085257
0.75285459
1.2261901
1.3209466
1.3955158
1.1619511
1.025889
1.2056636
1.1843604
1.1245613
1.0295951
1.6490969
1.8134768
1.4265203
1.5720218
1.6035229
1.0520521
0.63993128
0.91078008
1.4823285
1.2317269
1.3381931
1.5989103
1.4992371
1.1597052
1.0001645
0.89809419
1.0937902
1.3060165
0.85403281
1.2707582
1.3550044
1.2179432
2.4813546
1.5031902
2.7076245
1.996664
2.2456085
1.9920554
2.2623511
1.5829959
1.5225611
1.609966
1.8798442
1.6072629
1.9228756
1.7217047
1.3937372
1.5153825
1
0.99451174
0.95354695
1.3555285
1.2784183
1.7314441
1.0691077
1.494176
1.0392508
0.72209467
0.99725614
1.240095
1.1392748
1.4319835
1.127647
1.0536757
1.1790346
1.3619611
1.3010539
1.2735529
1.4748773
1.5328642
1.6455961
1.6939377
1.1822235
1.0322923
1.0001987
0.92157539
0.91568528
0.9779507
0.91789012
1.054046
2.5489032
4.0138829
4.3056429
4.2392289
2.8319609
2.2252997
1.8730619
1.3297283
1.0879145
1.0465815
1.0605182
0.95658221
1.0241985
1.0721475
0.75467356
0.90949501
2.8675923
5.7580857
5.2333373
3.9901259
3.7842307
2.2647995
1.5047058
1.6406909
1.5586168
1.6436288
2.5922684
2.1940165
1.6185432
1.1887156
0.99835797
0.95300319
1.9258831
2.11137
2.4303358
2.1735371
2.5954922
2.3935929
1.6751017
1.7939144
1.1586248
1.9197646
2.6411274
2.4219217
1.7329906
1.4873272
1.5587002
1.4324677
1.104326
1.7359171
1.4640509
1.5101223
1.6076242
1.0201515
1.0865852
1.4912551
1.3463449
1.8110549
1.2020106
1.2325623
1.269735
1.6159738
1.1054792
1.5284756
1.5312275
1.5322064
2.069483
2.485762
1.9630061
2.3148832
1.4574088
1.243453
1.2415273
1.5425031
1.7989312
1.8873558
1.6271463
1.5851857
1.7316916
1.1099766
1
1
0.97322
0.85762595
0.84378503
0.81918691
0.97817806
1.1174065
1.8531824
1.361901
1.6784129
1.6715693
1.1270572
1.130066
1.1980737
1.0169566
3.2494692
3.8632995
4.154849
3.6314859
4.3015342
3.6117866
3.2481555
3.3233802
2.4645203
3.0878775
1.8428593
2.776234
2.6582411
1.0784461
1.1773272
1.2040329
1.7594101
2.397388
1.582767
1.0558513
1.0732358
0.98245656
1.1759221
0.96762395
2.744191
2.688016
1.8033382
1.6384978
1.3419332
1.1761615
1.1921126
1.1071058
1.5104086
1.3126421
1.7415838
1.9102157
1.6340882
1.4385949
1.2245414
1.2242607
1.3418128
1.53427
2.1945807
1.9163497
1.7115808
1.5990663
1.5255284
1.3469032
1.5523269
1.2184354
1.3056388
1.615882
1.7406383
1.5360275
1.4498631
1.3670458
1.0982155
1.0674295
1.9094923
1.8910397
1.661178
1.8930422
1.660721
1.3217793
0.48515957
0.98166349
1.1574467
1.1014759
1.2135785
1.2559851
1.157675
1.1076107
1.3302343
1.4162886
1.5205853
1.480891
1.4698699
1.324433
1.4863907
1.2973697
1.7289814
1.1502805
1.2934188
1.2643152
1.1272587
1.1964283
1.346805
1.1963123
1.3560404
1.6969842
1.7200408
1.283893
1.5495991
1.4177989
1.4685848
1.1133162
1
0.90825932
0.85131299
0.84238878
0.62656577
0.85238316
0.90128722
1.0778422
0.85257419
0.79498843
0.79542644
0.85934568
0.82899126
0.91663524
0.83305754
0.90251681
1.7676274
1.1696157
1.5117433
1.6717401
1.8502699
1.8065018
1.9528894
2.2001913
2.3180085
2.0559552
1.5213037
1.503418
1.27582
1.0131764
0.98184792
1.2117796
2.299229
2.0565324
1.6144683
1.4678218
1.4956448
1.5028499
1.784406
2.2441342
1.3225729
0.97392508
0.94049882
0.7690732
0.65601385
0.64998973
0.62850264
0.73793494
0.50358772
0.79647467
0.81428299
0.71613416
0.77836345
0.90268
0.92837185
0.87752385
0.94243431
1.025087
1.2606009
1.1620896
1.0437202
0.941159
1.0152931
1.1416345
1.5023249
1.0336302
1.07582
1.477959
1.4240929
1.6296977
1.456018
1.8559197
2.0097986
1.9793525
1.1872712
1.7289482
1.6814455
1.2540018
2.1003937
1.7792883
1.3295973
1.3554274
1.4475239
1.3199666
1.3179944
1.2030148
1.2462215
1.264936
1.7880618
1.8337746
1.7285118
1.3684495
1.7767903
1.7314813
2.2286518
1.0607097
1.9436004
1.1994606
1.1231101
1.3774983
1.2979394
1.2638668
1.0443183
0.84749274
1.4693267
1.5311872
1.6975474
1.9651369
1.6440112
1.4876374
1.2201904
1.2985728
1
1.5402527
1.7193696
1.8067425
1.7007532
1.4765055
2.1981911
1.1887282
2.0391347
1.2757179
1.5010182
1.4554289
1.6885391
1.461106
1.3606873
1.0300012
2.9656105
2.9183761
2.9285258
3.5708671
3.3978555
3.5943906
3.7431006
5.0362734
1.8485272
1.5341273
1.8903589
1.6182842
1.9975784
2.037007
2.027536
1.4005278
2.532949
2.3177958
2.4210459
2.2047962
2.1438447
2.4207183
2.1698194
1.980516
2.1727775
1.3875163
1.2372098
1.282866
1.1617919
1.2370561
1.0022808
0.95467355
1.6133573
1.0278293
0.86616784
0.77480481
0.9066148
1.3644036
1.2314848
0.98487598
0.71805011
0.7134905
1.2821053
1.4490904
1.5507963
1.4309506
1.0246502
1.0683934
1.3583128
1.5591206
1.3490952
1.3259149
1.5447411
1.6543254
1.6414054
1.902457
2.4907683
2.3754888
2.7230571
2.7482807
2.4051801
2.6152368
1.6636672
1.342457
1.3983292
1.4478695
1.5030871
1.2446327
1.511457
1.480323
1.3443463
1.4725577
2.2200767
2.428765
1.7619614
1.5359369
1.7055565
1.6745638
1.5964627
1.7136397
2.1888241
2.73475
2.0071971
1.9488729
2.017384
2.7818571
2.1869228
1.724786
1.974772
2.1979497
2.3491962
1.8242881
1.6078314
1.3500028
1.402715
1.0123424
1
0.99999903
1.5606687
1.4111943
2.1236967
1.8831299
1.3837501
1.2261625
2.4947255
2.2308854
1.859214
1.7162046
1.8775524
1.9947463
1.9364502
1.6361974
2.3614986
2.255228
1.8809988
1.6015875
1.657429
1.6249695
1.6126989
1.7864043
2.2341455
2.3563745
2.3417122
1.9214527
1.9567762
2.2181744
2.1744489
1.7936861
2.6245584
3.6567697
2.6943078
2.2018466
2.7488134
3.2327103
3.4497714
3.5614107
2.5237019
2.6640338
2.1991786
1.8043597
2.1349691
2.4119732
2.6596759
2.2121304
2.2513747
1.9456544
2.1107295
1.8564109
2.1785226
2.2338522
2.2931386
2.6824737
1.2753424
1.3092674
1.221722
1.2698504
0.90074485
1.0110386
1.1041834
0.84153465
