0.8936017
0.87001016
0.93277799
1.04954
1.110296
1.2160231
1.0442629
1.0681058
0.86613775
1.0425159
0.9053732
0.97407956
1.0842643
1.1403997
1.1951367
1.0761277
0.86620872
1.1327632
1.0722738
0.76850159
1.1333746
0.85685777
1.0505671
0.82756079
1.0113346
0.85695026
0.94141371
0.98113966
0.99325452
1.0401156
1.16369
1.0673856
1.2315001
0.88011843
1.1019732
1.1378826
1.0126063
1.0721321
1.3889536
1.2559011
1.1228694
1.0469495
1.1042234
1.0238318
1.167184
1.1051519
1.1143038
1.0947741
0.25433228
0.57145191
0.72570565
0.6362571
0.62588482
0.75037215
0.59600974
0.81106696
0.31711588
0.47759481
0.66984323
0.85200076
1.0663403
1.1484914
1.1913095
1.1532825
0.6634576
0.56482387
0.72416263
0.86566818
0.95883752
0.97239682
1.069382
1.2255366
0.53901397
0.93823349
1.1788747
0.97020133
0.88254358
1.2070367
1.1440827
1.1935415
1
1
0.99999564
0.99999367
1
1
1
1
0.56629846
0.57505263
0.9093754
1.1548822
1.3928443
1.5210738
1.5027087
1.5988579
1.0000263
0.99999027
1
1
1
1
0.9999988
1.0000065
1.1496355
1.4211344
1.579271
1.6333203
1.4319922
1.5424197
1.6324491
1.2503652
0.83567231
0.75375436
0.96232078
0.90218922
0.9548921
1.1165233
1.1478078
0.99184598
1.848206
1.707496
1.0882145
1.1064821
1.2983202
1.0092305
1.4040289
1.1281723
0.95890858
1.0939801
1.1027277
1.1673524
1.2025724
1.1533079
1.1839174
1.0633477
1.0622252
1.0942166
1.219363
1.2229888
1.184413
1.1604184
1.2177827
1.0905625
1.2038338
1.1001862
1.1638569
1.1650676
1.1661826
1.2309089
1.314484
1.2298008
1.3630646
1.7639643
1.3300014
1.3251678
1.2586163
1.1705524
1.1835558
1.156517
1
0.99999185
0.99999074
0.99999144
1
1.0000051
0.99999719
0.99999856
0.53324842
0.93165975
0.84887778
0.99954372
1.2769666
1.414551
1.3628317
1.3145774
1
1
0.99999885
1.0000096
0.9999965
0.99998747
1
1
1
1
1.0000072
1.000006
1
1
1
1
0.82386782
0.72558465
0.89993774
1.046908
1.2668323
1.256617
1.2461059
1.3165615
0.71554521
0.93777912
1.0532403
1.1882567
1.2984242
1.3104894
1.4134415
1.2860786
1.2626672
0.87207266
0.78600498
1.0134441
1.220042
1.2903189
1.3032575
1.4454648
0.24695008
0.66612481
1.0648268
1.2310318
1.1614471
0.94874829
0.87877057
0.88809274
1
1
1
1
1.0000059
1.0000077
1
1
1
1
1
1
0.99998774
1.0000019
1
1
1
1
1.0000217
1.000009
1
1
1
1
1
1
0.99998836
0.9999943
1
1
1
1
1.1164333
1.0162913
0.86908381
1.1125185
1.2231132
1.1715174
1.1853224
1.1156562
1.1908126
0.60552788
1.0373476
0.87108527
1.1273916
1.0563421
1.0045226
1.1672577
1
0.99999495
1.0000057
0.9999999
0.99999989
0.99999868
0.99999706
1.0000024
1
1
1
1
1.0000069
1.0000069
1
1
1
1
1
1
0.99999875
0.99998772
0.99999849
0.99999994
1.000001
1.0000002
1.0000011
1.0000028
1
0.99998369
1
1
0.99998562
0.99999185
0.99999485
0.99998703
0.99999731
1.0000028
0.9999938
0.99999389
0.99999839
0.9999999
1
0.99998575
0.99999719
0.999983
1
1.0000024
0.58356761
0.95570413
0.9678605
1.0262048
1.0541974
1.2626913
1.1868395
1.0798206
0.31267664
0.73857302
0.96529354
1.1550442
1.3004267
1.3352765
1.1292823
1.0729031
1
1
1
1
1.0000093
1.000006
1
1
1
1
1
1
0.99999618
0.99999359
1
1
1
1
1.0000096
1.0000069
1
1
1
1
1
1
0.99999905
1.0000059
1
1
1
1
1.0404763
1.0237465
1.447985
1.2274026
1.126904
1.320449
1.174392
1.2212812
1.0251124
1.1118989
1.2608081
1.3399848
1.1043545
1.0883228
1.3254569
1.1248958
1
1
1
1
1
1
0.99999322
1.0000072
1
1
1
1
1.0000086
1.0000119
1
1
1
1
1
1
0.99999831
1.0000091
1
1
1
1
1
1
1
0.99999476
1.0000026
1.000003
0.99999953
0.99999874
0.9999949
1.0000034
1
1
1
1
1.0000061
1.0000083
1
1
1
1
1
1
0.3687958
0.93774769
0.95879063
1.0894027
1.0108462
1.0906434
1.0275844
1.0747744
1.355088
0.75786905
0.95807728
1.3615162
1.4245179
1.2137178
1.2012789
0.90013609
0.99999967
0.99999826
1.0000017
1.0000008
0.99999671
1.0000029
1
0.99997884
1
1
0.99998997
0.99999399
0.99999666
0.99999817
0.99999735
1.0000009
0.99999374
0.99999206
0.99999395
0.99999926
1
0.99998861
1.0000061
0.99998267
1
1.0000056
0.99999327
1.0000101
1.0000076
1.0000054
1.0000043
1.0000097
1.0102004
1.0525243
1.2081664
1.257746
1.2115114
1.1907429
1.2502227
1.1357529
1.0726048
0.80556149
1.0574998
1.2504441
1.2095146
1.5360021
1.1049603
1.13382
1
1
1
1
1
1
1.0000023
0.99999155
1
1
1
1
1.0000103
1.0000116
1
1
1
1
1
1
1.0000001
1.0000011
1
1
1
1
1.0000123
1.000014
1
1
1
1
1
1
1.0000014
0.99999798
1
1
1
1
1.0000026
1.0000097
1
1
1
1
1
1
0.70155202
0.71457895
1.0441267
1.021216
0.90913621
0.89666975
0.99104291
0.7157475
0.44784851
0.65794773
0.77154687
1.3547334
1.2081547
1.1796969
0.90827299
1.0746545
1
1
1
1
1.0000023
1.0000045
1
1
1
1
1
1
1.000005
0.99999108
1
1
1
1
1.0000094
1.0000018
1
1
1
1
1
1
0.99999943
0.99999071
1
1
1
1
0.71747095
1.4903947
2.3315023
1.3820425
1.1011115
1.6055026
1.3537541
1.2535469
0.87375651
1.9879459
0.96768153
1.3206461
1.6370893
1.2185572
1.4862557
1.2234466
1
0.99998428
1
1
0.99998877
0.99999125
0.99999137
0.9999949
0.99999697
1.0000013
0.99999377
0.999991
0.99999577
0.99999896
1
0.9999942
1
0.99997803
1
1.0000108
0.99999999
1.0000051
1.0000099
1.0000061
1.0000027
1.0000121
1
1.0000039
1
1.0000767
1
1
1.000003
1.000029
0.99999597
0.9999952
1
1
1
1
1.0000072
1.0000058
1
1
1
1
1
1
0.94935613
0.82096588
1.1508309
0.84186585
1.4565946
1.3334221
0.67080419
0.75345537
0.4760756
0.61091915
1.0722027
1.4466294
1.2736956
1.2461778
1.2612937
1.0470635
1
1
1
1
1.0000046
1.0000107
1
1
1
1
1
1
1.0000001
0.99999485
1
1
1
1
1
1
1
0.99998681
0.999996
0.99999247
0.99999247
0.99998942
0.9999943
1.0000028
1
1
1
1
0.57645679
1.5795111
2.5596505
1.6958828
1.1667134
1.3945306
1.4612382
1.088168
0.84311027
1.1486866
1.0179826
1.097274
1.2896038
1.1286273
1.2384767
1.2819907
1
1
1
1
1
1
1.000001
0.99999176
1
1
1
1
0.99999989
0.99999826
1
1
1
1
1
1
0.99999755
0.99999406
1
1
1
1
0.99999887
1.0000007
1
1
1
1
1
1
0.99999578
0.99999152
0.99999125
0.99999115
1.0000001
0.99999812
0.99999363
0.99999994
1
0.99998867
1
1
0.99999434
0.99999179
1.691593
1.648863
0.88663935
1.0585893
0.91418114
0.87549836
0.912982
0.70553089
0.42192353
0.55733203
1.1902884
1.1826922
1.5520799
1.3020041
1.0173127
1.1157733
1.0000095
1.0000031
0.99999702
1.0000124
1.0000026
1.0000052
1
1.0000312
1
1
1.0000064
1.0000301
0.99999342
0.99999556
1
1
1
1
1.0000084
1.0000063
1
1
1
1
1
1
0.99999529
0.9999918
1
1
1
1
0.79463994
1.8324383
1.1591533
1.1323376
1.5028572
0.87538216
1.4317391
1.1230315
1.0145674
1.0169873
1.2623363
1.1918599
1.7732163
1.2209475
1.856492
1.2230565
1
0.99998327
0.99999302
0.99998737
0.99998929
0.99998578
0.99999574
0.99999959
1
1
1
1
0.99999978
0.99999827
1
1
1
1
1
1
0.99999222
0.99998623
1
1
1
1
1.0000049
0.99999613
1
1
1
1
1
1
0.99999494
0.99999574
1
1
1
1
1.0000072
0.99999655
1
1
1
1
1
1
0.9962038
0.99490441
0.98919266
0.99527412
0.99521821
0.98961958
0.98085012
0.87729821
0.97363821
1.0357601
1.301421
0.92697068
1.4347848
1.2930018
1.0221836
1.344687
1
1
1
1
0.99999766
0.9999996
1
1
1
1
1
1
0.99999789
0.99999173
0.99999874
0.99999133
0.99999793
0.99999438
0.99999246
0.99999987
1
0.99998145
1
1
0.99999556
0.9999877
1.0000004
1.0000018
0.99999483
0.99999806
0.99999046
0.99999286
0.9999989
0.99788824
0.98679605
1.1004714
1.1222827
1.1005226
1.0690821
0.63985777
0.99999326
0.99962475
1.183495
0.95339009
1.1921712
1.4300232
1.0973743
0.99510595
1
1.0000134
1
1
1.0000066
1.0000136
0.99998949
0.99999551
1
1
1
1
1.0000053
0.99999887
1
1
1
1
1
1
0.99998861
0.99999072
1
1
1
1
1
1
1
0.99998221
0.99999239
0.99998438
0.99998673
0.99998273
0.99999776
0.99999799
1
1
1
1
0.99999137
0.99998452
1
1
1
1
1
1
0.9999949
1.0000042
0.99927775
0.99942137
0.99974537
0.99999641
0.99999606
0.99904694
0.99338824
0.96557199
0.87166441
0.95378913
1.1823081
1.1551251
0.87397846
1.076511
1
1
1
1
1.000004
0.99999223
1
1
1
1
1
1
0.99998352
0.99999645
1
1
1
1
0.99999995
0.99999302
1
1
1
1
1
1
1.000002
0.99998868
1
1
1
1
0.9999975
0.9999968
1
1
1
1
1
1
1.0000107
0.9999903
1
1
1
1
0.99999509
0.99999813
1
1
1
1
1
1
1.0000004
0.99999014
0.64440497
0.7877503
0.87952184
0.89447273
1.020818
1.07956
1.1676762
1.1286915
1.4213627
1.4453545
1.5203334
1.3523076
1.3092686
1.303706
1.1992653
1.2172367
0.89288101
0.90537453
0.9537678
1.033531
1.0980714
1.0964774
1.0473643
1.0524336
0.83281186
1.0817161
1.044634
1.1503267
1.1116545
1.1515635
1.1275264
1.0405587
0.83581212
0.96485172
1.1248003
1.2031906
1.3663776
1.3320723
1.331572
1.2908071
0.43865917
0.60447839
0.80434161
1.1230731
1.0843093
1.1638839
1.0832761
1.0365049
0.64408839
0.81159854
0.88396434
1.0209035
1.0231163
1.0918147
1.0879517
1.0928443
0.88228273
0.81794303
0.62927594
0.8822647
0.97039108
0.87685426
0.91443084
0.99698314
1.0145665
1.2894327
0.84762491
0.88025353
0.79710408
1.0860619
0.93768421
1.064053
1.0935529
1.1236608
1.1864028
1.2398124
1.1140309
1.1278067
1.182031
1.0994245
0.87846161
1.1067568
1.018493
1.2244682
1.1791118
1.1111408
1.2067303
1.0130882
1.1014386
1.1717029
1.1321471
1.1563194
1.1265162
1.1691019
1.2703918
1.1960288
0.9932799
1.4223788
0.95400842
1.2831413
1.0749143
1.0623239
1.1465771
1.2594546
0.97920759
1.0214287
0.95834778
1.1342173
1.0880937
1.1483689
1.2887307
1.1309869
0.30582435
0.33122844
0.76391024
0.93931157
1.0252659
1.0139541
1.0119913
0.9529292
1
1
1
1
1.0000348
0.99999548
1
1
1
1
0.99999503
0.99999829
1
1
1
1
0.61433248
0.664919
0.75460123
0.92142187
1.0268615
1.0052966
1.0439621
0.99583145
0.56067867
0.58370429
0.8059137
0.95216083
1.0168307
0.94774867
0.91762991
0.933775
0.69894199
1.0770774
1.0299588
1.1110096
1.1345033
1.0358054
1.0295713
1.018534
0.25247978
0.75987645
0.87132658
1.389157
1.1112278
1.0171651
0.96960265
1.0192638
0.91294059
0.86746446
0.91954228
1.0614713
1.1567453
1.2400516
1.12008
1.1313964
0.89195894
0.96577325
0.99833944
1.159025
1.0316219
1.181298
1.2150422
1.0986095
1.1495544
1.2564837
0.90107979
0.88801296
0.93208009
0.98571609
0.87258051
0.99328145
0.72731798
0.85465172
0.90657642
1.0739774
1.0564781
1.1869221
1.1928307
1.038931
1.2993049
1.1233061
1.1197695
1.1239624
1.0899236
1.1782372
1.1924687
1.0995871
1.1933202
1.2281914
1.1624338
1.0925354
1.1172612
1.1196214
1.1229657
0.98431539
1
1
1
1
1
1
1
1
0.96510773
0.88180872
0.67352717
0.79944418
0.8617322
0.97681828
1.0010684
0.94140042
0.68235539
0.71276974
0.81299071
0.85920477
0.9054273
0.92804619
0.98614052
1.051057
0.91341334
0.78810189
1.0581754
1.0262777
1.0750298
1.1927611
1.0185122
1.0877904
1
1
1
1
1
1
1
1
1.0093581
0.91412079
0.86529281
0.94575654
0.99009553
1.1070713
1.0899181
1.0168407
0.97717809
1.0417427
0.79500451
1.0898206
1.1258395
1.1450901
1.1533903
1.079758
0.54605936
0.98863049
1.0117671
1.2146708
1.2589407
1.1358709
1.1461559
1.0377206
0.94522788
1.1145682
1.124726
1.0824107
1.2137853
1.1704108
1.1147501
1.0591328
1.0630519
0.84906415
1.1884732
1.3089495
1.1752062
1.225739
1.2470562
0.96739107
0.9488202
1.1224971
1.0233738
1.1533554
1.1660851
1.1306702
1.1371079
1.07221
0.93071367
1.0701447
1.1978243
1.2217185
1.186797
1.2149765
1.18119
0.99787344
0.91921571
1.0852993
1.089115
1.1903491
1.1102049
1.1381214
1.1165997
1.101242
0.80230889
1.1223696
1.2687231
1.4163748
1.1514608
1.1727511
1.0728818
1.1403813
1
1
1
1
1
1
1
1
1.205074
1.4193865
1.2880356
1.3871625
1.4678851
1.5260444
1.4469482
1.3421539
1
1
1
1
1
1
1
1
1
1
1
1
1
1
1
1
0.89377016
0.60449523
0.83056513
1.1139111
1.420237
1.3136032
1.2856629
1.2360115
1.3363166
1.0801755
1.1257399
1.1490213
1.2684963
1.3363835
1.183763
1.0164468
0.90648653
1.0290771
0.94354215
1.0808129
1.0304354
1.0334339
1.1545334
1.0367289
0.20671179
0.71794147
0.87117585
1.1563631
1.0306811
0.97308996
0.86552789
0.8732429
1
1
1
1
1
1
1
1
1
1
1
1
1
1
1
1
1
1
1
1
1
1
1
1
1
1
1
1
1
1
1
1
1.0440601
1.1812604
1.1307208
1.240852
1.173882
1.0911351
1.0881566
1.1322816
0.76694116
1.0285758
1.0249981
1.0295468
1.0563104
1.1070766
1.1692911
1.2318897
1
1
1
1
1
1
1
1
1
1
1
1
1
1
1
1
1
1
1
1
1
1
1
1
1
1
1
1
1
1
1
1
1
1
1
1
1
1
1
1
1
1
1
1
1
1
1
1
0.47525839
0.8859857
1.0624405
1.1218131
1.1438731
1.0469737
1.0777055
0.84357346
0.95441445
0.86401314
0.77650958
1.0361271
1.1119222
1.0373111
1.1056986
0.93129855
1
1
1
1
1
1
1
1
1
1
1
1
1
1
1
1
1
1
1
1
1
1
1
1
1
1
1
1
1
1
1
1
1.1014784
1.2165569
1.3288176
1.1662065
1.3054392
1.2265742
1.1999162
1.1776537
1.5084183
0.97882083
1.3970472
1.3649208
1.4218623
1.3508272
1.4741931
1.2375016
1
1
1
1
1
1
1
1
1
1
1
1
1
1
1
1
1
1
1
1
1
1
1
1
1
1
1
1
1
1
1
1
1
1
1
1
1
1
1
1
1
1
1
1
1
1
1
1
0.68196955
0.81416752
0.93942019
1.1367914
1.0904128
0.99033359
1.0526852
0.81565426
0.88598858
0.76496869
0.93944698
1.2620448
1.2333202
1.0907787
1.2875754
1.1868166
1
1
1
1
1
1
1
1
1
1
1
1
1
1
1
1
1
1
1
1
1
1
1
1
1
1
1
1
1
1
1
1
1.1522123
1.4976963
1.0845889
1.0998514
1.2622454
1.3309591
1.3090599
1.2295155
1.1448884
1.1813937
1.4339696
1.1891287
1.3932841
1.1101991
1.2946853
1.2146985
1
1
1
1
1
1
1
1
1
1
1
1
1
1
1
1
1
1
1
1
1
1
1
1
1
1
1
1
1
1
1
1
1
1
1
1
1
1
1
1
1
1
1
1
1
1
1
1
0.81307609
0.91117853
1.0862493
0.80414995
1.3349503
0.84297912
0.74332764
0.82864254
0.4496601
0.65467263
0.95709779
1.198373
1.2803092
1.0598517
1.210655
1.221347
1
1
1
1
1
1
1
1
1
1
1
1
1
1
1
1
1
1
1
1
1
1
1
1
1
1
1
1
1
1
1
1
1.0736854
1.2397867
1.8300075
1.4124841
1.3662794
1.372636
1.3601419
1.3969076
1.0027186
1.2933214
1.5936692
1.3188936
1.4812487
1.3615181
1.3537948
1.3088984
1
1
1
1
1
1
1
1
1
1
1
1
1
1
1
1
1
1
1
1
1
1
1
1
1
1
1
1
1
1
1
1
1
1
1
1
1
1
1
1
1
1
1
1
1
1
1
1
0.69443018
0.73824208
1.0592194
0.95452927
0.91411468
0.64678996
0.89419927
0.72519268
0.71853489
0.93689216
1.1959387
1.1585737
1.4456113
1.3905738
1.1944943
1.1898628
1
1
1
1
1
1
1
1
1
1
1
1
1
1
1
1
1
1
1
1
1
1
1
1
1
1
1
1
1
1
1
1
1.0937392
2.3504279
1.1285258
1.2913702
1.6736079
1.7953162
1.9075133
1.3898539
0.98023026
1.0499298
1.0992913
1.5295286
1.2146529
2.1061507
1.4887064
1.2008256
1
1
1
1
1
1
1
1
1
1
1
1
1
1
1
1
1
1
1
1
1
1
1
1
1
1
1
1
1
1
1
1
1
1
1
1
1
1
1
1
1
1
1
1
1
1
1
1
0.91059107
0.93758598
0.94712969
0.94255843
0.950018
0.95662853
0.81711226
0.61194329
0.38912489
0.7245144
1.2611499
1.3787211
1.2808868
0.81093244
0.79009851
1.6570861
1
1
1
1
1
1
1
1
1
1
1
1
1
1
1
1
1
1
1
1
1
1
1
1
1
1
1
1
1
1
1
1
1.0924695
1.2813512
1.0297163
1.7998074
1.1818376
2.014205
2.6989082
1.4487161
0.99999036
1.1568113
0.94511111
0.97256825
1.064692
1.2286206
1.2008326
1.0675207
1
1
1
1
1
1
1
1
1
1
1
1
1
1
1
1
1
1
1
1
1
1
1
1
1
1
1
1
1
1
1
1
1
1
1
1
1
1
1
1
1
1
1
1
1
1
1
1
0.98349634
0.9755323
0.98636473
0.99008328
0.99095878
0.99488467
0.98772147
0.82051402
1.2004272
1.1816548
0.86236662
0.94201927
0.78467901
0.6752624
0.81577101
1.3136579
1
1
1
1
1
1
1
1
1
1
1
1
1
1
1
1
1
1
1
1
1
1
1
1
1
1
1
1
1
1
1
1
1
1
1
1
1
1
1
1
1
1
1
1
1
1
1
1
1
1
1
1
1
1
1
1
0.84574249
0.99630615
0.94573479
0.98601853
1.1168933
1.1630587
1.1733641
1.0760382
1.1765722
1.1851393
1.206776
1.258098
1.3128458
1.3164999
1.2579495
1.2496974
0.71496951
0.83207382
0.93052174
0.98698366
1.0390129
1.1125929
1.1152192
1.1724981
0.85528779
0.94718807
1.0568393
1.1037815
1.0679738
1.1111437
1.1009812
1.0311656
0.72040104
1.0202127
1.0995689
1.1570181
1.2832996
1.2380125
1.1951117
1.1313129
0.56637557
0.83469999
0.94447125
1.0345491
1.0540239
1.0764283
1.0430738
0.9977854
0.59447654
0.66078171
0.83020002
0.93757111
0.99328928
1.086127
1.0848915
1.0928308
1
1
1
1
1
1
1
1
1
1
1
1
1
1
1
1
1
1
1
1
1
1
1
1
1
1
1
1
1
1
1
1
1.3984754
1.2777525
0.89336557
1.0786942
1.026878
1.0075121
1.1788046
1.1404736
1.0272869
1.4236144
1.0975943
1.1662603
1.1478038
1.1240501
1.2133268
1.1459781
1
1
1
1
1
1
1
1
1
1
1
1
1
1
1
1
1
1
1
1
1
1
1
1
1
1
1
1
1
1
1
1
1
1
1
1
1
1
1
1
1
1
1
1
1
1
1
1
1.0320145
1.0560437
1.0498095
1.2305475
1.1112732
1.1813535
1.1393596
1.2045002
0.22681801
0.83562616
1.1174185
0.82030622
1.1587898
1.3259487
1.2578258
1.2414078
0.8018482
0.76304926
0.6634777
0.70820076
0.86509783
0.84608579
1.076319
0.94492151
0.9110754
1.0055009
0.79067856
0.77470734
0.93867507
1.0181885
1.1151458
1.0352049
1.2577675
1.0116733
1.0704614
1.0813137
1.10149
1.078949
1.0588707
1.0267938
1.0888366
0.95892341
1.0519999
1.0270235
1.0959305
1.0040503
1.0104694
0.97819758
1.0704213
1.1448347
1.1790089
1.1298281
1.0604402
1.1477733
1.0956764
1.0392029
1.1483143
1.6016235
1.1430984
1.2206024
1.1162665
1.051845
1.0679323
1.0928934
1
1
1
1
1
1
1
1
0.17066394
0.6686231
0.87631049
0.78984349
0.75105864
0.78444577
0.81173952
0.85383646
1
1
1
1
1
1
1
1
1
1
1
1
1
1
1
1
0.28691667
0.51557697
0.67050056
0.74790701
0.90680425
0.91596814
0.88942191
0.93478334
0.50627779
0.55429111
0.79265595
0.73285224
0.7990291
0.75206268
0.84180068
1.0378748
0.65192954
1.2753589
1.0421052
1.2098164
1.1277953
1.1489524
1.2144892
1.3927159
0.16676133
0.86750511
1.0369867
1.0535951
1.0545754
1.0459198
1.2729492
1.1939886
0.83312122
0.96506079
0.84960386
1.039784
1.0765198
1.1514496
1.0303447
1.0683573
1.1792473
1.1717669
1.0488034
1.2084127
1.190219
1.2877805
1.2368747
1.2018591
1.7264477
1.1693938
0.91985898
0.779916
1.0214363
0.90867212
0.80416226
0.87382939
1.209014
1.1401936
1.0288397
1.0686831
0.95587495
1.0014833
1.0475726
1.0016941
1.0231664
0.88452228
0.97648036
0.93502742
0.97801085
1.0594286
0.93501866
0.89148899
1.0078225
0.93825078
1.0778413
1.0964873
1.1428228
1.1248386
1.1280049
0.9692658
1
1
1
1
1
1
1
1
0.3141368
0.45152081
0.66425751
0.81955657
0.88989446
0.96111703
0.97575549
1.0128848
0.89060875
0.89708485
0.97394032
1.022525
1.1286671
1.1779374
1.2222689
1.1788859
0.162717
0.5139942
0.87014123
0.82903103
0.99212762
1.1012674
1.0511017
1.1782961
1
1
1
1
1
1
1
1
0.83550895
0.93172664
0.85968353
0.86815454
0.90986598
1.0009144
1.0152967
1.2266486
0.8220884
0.98540308
1.1960158
1.5703499
0.97536668
0.93487214
0.91060384
1.0481726
1.2327222
1.5493381
1.2009224
1.3412846
1.2381433
1.2368025
1.2624366
1.3512154
1.0733483
1.1181291
0.97287564
1.1042479
1.1607859
1.1356147
1.2506149
1.0862998
1.2071185
1.3661681
1.1295614
1.4391107
0.94371719
1.1350871
1.135743
1.0130481
0.67300744
0.99283472
1.0031502
1.116577
1.1640495
1.1503857
1.1281358
1.1071691
1.356156
1.1121917
1.1642815
1.1197008
1.1868636
1.1600159
1.1852221
1.054812
1.1580303
0.73343272
1.1247726
1.1805216
1.00559
1.0755982
1.1036318
1.0206631
0.80601224
1.0024943
1.1053315
1.1500547
1.0699381
1.0044535
1.095827
1.1605833
1
1
1
1
1
1
1
1
3.0988619
2.7835281
2.4150674
2.5261827
2.3213503
2.179989
1.8021228
1.5711722
1
1
1
1
1
1
1
1
1
1
1
1
1
1
1
1
0.95366171
1.0462941
1.0378591
1.2786414
1.2415021
1.2503206
1.3760542
1.320596
1.5081055
1.832576
1.8793215
1.7045797
1.7220722
1.5096585
1.4034069
1.4192431
0.78597113
1.0039482
1.542487
1.1486129
0.99562365
1.0097098
1.0655571
1.250207
0.78571621
0.79861901
0.78193608
1.0773939
1.0014801
1.0609109
1.0974661
1.240862
1
1
1
1
1
1
1
1
1
1
1
1
1
1
1
1
1
1
1
1
1
1
1
1
1
1
1
1
1
1
1
1
1.2661574
1.1356624
0.94568767
1.3200677
1.1813518
1.1577219
1.2495309
1.1475522
1.0544662
0.89916435
1.3145413
1.1665931
1.2168078
1.1786229
1.0078597
1.1780675
1
1
1
1
1
1
1
1
1
1
1
1
1
1
1
1
1
1
1
1
1
1
1
1
1
1
1
1
1
1
1
1
1
1
1
1
1
1
1
1
1
1
1
1
1
1
1
1
0.84745606
0.97851758
1.1182783
1.035189
1.0341171
1.1337951
1.1604564
1.4498783
0.75589422
0.76792882
0.87090419
1.1658915
1.1278389
1.2264961
1.4892556
1.3670158
1
1
1
1
1
1
1
1
1
1
1
1
1
1
1
1
1
1
1
1
1
1
1
1
1
1
1
1
1
1
1
1
1.4430359
1.0837282
1.2063466
1.2147608
1.2758905
1.3716815
1.296652
1.3045529
1.0431843
1.2281238
1.1176751
1.0606279
1.2223733
1.2244447
1.3097595
1.2422776
1
1
1
1
1
1
1
1
1
1
1
1
1
1
1
1
1
1
1
1
1
1
1
1
1
1
1
1
1
1
1
1
1
1
1
1
1
1
1
1
1
1
1
1
1
1
1
1
0.82433519
1.085821
1.1244813
1.3362413
1.1146135
0.96307022
1.3639369
1.9099766
1.3362327
0.91543521
0.96029982
1.2382979
1.2170639
1.2228389
1.301862
1.7201136
1
1
1
1
1
1
1
1
1
1
1
1
1
1
1
1
1
1
1
1
1
1
1
1
1
1
1
1
1
1
1
1
1.1494995
1.1020593
1.0908149
1.4263051
1.3452428
1.3152557
1.3307243
1.4540035
1.0383596
0.96688379
1.1107214
1.2599268
1.2303488
1.3598296
1.4626027
1.2393916
1
1
1
1
1
1
1
1
1
1
1
1
1
1
1
1
1
1
1
1
1
1
1
1
1
1
1
1
1
1
1
1
1
1
1
1
1
1
1
1
1
1
1
1
1
1
1
1
0.71439762
0.98365786
1.0426178
1.0242859
1.26896
0.8744695
1.0343006
1.5242702
0.53238806
0.79713971
0.91141113
1.1930304
1.3269712
1.2149056
1.5129954
2.0076168
1
1
1
1
1
1
1
1
1
1
1
1
1
1
1
1
1
1
1
1
1
1
1
1
1
1
1
1
1
1
1
1
1.0836216
1.7294866
2.3303008
1.4319046
1.4358416
1.7663907
1.3096146
1.4604981
1.118624
0.72624035
1.8099563
1.2541767
1.4274872
1.4478239
1.3187245
1.268823
1
1
1
1
1
1
1
1
1
1
1
1
1
1
1
1
1
1
1
1
1
1
1
1
1
1
1
1
1
1
1
1
1
1
1
1
1
1
1
1
1
1
1
1
1
1
1
1
0.35597504
0.78421869
1.3853819
1.2150854
0.81825813
1.1496354
0.95653003
1.4463022
0.95863064
0.97926711
1.3019455
1.3396658
1.4033913
1.5719831
1.2965376
2.075574
1
1
1
1
1
1
1
1
1
1
1
1
1
1
1
1
1
1
1
1
1
1
1
1
1
1
1
1
1
1
1
1
1.0323109
1.2713189
1.5454988
0.62718775
2.0886944
1.5807819
1.5606668
1.4533836
0.99999559
0.95957586
1.2386445
1.4308404
0.90309897
1.0909535
1.4892081
1.1937765
1
1
1
1
1
1
1
1
1
1
1
1
1
1
1
1
1
1
1
1
1
1
1
1
1
1
1
1
1
1
1
1
1
1
1
1
1
1
1
1
1
1
1
1
1
1
1
1
0.99003514
1.1722864
0.99286377
0.98106914
0.98598141
1.1224427
0.81332093
0.73693458
1.0734684
0.88526726
0.85410518
1.0848662
0.86056996
1.0177545
1.7284829
3.080797
1
1
1
1
1
1
1
1
1
1
1
1
1
1
1
1
1
1
1
1
1
1
1
1
1
1
1
1
1
1
1
1
1
1
1
1
1
1
1
1
1
1
1
1
1
1
1
1
1
1
1
1
1
1
1
1
0.93087461
1.0958936
1.0395256
1.0625619
1.1917542
1.1557671
1.1079664
1.0022647
1.0175485
0.97852924
0.97917658
1.1298003
1.2579145
1.2694448
1.1953486
1.1470137
0.84680323
0.88605617
1.0485179
1.0938466
1.1405118
1.1476102
1.1860649
1.0734495
1.0622522
1.032124
1.1029581
1.0762161
1.0672062
1.0878775
1.0468926
0.9835676
0.98974117
1.0272236
1.1244784
1.1639054
1.2312739
1.1534871
1.1249057
1.0709267
0.8896776
0.83464081
0.81661838
0.95986533
1.0057721
0.99951509
0.97686131
0.95948383
0.77488908
0.72677954
0.94462614
0.96752089
1.0277174
1.017704
1.0531711
1.0558586
1
1
1
1
1
1
1
1
1
1
1
1
1
1
1
1
1
1
1
1
1
1
1
1
1
1
1
1
1
1
1
1
0.98255688
1.2030758
1.0565586
1.108444
1.1036938
1.1971246
1.0605767
1.02454
1.035229
1.6929652
1.5737984
1.1633998
1.3638868
1.3309815
1.2020482
1.1080299
1
1
1
1
1
1
1
1
1
1
1
1
1
1
1
1
1
1
1
1
1
1
1
1
1
1
1
1
1
1
1
1
1
1
1
1
1
1
1
1
1
1
1
1
1
1
1
1
0.97196755
0.96096058
1.1453331
1.3367798
1.0235547
0.92785641
1.1587067
0.93811477
0.43766726
1.298805
1.3824038
1.0734868
1.0674555
0.82799221
1.0596159
0.9463972
1
1
1
1
1
1
1
1
1
1
1
1
1
1
1
1
1
1
1
1
1
1
1
1
1
1
1
1
1
1
1
1
1.2438503
1.0205451
0.95189428
1.0141049
1.0079246
0.8620596
1.0779039
0.97303396
1.0810179
1.3482569
1.3310683
0.91432576
1.0486694
1.1645872
1.1263526
1.0396616
1
1
1
1
1
1
1
1
1
1
1
1
1
1
1
1
1
1
1
1
1
1
1
1
1
1
1
1
1
1
1
1
1
1
1
1
1
1
1
1
1
1
1
1
1
1
1
1
0.87768974
1.2012957
0.80622024
1.075518
1.1160364
1.1384345
1.26646
1.1276481
0.58016685
0.91302909
1.0063231
1.0283186
0.86073298
0.99202022
1.0045977
1.0909931
1.2093889
0.75079553
1.053897
0.69856659
0.98684019
0.88676732
1.0289034
0.87665658
0.96507297
0.84456799
1.137194
0.83786788
1.1992381
1.089459
0.79982149
0.82797113
0.88693626
1.2207977
1.1932361
1.1364861
1.0771147
1.0475277
1.0946707
0.90084492
0.98860401
1.0439225
1.11742
1.102052
1.0716272
0.98808633
1.0241129
0.90477181
0.81773561
0.97742213
0.8783414
0.99333531
0.92512962
0.93204115
0.96123348
0.88361965
1.3837709
1.1900549
1.1905654
1.1894423
1.0526888
1.1003191
1.0494676
1.0619988
1
1
1
1
1
1
1
1
0.072250397
0.34031257
0.55734293
0.65377827
0.62705827
0.65008022
0.63816123
0.69100609
1
1
1
1
1
1
1
1
1
1
1
1
1
1
1
1
0.82616706
0.60521168
0.7090338
0.72578614
0.83545946
0.86661214
1.029555
0.87287451
0.52961217
0.87735219
0.882053
0.72175991
0.69211375
0.65894294
0.7308529
0.74563776
1.2393384
0.84988775
0.94608302
0.8835905
0.87335593
0.91252313
1.0395129
0.9567999
0.5865228
1.4720207
1.3278072
0.85359515
1.0458111
1.0422659
1.0445013
1.0732888
1.1091309
0.95623659
0.93784288
0.97361176
1.0260507
1.0803094
0.93112462
1.0179341
0.9402436
1.0740341
1.092867
0.92830059
1.1047
1.1414369
1.0129611
1.0974195
0.97563816
0.69752654
0.99942528
0.91048449
0.71762512
0.89011137
0.85878419
0.80733025
0.71711257
0.97215305
0.88447222
0.87975443
0.92500559
0.89089106
0.88415349
0.88036931
0.95349202
0.51632327
1.8639138
0.92728188
0.90618876
0.98950713
0.87242016
0.77862024
0.83509816
0.99227058
0.97330975
1.134687
1.0815317
0.95684412
1.0062819
0.91631532
1
1
1
1
1
1
1
1
0.59948073
0.83826625
0.96245539
0.91890198
0.91033703
0.88093834
0.87870139
0.80055325
1.3037185
1.1834456
1.1884227
1.1233808
1.1024445
1.0718389
1.1072222
0.98630367
0.18953532
0.85850207
0.88140958
1.0192313
0.98148359
0.94152746
0.99539671
0.90283845
1
1
1
1
1
1
1
1
0.91642078
0.93905672
0.969702
0.98242148
0.95087262
0.94417998
0.93566425
0.88699017
1.0656886
0.62011092
5.8828694
0.95360864
0.96469412
0.95855757
1.1005238
0.86694966
1.6798346
1.153838
1.1617485
1.1026099
1.0877954
1.0737537
1.0056092
1.0357866
0.94756177
1.0843315
1.157264
1.2503203
1.2035363
1.1485005
1.1613296
1.0767538
0.81118368
0.85268094
1.4976016
1.3630011
1.370578
1.2894913
1.1968813
1.0821875
0.71156819
1.0151669
1.1251961
1.1589482
1.166867
1.1358516
1.2305232
1.1349912
1.1776331
1.3172
1.2278575
1.3184198
1.2848481
1.2029234
1.1212418
1.1657381
0.9924804
0.96664696
1.0897
1.0115137
1.0920091
1.0629364
1.0740499
0.99804397
0.78313132
0.96549658
1.0656957
1.1914229
1.1278935
1.0424247
1.0175441
1.097407
1
1
1
1
1
1
1
1
6.0122014
3.6892659
2.9277222
2.6793956
2.2842649
2.1328627
1.6266004
1.262363
1
1
1
1
1
1
1
1
1
1
1
1
1
1
1
1
1.0694182
1.0069313
1.5004304
1.0182831
1.0717729
1.0535958
1.1348639
1.0556878
2.0280358
1.9209134
1.7470435
1.7359745
1.5816301
1.4646247
1.2343115
1.0212105
0.93694946
1.1398637
1.027242
1.0103041
1.0053412
1.0177057
0.95752096
1.0144037
0.76228359
0.84661691
0.85443025
0.99474555
0.91389173
1.0637384
1.0152835
0.89894152
1
1
1
1
1
1
1
1
1
1
1
1
1
1
1
1
1
1
1
1
1
1
1
1
1
1
1
1
1
1
1
1
1.2399526
1.3297284
1.0658942
1.1330308
1.2223992
1.1407246
1.0767906
1.1598913
0.91476606
0.94076116
0.85507336
1.2947114
1.1326913
1.2453987
1.2289062
1.2313552
1
1
1
1
1
1
1
1
1
1
1
1
1
1
1
1
1
1
1
1
1
1
1
1
1
1
1
1
1
1
1
1
1
1
1
1
1
1
1
1
1
1
1
1
1
1
1
1
1.316152
1.229934
1.1340314
1.0301374
0.96607607
0.99917433
1.1787139
1.5779175
0.83787491
0.73711865
0.73683912
0.80700857
0.89493476
1.0033531
0.91161715
1.1934423
1
1
1
1
1
1
1
1
1
1
1
1
1
1
1
1
1
1
1
1
1
1
1
1
1
1
1
1
1
1
1
1
0.97602437
1.044502
1.3221448
1.2216276
1.3214193
1.1858289
1.3025012
1.1870086
1.1483276
1.1976433
1.2741866
1.2987065
1.1429488
1.2558456
1.4494729
1.4299997
1
1
1
1
1
1
1
1
1
1
1
1
1
1
1
1
1
1
1
1
1
1
1
1
1
1
1
1
1
1
1
1
1
1
1
1
1
1
1
1
1
1
1
1
1
1
1
1
1.0425011
1.1849104
1.3143048
1.0073807
1.2403826
1.288895
0.98346529
1.4983074
1.2824177
0.99167649
0.86265667
0.98893351
1.0181823
0.97599557
1.1870766
1.202476
1
1
1
1
1
1
1
1
1
1
1
1
1
1
1
1
1
1
1
1
1
1
1
1
1
1
1
1
1
1
1
1
0.89298755
1.1079255
1.2781264
1.2621163
1.2434276
1.1810556
1.1201229
1.226437
1.1633103
0.99114764
1.3195252
1.4264966
1.387902
1.3911035
1.6416462
1.2195369
1
1
1
1
1
1
1
1
1
1
1
1
1
1
1
1
1
1
1
1
1
1
1
1
1
1
1
1
1
1
1
1
1
1
1
1
1
1
1
1
1
1
1
1
1
1
1
1
0.97747137
1.3127401
0.97248226
0.94278923
0.79502393
1.0407358
1.1499223
1.4877065
0.99255926
0.94117312
0.91628996
0.94794753
1.159587
1.1200192
1.5453343
1.8240486
1
1
1
1
1
1
1
1
1
1
1
1
1
1
1
1
1
1
1
1
1
1
1
1
1
1
1
1
1
1
1
1
0.61157282
1.0042364
1.5802515
1.4509549
0.88761238
0.90746784
1.1608396
1.0491152
0.99947361
1.2487126
1.1208638
1.0482122
1.3359029
0.99828216
1.2729652
1.2752589
1
1
1
1
1
1
1
1
1
1
1
1
1
1
1
1
1
1
1
1
1
1
1
1
1
1
1
1
1
1
1
1
1
1
1
1
1
1
1
1
1
1
1
1
1
1
1
1
0.85995438
1.263663
0.93160797
0.94307293
0.87477041
0.99182487
0.91072669
1.2816041
1.4999514
1.4955452
1.0265012
1.2316852
1.0485646
1.178291
1.44762
2.1752963
1
1
1
1
1
1
1
1
1
1
1
1
1
1
1
1
1
1
1
1
1
1
1
1
1
1
1
1
1
1
1
1
1
1
1
1
1
1
1
1
1
1
1
1
1
1
1
1
1
1
1
1
1
1
1
1
0.93318386
1.067644
1.007994
0.95480196
0.93087014
0.9581695
0.92985357
0.82413318
0.85558804
0.88546225
1.0619008
1.020631
1.0859801
1.0418932
0.995799
0.95433654
0.99159328
1.0903479
1.0576394
1.0171935
1.0164872
0.94828375
0.98417006
0.91604721
0.89601957
0.96052005
1.0136278
0.99600511
0.93518227
0.96387872
0.95326249
0.86320959
0.95822444
1.1790122
1.0864316
0.96182399
0.98718725
0.9850866
0.93493457
0.91783774
0.89518306
0.84011162
0.8572544
0.85886363
0.89684619
0.89842069
0.91278123
0.91910529
0.73049066
0.81030881
1.0576489
0.99981319
1.0205205
0.99344414
0.98106481
0.96812561
1
1
1
1
1
1
1
1
1
1
1
1
1
1
1
1
1
1
1
1
1
1
1
1
1
1
1
1
1
1
1
1
1.1372654
1.2660236
0.91000395
0.91825033
0.88004743
0.94491862
0.83544008
0.81839467
1.4146419
1.0485615
1.4030944
1.03863
1.3051296
1.2092257
1.3288039
0.87584779
1
1
1
1
1
1
1
1
1
1
1
1
1
1
1
1
1
1
1
1
1
1
1
1
1
1
1
1
1
1
1
1
1
1
1
1
1
1
1
1
1
1
1
1
1
1
1
1
1.5004369
0.98222141
0.94393477
1.3177139
1.2287372
1.1497006
1.0488704
1.0121041
0.7671888
1.0406963
0.81169463
1.2624372
1.0814425
0.90263935
0.88730257
0.79045654
1
1
1
1
1
1
1
1
1
1
1
1
1
1
1
1
1
1
1
1
1
1
1
1
1
1
1
1
1
1
1
1
1.1448863
1.5571157
0.94479459
1.0355061
1.0364898
0.98066239
0.98256416
0.886386
1.2235299
1.810444
1.1635913
1.1350687
1.0296205
1.0762728
1.1706889
0.9318493
1
1
1
1
1
1
1
1
1
1
1
1
1
1
1
1
1
1
1
1
1
1
1
1
1
1
1
1
1
1
1
1
1
1
1
1
1
1
1
1
1
1
1
1
1
1
1
1
1.3546132
1.0504907
0.9821302
1.1351379
1.1345634
1.0674119
1.1006014
0.88931278
0.65601839
0.80412244
0.92925081
0.91321576
0.99778131
0.7977722
0.9734254
1.0275811
1
1
1
1
1
1
1
1
1
1
1
1
1
1
1
1
1
1
1
1
1
1
1
1
1
1
1
1
1
1
1
1
2.0040789
1.3640513
0.4359703
0.91697723
0.98238661
0.81622593
0.82378621
0.82997724
0.81748245
1.3878711
1.0475819
1.0134385
0.90589538
1.1175071
1.0155312
0.94888635
1
1
1
1
1
1
1
1
1
1
1
1
1
1
1
1
1
1
1
1
1
1
1
1
1
1
1
1
1
1
1
1
1
1
1
1
1
1
1
1
1
1
1
1
1
1
1
1
1.1166546
1.0535045
1.0382089
0.86027433
0.94433557
1.0074239
1.0714267
0.84278911
0.59596988
1.0227148
1.1352723
0.86490135
0.87539935
0.8599542
1.0729673
0.97178633
0.8543916
0.76277689
0.64722411
0.81858298
0.58074399
0.71073035
0.72043799
0.77219881
0.85097771
1.1361277
0.8137576
0.60880564
0.62543481
0.93521861
0.57691104
0.74330212
1.1169753
1.0448176
1.1205944
1.0184744
1.0094746
0.91825043
0.98560043
0.82289732
0.97503577
0.94437555
1.061784
1.0431917
0.93924471
0.88665467
0.95353105
0.82463617
0.92100906
1.0590001
1.0003916
0.88046003
0.78526887
0.81584204
0.78273989
0.74748975
0.87123228
0.94853365
0.8354991
1.0652081
0.93242485
0.86568819
1.037086
0.92253909
1
1
1
1
1
1
1
1
0.21283921
0.67841787
0.72252325
0.69859947
0.59316685
0.61003221
0.59672213
0.70094675
1
1
1
1
1
1
1
1
1
1
1
1
1
1
1
1
0.65971438
0.72593703
0.76869742
0.84628255
0.91666441
0.94607637
0.91993906
0.87079937
0.51296351
0.75095662
0.69495063
0.62154598
0.60190503
0.59259261
0.64658926
0.67412734
0.93626347
0.85719271
0.88941039
0.91891198
0.81148448
0.86267225
0.81656538
0.76554599
0.76132336
0.87519068
0.92124843
1.0165675
0.92601682
0.92868492
1.085203
0.8469118
0.98853167
1.0092653
0.96886932
1.0086584
0.96739286
0.9945772
0.90413834
0.87170106
1.0212338
1.0675408
1.0182496
1.2841101
1.0989718
1.0882749
1.0423912
0.9169444
1.0908712
0.86094097
0.94672172
0.82557756
0.71404294
0.78948863
0.97316325
0.69337295
0.78312911
0.91527263
1.0053531
0.87023603
0.89257312
0.74221332
0.71969023
0.73408258
1.3464825
0.77020731
0.93547266
0.89693619
0.88724303
0.78218242
0.82336756
0.71276618
0.89600572
1.0646061
0.91571017
1.0227357
0.97135
0.97845703
0.93462833
0.91588923
1
1
1
1
1
1
1
1
1.2418913
1.0415873
0.96405586
0.88172654
0.79934833
0.82069946
0.78025134
0.69526342
1.0516885
1.1608944
1.1967303
1.1792817
1.0301904
0.95536868
0.89574405
0.80479831
0.095320268
0.71748479
0.96072473
1.0141028
0.88074953
0.84918181
0.81928002
0.6771272
1
1
1
1
1
1
1
1
1.1528764
1.0151092
0.97603923
0.92491923
0.93415019
0.78177424
0.87089537
0.69974529
1
1
1
1
0.99999231
0.99998333
0.99964715
0.99926339
1.3029509
1.0721529
1.2177397
1.0511375
0.95788688
0.95428961
0.83918296
0.86741987
1.0380863
1.1631821
1.2504895
1.3316972
1.2418443
1.1414756
1.1389446
1.1000541
1.0592164
1.2396324
1.5280156
1.4998793
1.595417
1.1089342
1.0623362
0.91114231
0.97861345
1.059568
1.0320591
1.1454181
1.1603325
1.1317012
1.2022357
0.91853805
1.4162827
1.33999
1.3813267
1.4340729
1.3706855
1.3303329
1.1751015
0.98332631
1.121484
1.0348277
0.96792763
1.0489108
1.038393
1.0695927
1.0668634
0.92846757
0.93553455
1.06257
0.89493699
1.0761867
1.0548649
1.1041845
1.2057551
1.0707459
1
1
1
1
1
1
1
1
6.4805944
3.0329135
2.7004322
2.4560889
2.0683292
1.9113084
1.3234899
0.89041298
1
1
1
1
1
1
1
1
1
1
1
1
1
1
1
1
1.0942428
1.3385004
1.3422542
1.0541827
1.0429836
0.88977169
0.81713053
0.74878645
2.0656031
1.7182478
1.6081116
1.5853634
1.2996665
1.0737573
0.9073321
0.73530433
1.0144188
1.1739074
0.99395911
0.9960012
0.84717351
0.88531165
0.81571235
0.7563441
0.95112889
0.80683383
0.76466457
0.84908212
0.90368109
0.85278355
0.92045775
0.66321646
1
1
1
1
1
1
1
1
1
1
1
1
1
1
1
1
1
1
1
1
1
1
1
1
1
1
1
1
1
1
1
1
0.97118979
1.0526451
0.97210627
1.0958214
1.1161062
1.100294
1.0243687
0.97296467
1.088947
1.0687847
1.0998437
1.0161466
1.0354837
1.2627266
0.99351124
1.0355129
1
1
1
1
1
1
1
1
1
1
1
1
1
1
1
1
1
1
1
1
1
1
1
1
1
1
1
1
1
1
1
1
1
1
1
1
1
1
1
1
1
1
1
1
1
1
1
1
1.201097
1.0501418
0.9489287
1.1275291
0.98616288
0.91955841
0.87204814
1.0910168
0.87507299
0.88121137
0.80098255
0.86416596
0.77414203
0.8593154
0.74758457
0.72454106
1
1
1
1
1
1
1
1
1
1
1
1
1
1
1
1
1
1
1
1
1
1
1
1
1
1
1
1
1
1
1
1
1.0285312
1.1114293
1.2163265
1.194331
1.2022773
1.1874398
1.0856966
1.1508909
1.0652557
1.2250417
1.0555765
1.2573472
1.2114695
1.2594966
1.3466314
1.143642
1
1
1
1
1
1
1
1
1
1
1
1
1
1
1
1
1
1
1
1
1
1
1
1
1
1
1
1
1
1
1
1
1
1
1
1
1
1
1
1
1
1
1
1
1
1
1
1
0.71575752
0.80628707
0.9533307
1.012701
0.89714979
1.1157199
0.99898379
1.2080133
1.2982693
1.0590414
0.78869374
0.94051956
0.76935304
0.85519293
0.81125031
0.70562823
1
1
1
1
1
1
1
1
1
1
1
1
1
1
1
1
1
1
1
1
1
1
1
1
1
1
1
1
1
1
1
1
0.86337057
0.70506878
1.0567442
1.0696318
1.1107037
1.0086238
0.98805906
0.93711474
1.0965431
1.0453909
1.2979944
1.841142
1.427916
1.3050053
1.2477162
1.0508044
1
1
1
1
1
1
1
1
1
1
1
1
1
1
1
1
1
1
1
1
1
1
1
1
1
1
1
1
1
1
1
1
1
1
1
1
1
1
1
1
1
1
1
1
1
1
1
1
1.4487709
0.96603488
1.0408497
1.1785857
1.0705625
0.86483539
0.91988718
0.91699764
1.4919595
0.84853406
1.0046436
0.88555753
0.7133554
0.70878299
0.96300597
1.0625497
1
1
1
1
1
1
1
1
1
1
1
1
1
1
1
1
1
1
1
1
1
1
1
1
1
1
1
1
1
1
1
1
1
1
1
1
1
1
1
1
1
1
1
1
1
1
1
1
1
1
1
1
1
1
1
1
0.96002287
0.95260779
0.86972512
0.78240282
0.70220995
0.73556575
0.69005916
0.64344091
0.83573554
0.98979162
0.92618272
0.88295468
0.89232281
0.85214911
0.77935067
0.75973476
1.0100929
0.92259536
0.93186432
0.79100682
0.73625673
0.74879027
0.67853342
0.71714185
1.0575929
0.8887419
0.91145887
0.82815864
0.8016915
0.81544845
0.76493532
0.64986382
0.9883064
1.0007304
0.89138403
0.74811801
0.69379567
0.69909036
0.66471377
0.70432567
0.90665821
0.94821734
0.94973192
0.84726439
0.85217394
0.88061474
0.87430581
0.87189929
1.1101426
1.0075383
1.0189567
0.9608557
0.98249322
0.95445506
0.92791399
0.88048915
1
1
1
1
1
1
1
1
1
1
1
1
1
1
1
1
1
1
1
1
1
1
1
1
1
1
1
1
1
1
1
1
1.8239193
2.2380084
1.5819245
1.010905
0.93967775
0.76929257
0.63501945
0.62755194
1.1044041
1.0992893
1.5446434
1.1504026
1.2319662
1.0137734
0.84684359
0.77563406
1
1
1
1
1
1
1
1
1
1
1
1
1
1
1
1
1
1
1
1
1
1
1
1
1
1
1
1
1
1
1
1
1
1
1
1
1
1
1
1
1
1
1
1
1
1
1
1
1.9696195
1.5082842
0.81937717
1.196592
0.9808887
0.69921848
1.1663165
1.0577332
1.1627178
1.2470587
1.100281
1.3819217
0.80433569
1.0334953
1.3248017
0.59016636
1
1
1
1
1
1
1
1
1
1
1
1
1
1
1
1
1
1
1
1
1
1
1
1
1
1
1
1
1
1
1
1
0.91749888
1.4973906
1.3251635
1.0862948
0.90129379
0.91896697
0.96774578
0.75708036
0.83718679
1.72529
1.2484762
0.94432119
1.2733237
0.91890169
0.91828015
0.69635327
1
1
1
1
1
1
1
1
1
1
1
1
1
1
1
1
1
1
1
1
1
1
1
1
1
1
1
1
1
1
1
1
1
1
1
1
1
1
1
1
1
1
1
1
1
1
1
1
1.2556554
1.0909933
1.1432741
0.90375883
0.91322201
0.91485938
1.1149743
1.0139645
0.79436068
1.0192135
0.9214482
1.0440377
0.98824128
0.98325114
1.2079544
0.94597007
1
1
1
1
1
1
1
1
1
1
1
1
1
1
1
1
1
1
1
1
1
1
1
1
1
1
1
1
1
1
1
1
0.94711621
1.3656341
1.0313754
0.82763832
0.87600049
0.84434418
0.7967041
0.78801729
1.1200987
0.62923106
1.5201595
0.88670542
1.1090877
0.96473414
0.99769763
0.79369056
1
1
1
1
1
1
1
1
1
1
1
1
1
1
1
1
1
1
1
1
1
1
1
1
1
1
1
1
1
1
1
1
1
1
1
1
1
1
1
1
1
1
1
1
1
1
1
1
1.673326
1.0806417
0.96808577
1.0248299
0.99347211
1.065058
1.080913
1.0109477
0.90252982
1.154892
0.85794542
0.83740367
0.90270758
1.090996
1.0687242
0.91315719
1
1
1
1
1
1
1
1
1
1
1
1
1
1
1
1
1
1
1
1
1
1
1
1
1
1
1
1
1
1
1
1
1.0137479
1.1274573
0.7215265
0.86447445
0.74462683
0.74312842
0.7135794
0.71841401
1.1527279
1.1873825
1.0658126
0.90992917
0.87047463
0.83685051
0.77761868
0.85534058
1
1
1
1
1
1
1
1
1
1
1
1
1
1
1
1
1
1
1
1
1
1
1
1
1
1
1
1
1
1
1
1
1
1
1
1
1
1
1
1
1
1
1
1
1
1
1
1
1.2977564
1.0987215
1.1421876
0.84718682
0.91085737
0.86003993
0.95694796
0.76568456
0.72279972
0.96221294
0.97854362
0.91130014
0.86944534
0.82782816
0.88255863
0.79261701
0.75387368
0.57807965
0.48385102
0.56648646
0.53830977
0.5546256
0.58653282
0.6263507
1.0956378
0.73042034
0.64283692
0.61016633
0.51887297
0.54335889
0.60591461
0.72707666
1.228729
1.082375
1.0885895
1.1224879
0.96698814
0.84331765
0.76359024
0.76955925
1.0580839
1.0279973
0.98758606
0.91779459
0.88030695
0.86686648
0.83748395
0.69211766
1.0745335
0.88780897
0.83870872
0.77597224
0.74320848
0.77932086
0.68583073
0.65987586
0.93878317
1.2253161
0.98769212
0.94583102
0.88716672
0.85023236
0.79963387
0.77666575
1
1
1
1
1
1
1
1
0.26841839
0.85435273
0.70428072
0.62759047
0.55822608
0.58047532
0.64057902
0.73336973
1
1
1
1
1
1
1
1
1
1
1
1
1
1
1
1
1.1678207
0.82342432
0.81356653
0.81491566
0.77360311
0.689301
0.91298105
0.75520939
0.58839231
0.7720469
0.67398139
0.6192782
0.47886863
0.4991362
0.56227327
0.58571892
1.2469593
1.0091824
0.82946323
0.88813713
0.84230027
0.8440743
0.73972428
0.7450266
1.2650841
1.290329
1.047572
0.90671371
0.77331054
0.9636255
0.98205014
0.79383762
1.0532006
1.048821
1.0185374
1.0128093
0.94505317
0.88563476
0.72187338
0.71666524
1.0774358
1.0556283
1.1173242
1.0959374
1.0614859
0.8998633
0.85364717
0.73193456
0.94593639
0.93901117
0.57588348
0.64903893
0.68405941
0.840998
0.70015281
0.6517712
1.1076211
1.0334735
0.91158435
0.91265072
0.90392054
0.75708173
0.76889227
0.60886473
1.1899349
0.77148547
0.91794698
0.85902037
0.78407222
0.80573855
0.76438822
0.82796096
1.0548579
1.042191
0.89767723
0.93610709
0.92047075
0.93065122
0.88038516
0.84586094
1
1
1
1
1
1
1
1
1.4554633
1.0733034
0.89612145
0.75253881
0.69063222
0.74892497
0.63012102
0.641786
1.383995
1.2566108
1.209095
1.0409777
0.87004706
0.76450205
0.75422245
0.70710063
0.56730435
0.9092446
0.90776652
0.93750836
0.91591005
0.69287496
0.80843284
0.61277801
1
1
1
1
1
1
1
1
1.1212032
0.94950056
0.89354213
0.89866835
0.82605694
0.69452405
0.53294635
0.56026343
1
1
1
1
1
1
1
1
1.1263672
1.0165047
1.0744661
0.96393341
0.94312449
0.78657935
0.82251643
0.71784603
1.4229124
1.2853471
1.3528885
1.3889887
1.1252723
1.1198558
1.0525553
0.80212894
1.3164689
1.6327817
1.4524939
1.2567894
1.2138185
1.1401223
0.95592169
0.77046759
1.0245156
0.80330998
0.9325654
0.96160154
1.0616471
0.91241375
0.87138608
0.64161311
1.2730045
1.5689934
1.5529954
1.5716816
1.241026
1.18426
1.3484396
0.79966033
1.2701409
1.0976895
1.128927
1.0935794
1.0049972
1.0114061
1.0600019
0.90841952
1.2699402
1.1556374
1.1262139
1.105337
1.0503352
1.0086441
1.1440736
1.1073516
1
1
1
1
1
1
1
1
2.9460775
4.2145033
2.9011893
2.3269278
2.0017273
1.9392348
1.2075955
0.8255288
1
1
1
1
1
1
1
1
1
1
1
1
1
1
1
1
1.3410052
1.3488302
1.2202552
1.1065239
1.038857
0.94644648
0.88490629
0.57615405
2.6229997
1.8469376
1.239055
1.259464
1.2138897
1.0043668
0.76024684
0.64716899
1.0119886
0.87524148
0.79823224
0.80466803
1.0008518
0.7852847
0.70919123
0.76699629
1.0043506
0.94489749
0.83548579
0.77517143
0.67885243
0.68616905
0.64949649
0.5796402
1
1
1
1
1
1
1
1
1
1
1
1
1
1
1
1
1
1
1
1
1
1
1
1
1
1
1
1
1
1
1
1
1.2275304
1.073449
0.91171168
1.0562386
1.0925956
1.0763255
1.0730377
1.0220719
1.3103004
1.4250398
1.1643556
1.0538664
1.1142663
1.0074143
0.9670944
1.0633313
1
1
1
1
1
1
1
1
1
1
1
1
1
1
1
1
1
1
1
1
1
1
1
1
1
1
1
1
1
1
1
1
1
1
1
1
1
1
1
1
1
1
1
1
1
1
1
1
1.2536306
0.9064809
0.75883673
0.85168573
0.86469446
0.92130435
0.95329916
1.0007096
1.0275251
1.0007174
0.86697184
0.73463456
0.73873188
0.84281406
0.6964086
0.66398454
1
1
1
1
1
1
1
1
1
1
1
1
1
1
1
1
1
1
1
1
1
1
1
1
1
1
1
1
1
1
1
1
1.2902065
1.1546896
1.1673671
1.1175792
1.3556992
1.1331438
1.374286
1.1073872
0.97924959
1.5877978
1.5797805
1.269687
1.3592917
1.1194253
1.0496988
1.1043927
1
1
1
1
1
1
1
1
1
1
1
1
1
1
1
1
1
1
1
1
1
1
1
1
1
1
1
1
1
1
1
1
1
1
1
1
1
1
1
1
1
1
1
1
1
1
1
1
0.46878502
0.78243449
0.58357698
0.83996917
1.1354766
0.80768513
0.72511861
0.76592266
2.3147373
0.9745506
0.81623695
0.62287439
0.65714129
0.75100478
0.59708291
0.8033454
1
1
1
1
1
1
1
1
1
1
1
1
1
1
1
1
1
1
1
1
1
1
1
1
1
1
1
1
1
1
1
1
1
1
1
1
1
1
1
1
1
1
1
1
1
1
1
1
1
1
1
1
1
1
1
1
0.85192508
0.87977434
0.73779242
0.60689277
0.5748015
0.54156365
0.51403855
0.51026049
0.86135449
0.99474971
0.86818339
0.71617183
0.69380151
0.65966058
0.57651131
0.56556154
0.85734962
0.80363191
0.76981116
0.57411317
0.59876121
0.50040401
0.50837548
0.5439883
0.7573422
0.8680034
0.81368593
0.7643274
0.66464529
0.66515019
0.59449468
0.5575587
0.98289351
0.80946796
0.78725359
0.61387263
0.51762508
0.5284327
0.49655239
0.57187574
0.85576743
0.93057187
1.0064373
0.87760895
0.83008248
0.86756426
0.87192875
0.82908098
0.94143298
1.0169831
0.94050752
0.85402987
0.84906463
0.80749849
0.80216114
0.76995531
1
1
1
1
1
1
1
1
1
1
1
1
1
1
1
1
1
1
1
1
1
1
1
1
1
1
1
1
1
1
1
1
2.4778353
0.98650458
1.0624114
0.95141938
1.0203938
0.72632873
0.65851437
0.52503228
0.994268
1.5572161
1.0618509
1.0781273
1.1368547
1.3221734
0.7800455
0.65695771
1
1
1
1
1
1
1
1
1
1
1
1
1
1
1
1
1
1
1
1
1
1
1
1
1
1
1
1
1
1
1
1
1
1
1
1
1
1
1
1
1
1
1
1
1
1
1
1
0.9777449
0.90396383
1.0615009
0.87441425
0.79210746
0.86616422
0.87824514
0.74160625
0.87829214
1.0236796
0.96330726
0.73515716
0.74512465
0.71538007
0.76068344
0.69187885
1
1
1
1
1
1
1
1
1
1
1
1
1
1
1
1
1
1
1
1
1
1
1
1
1
1
1
1
1
1
1
1
2.2969392
1.2268934
1.127235
0.9036592
0.92931443
0.87050091
0.73464578
0.81328719
1.2220742
1.3543073
1.3038174
0.85808358
0.83550015
1.0024139
0.93321307
0.7354888
1
1
1
1
1
1
1
1
1
1
1
1
1
1
1
1
1
1
1
1
1
1
1
1
1
1
1
1
1
1
1
1
1
1
1
1
1
1
1
1
1
1
1
1
1
1
1
1
0.76694198
1.0011522
1.0560762
0.77074208
0.7370437
1.0950711
1.0709367
0.6975479
1.3802145
1.2816959
1.1475928
0.85665932
0.81910721
0.89802992
0.92881872
0.69600229
1
1
1
1
1
1
1
1
1
1
1
1
1
1
1
1
1
1
1
1
1
1
1
1
1
1
1
1
1
1
1
1
2.2797716
1.3986073
1.039197
0.83283045
0.87170371
0.6606635
0.75145101
0.60442994
1.1543181
1.3295754
1.5356819
1.0126724
0.99034966
0.9996541
0.81510876
0.66582248
1
1
1
1
1
1
1
1
1
1
1
1
1
1
1
1
1
1
1
1
1
1
1
1
1
1
1
1
1
1
1
1
1
1
1
1
1
1
1
1
1
1
1
1
1
1
1
1
1.048553
0.9446379
1.0384443
1.3921743
0.72808234
1.1363491
0.9323444
0.80804104
0.84316312
0.68108995
0.94575458
0.82120195
0.96441332
0.96204584
0.83268161
0.9149369
1
1
1
1
1
1
1
1
1
1
1
1
1
1
1
1
1
1
1
1
1
1
1
1
1
1
1
1
1
1
1
1
0.97167702
1.2031512
0.98988762
0.78192841
0.81216623
0.75151397
0.7004251
0.72845552
0.84021449
1.1737705
0.96872154
0.76345934
0.90225769
0.83068404
0.97929511
0.78378205
1
1
1
1
1
1
1
1
1
1
1
1
1
1
1
1
1
1
1
1
1
1
1
1
1
1
1
1
1
1
1
1
1
1
1
1
1
1
1
1
1
1
1
1
1
1
1
1
1.3627862
0.95013644
0.91998758
1.0539872
0.96122933
1.1085686
1.1920728
0.81267048
0.83639496
1.1874455
0.72089188
0.72154203
0.8756723
0.91991224
0.88210601
0.80482524
1
1
1
1
1
1
1
1
1
1
1
1
1
1
1
1
1
1
1
1
1
1
1
1
1
1
1
1
1
1
1
1
1.275151
0.95052672
0.64925687
0.72151447
0.7778493
0.63472032
0.69412854
0.62089957
1.4694551
1.065272
0.9940584
0.88879337
0.77896339
0.76607431
0.76851081
0.69105633
1
1
1
1
1
1
1
1
1
1
1
1
1
1
1
1
1
1
1
1
1
1
1
1
1
1
1
1
1
1
1
1
1
1
1
1
1
1
1
1
1
1
1
1
1
1
1
1
1.5544718
1.0271305
1.0478733
0.87492521
0.95380376
0.83705539
0.87993787
0.75922149
0.70403346
1.135745
0.91610488
0.88913726
1.0722305
0.70426377
0.82553313
0.59959791
0.91571389
0.71017596
0.67167485
0.66296079
0.66874798
0.57996461
0.56795298
0.57619721
0.77722489
0.54403318
0.60846372
0.66938127
0.72023308
0.67795012
0.51730516
0.80204831
1.0875488
1.10397
1.0151641
0.97823443
0.93760407
0.68480761
0.8679305
0.59474798
1.0157636
0.8614861
0.78745595
0.86371351
0.66115062
0.65623684
0.68446957
0.56245405
0.88995723
0.76805938
0.84493395
0.72029537
0.71471796
0.68314019
0.60625942
0.6791222
1.2330337
1.078019
0.91046208
0.90447286
0.82240768
0.80269733
0.8094337
0.69074001
1
1
1
1
1
1
1
1
0.12384784
0.5163328
0.67562976
0.66015124
0.54189022
0.5747238
0.47619683
0.58317937
1
1
1
1
1
1
1
1
1
1
1
1
1
1
1
1
1.4896275
0.97879755
0.83583297
0.66519493
0.67121316
0.79863389
0.61266338
0.55751482
0.50427898
0.57649663
0.48773082
0.52629983
0.41856394
0.46195707
0.5545031
0.47091565
1.5289095
1.0889682
0.94970199
0.86927508
0.85141508
0.88220048
0.54494113
0.6481379
1.1092988
0.99182451
0.99923439
0.97399206
0.83225229
0.91089733
0.84761148
0.72944699
1.1229984
1.0382977
0.95731739
0.93268084
0.84488494
0.83287291
0.62102045
0.57880774
1.018767
0.99096582
1.1041493
0.97171407
1.0670826
0.88556488
0.80152973
0.65813521
1.0257483
0.93725508
0.56349071
0.54287839
0.53399696
0.65692395
0.84510127
0.66523856
1.177846
1.2874132
0.91319128
0.75221124
0.77442236
0.87238272
0.85404423
0.61180588
1.1616659
0.89541946
0.97219823
0.8817924
0.88181741
0.94244619
0.99113302
0.77169988
1.2307616
0.95349139
0.91101221
0.88685986
0.84520782
0.85207724
0.84372601
0.80564755
1
1
1
1
1
1
1
1
1.6270956
1.2217495
0.99574862
0.85653747
0.69236322
1.0892657
0.60849484
0.57576794
1.1422782
1.1090352
1.0313317
0.87674971
0.73390653
0.59753463
0.54147153
0.55066514
0.79853595
1.3624485
1.0995237
0.9105767
0.69323725
0.67647756
0.60533537
0.56856449
1
1
1
1
1
1
1
1
1.1108281
1.2178086
0.94193141
0.79897578
0.76954494
0.83127235
0.76403251
0.44810134
1
1
1
1
1
1
1
1
1.475143
1.0316186
0.90902024
0.90099321
0.87007423
0.69340704
0.65919931
0.61411023
1.5082006
1.4844316
1.2455261
1.2294553
1.1092597
1.0111083
0.92461089
0.73847348
1.1052667
1.2938645
1.2804442
1.0510254
1.1196841
1.1386079
1.0200024
0.71475036
1.2211945
1.2495607
0.85315201
1.0653717
0.81832387
0.9356158
0.97097035
0.57873038
1.5636673
1.5016728
1.3143575
1.0706492
1.635995
1.2585186
0.75807662
0.79368666
1.2248327
1.0526385
1.010247
0.93515098
0.99389746
1.0046116
0.98949147
0.82274298
1.6678329
1.312719
1.2402944
1.0451612
1.014596
1.0199757
1.1238315
1.0234945
1
1
1
1
1
1
1
1
3.3104428
2.5687609
1.8519902
1.875007
1.4242994
1.1105578
1.2062562
0.75821724
1
1
1
1
1
1
1
1
1
1
1
1
1
1
1
1
1.5125679
1.4306057
1.1043984
0.82985593
0.76794584
0.8365584
0.66439164
0.43396862
1.6078105
1.4385475
1.2320923
1.0660835
1.4340371
0.81616108
0.81335129
0.78669888
0.92822684
0.85659036
0.66421397
0.72286261
0.77208414
0.77410675
0.73645588
0.57985727
0.99286231
1.1396654
0.92045147
0.87842981
0.58126027
0.73697014
0.68630972
0.39309755
1
1
1
1
1
1
1
1
1
1
1
1
1
1
1
1
1
1
1
1
1
1
1
1
1
1
1
1
1
1
1
1
1.1910216
0.74205153
1.0393082
1.0344817
0.98641147
1.0433323
0.88031439
0.8550521
1.0410241
1.1169072
1.1432274
1.0041502
0.71826559
0.78762843
0.879662
0.90702777
1
1
1
1
1
1
1
1
1
1
1
1
1
1
1
1
1
1
1
1
1
1
1
1
1
1
1
1
1
1
1
1
1
1
1
1
1
1
1
1
1
1
1
1
1
1
1
1
0.82185821
0.70418324
0.68791306
0.81995251
0.90530253
0.73762609
0.90175347
0.77983314
1.0621037
1.4426116
1.1919106
0.71842462
0.80623717
0.955315
0.83751246
0.65614318
1
1
1
1
1
1
1
1
1
1
1
1
1
1
1
1
1
1
1
1
1
1
1
1
1
1
1
1
1
1
1
1
1
1
1
1
1
1
1
1
1
1
1
1
1
1
1
1
1
1
1
1
1
1
1
1
0.59621221
0.77267418
0.72284506
0.50917994
0.46732372
0.50218258
0.494842
0.47293251
1.1052818
1.075109
0.79203372
0.57551504
0.54679928
0.50070312
0.46974893
0.48985463
0.87927907
0.6888415
0.61750386
0.47454523
0.42488608
0.40050823
0.44078988
0.42977249
0.70062277
0.78300878
0.64464091
0.59214181
0.56016723
0.53337744
0.56347782
0.50445359
0.63150526
0.69896365
0.58345898
0.45398655
0.44631921
0.41802644
0.41996411
0.47721292
1.2501444
1.2805764
1.1259839
0.92634644
0.8722198
0.79654297
0.78549736
0.73765609
0.82466472
0.9865161
0.89614479
0.80433629
0.78574505
0.76444066
0.7323797
0.69110723
1
1
1
1
1
1
1
1
1
1
1
1
1
1
1
1
1
1
1
1
1
1
1
1
1
1
1
1
1
1
1
1
1.5128423
0.94355606
0.92070686
0.81270168
0.87181027
0.7422296
0.82778901
0.61738585
0.99750716
1.1501194
1.1256811
1.0417433
0.78804651
0.34520484
0.67006003
0.51565758
1
1
1
1
1
1
1
1
1
1
1
1
1
1
1
1
1
1
1
1
1
1
1
1
1
1
1
1
1
1
1
1
1
1
1
1
1
1
1
1
1
1
1
1
1
1
1
1
0.9897463
0.98671915
0.98867816
0.97240356
0.98026456
0.92265239
0.96568496
0.86515678
1.6471894
1.3250615
1.3116679
1.443109
0.64893838
0.94251183
0.90100664
0.85661564
1
1
1
1
1
1
1
1
1
1
1
1
1
1
1
1
1
1
1
1
1
1
1
1
1
1
1
1
1
1
1
1
2.246483
1.0347808
0.84950695
0.8829538
0.86839782
0.72596112
0.51938936
0.72818182
0.99238128
1.0797145
1.3032171
1.0027707
0.8947521
0.80675195
0.83776657
0.57885194
1
1
1
1
1
1
1
1
1
1
1
1
1
1
1
1
1
1
1
1
1
1
1
1
1
1
1
1
1
1
1
1
1
1
1
1
1
1
1
1
1
1
1
1
1
1
1
1
1.1371007
0.87597149
0.85315136
0.89158176
0.89682054
0.86130732
0.85577647
0.69034069
1.0774922
0.9288054
0.51329046
0.52955705
0.61960774
0.62375487
0.66515253
0.57806873
1
1
1
1
1
1
1
1
1
1
1
1
1
1
1
1
1
1
1
1
1
1
1
1
1
1
1
1
1
1
1
1
2.3938202
1.2162741
1.058575
1.0053501
0.85763971
0.98037651
0.90343123
0.63655837
0.97661031
0.91655714
1.2079093
0.70561391
1.2037766
1.0986159
0.61037496
0.64583939
1
1
1
1
1
1
1
1
1
1
1
1
1
1
1
1
1
1
1
1
1
1
1
1
1
1
1
1
1
1
1
1
1
1
1
1
1
1
1
1
1
1
1
1
1
1
1
1
0.56028898
0.67261704
0.85691131
0.71559265
0.86810462
0.90659747
1.0408244
0.55477523
1.3462314
1.0635151
0.67164959
0.78296077
1.0433555
0.89403959
0.83421675
0.8353437
1
1
1
1
1
1
1
1
1
1
1
1
1
1
1
1
1
1
1
1
1
1
1
1
1
1
1
1
1
1
1
1
1.0365026
1.0177397
0.94584272
0.78848062
0.74532251
0.64649503
0.70102426
0.63659382
1.184997
1.0132434
0.73217503
0.78615118
0.81975099
0.77046151
0.79595313
0.64864934
1
1
1
1
1
1
1
1
1
1
1
1
1
1
1
1
1
1
1
1
1
1
1
1
1
1
1
1
1
1
1
1
1
1
1
1
1
1
1
1
1
1
1
1
1
1
1
1
0.85879984
1.3751786
1.0168286
1.6091126
1.0503502
0.90476169
0.91670014
0.70577369
0.96084477
0.74007725
0.78843863
0.72708826
0.65152846
0.72495118
0.67880863
0.60707313
1
1
1
1
1
1
1
1
1
1
1
1
1
1
1
1
1
1
1
1
1
1
1
1
1
1
1
1
1
1
1
1
0.81833692
1.1858799
0.79020341
0.75274204
0.86394225
0.7062137
0.76380057
0.58592242
1.3425309
0.84810666
1.002771
0.83504223
0.74010873
0.71309314
0.79148537
0.60965963
1
1
1
1
1
1
1
1
1
1
1
1
1
1
1
1
1
1
1
1
1
1
1
1
1
1
1
1
1
1
1
1
1
1
1
1
1
1
1
1
1
1
1
1
1
1
1
1
3.0845517
1.125071
1.0871335
1.1314195
0.82533193
0.98186759
0.96651553
0.91883969
0.90524471
0.78164845
0.64738604
0.64387683
0.6243615
0.69659124
0.65144667
0.59294754
1
1
1
1
1
1
1
1
1
1
1
1
1
1
1
1
1
1
1
1
1
1
1
1
1
1
1
1
1
1
1
1
0.83831033
0.84016145
0.63763598
0.72905047
0.72419381
0.63028122
0.64614383
0.50559783
0.93265766
0.84088402
0.83524138
0.86708601
0.80367463
0.80555379
0.74095553
0.58916024
1
1
1
1
1
1
1
1
1
1
1
1
1
1
1
1
1
1
1
1
1
1
1
1
1
1
1
1
1
1
1
1
1
1
1
1
1
1
1
1
1
1
1
1
1
1
1
1
1.5256215
1.3327254
1.3331488
0.92682096
1.0876807
0.85615301
0.93475268
0.82150077
0.70239923
0.94870428
0.85487201
0.75638581
0.98449892
0.75934566
0.79484011
0.59625102
0.80010183
0.73856552
0.70610933
0.73844683
0.69523296
0.58442731
0.63878418
0.67227728
0.8071807
0.65360678
0.55183358
0.63431642
0.96593905
0.7891579
0.62510106
0.52731374
1.1901918
0.963149
0.92472163
0.77390968
0.66524228
0.61531973
0.46392328
0.39580427
0.95271476
0.91131303
0.75807289
0.68847689
0.74238311
0.65199248
0.75900079
0.50158986
1.0062652
0.926431
0.89609113
0.82775271
0.80418903
0.72492563
0.72644351
0.57837091
1.1928918
0.92690374
1.0073843
0.98321423
0.83418216
0.79053665
0.7988829
0.64289095
1
1
1
1
1
1
1
1
0.39036188
0.79916506
0.82453391
0.85878129
1.0507942
0.80827302
0.75050317
0.7202996
1
1
1
1
1
1
1
1
1
1
1
1
1
1
1
1
2.2075118
1.2520898
0.98658267
0.87122138
0.84911734
0.67526953
0.47142886
0.38572715
0.63922438
0.52586549
0.57893252
0.56310984
0.50434744
0.48734204
0.61835385
0.41889154
1.9142164
1.0161934
0.93683902
0.8646938
0.78629167
0.9892977
0.79404681
0.59172811
1.5047477
1.2361366
0.99237549
1.0522174
1.0183016
1.0296116
0.82858129
0.60122964
0.9769843
1.0338185
0.84493639
0.87090711
0.87510012
0.68086948
0.60369671
0.49789424
1.2318114
1.0907864
0.90273317
0.81863969
0.96753584
0.82067228
0.71819392
0.50026735
1.0913388
0.51007689
0.49370709
0.40014749
0.55417472
0.7652565
0.43454925
0.48931968
0.9324269
1.2331736
1.0775563
0.67241306
0.7762588
0.93399183
1.188171
0.89988324
1.2212164
1.0492219
1.0466273
0.97737208
0.97340432
0.96186809
0.86585771
0.88605531
1.2056134
1.0761821
0.967831
0.85543462
0.85723187
0.79497642
0.85212611
0.68817768
1
1
1
1
1
1
1
1
1.9093654
1.2199387
1.1445033
0.81176865
0.54539855
1.0016814
0.86931542
0.61657804
1.5243494
1.1531612
0.92359128
0.68132645
0.54209154
0.41392733
0.3981346
0.35271587
2.4821452
1.4787163
0.9812023
0.83123711
0.59430376
0.46286162
0.44949708
0.51867009
1
1
1
1
1
1
1
1
1.7308156
1.2474849
1.1618292
0.57682633
1.0478516
0.67471033
0.61929548
0.57671113
1
1
1
1
1
1
1
1
2.0490109
1.183426
1.0438805
0.98443315
0.7831018
0.60274272
0.54379449
0.55962371
1.1876833
0.95837339
0.83136935
0.83017983
0.75080939
0.80866847
0.81592155
0.44611936
1.2163366
1.4156611
1.7880257
1.0266398
0.91602232
1.0444343
0.73454829
0.84222791
1.7308831
1.2591841
1.0132514
1.1939191
1.3448117
0.85776308
0.89923462
0.56102596
1.0993336
1.1740933
1.0195759
1.0531144
0.82585546
0.79949338
1.1688976
0.73570054
1.4937324
1.0629677
1.1130193
1.011698
0.92904804
1.0675764
0.80046912
0.72971018
0.86468879
1.3888383
0.9949474
1.2071071
1.0984663
1.0899647
1.0634889
1.066966
1
1
1
1
1
1
1
1
1.2022525
1.4157847
1.5254288
0.7291486
1.0607686
1.1564389
0.55680579
0.69946965
1
1
1
1
1
1
1
1
1
1
1
1
1
1
1
1
3.4543803
1.5095385
0.83474275
0.898921
0.75140041
0.39520208
0.54574255
0.29488837
0.91539491
0.94321585
0.82720117
0.94262894
1.1646117
1.0931553
1.2660319
1.0556365
0.81997243
0.51130567
0.73834719
0.75718038
0.71053
0.52997243
0.5548104
0.63111683
0.77085054
1.2227444
0.95987747
0.83773007
0.56374991
0.49145418
0.50283773
0.3593953
1
1
1
1
1
1
1
1
1
1
1
1
1
1
1
1
1
1
1
1
1
1
1
1
1
1
1
1
1
1
1
1
1
1
1
1
1
1
1
1
1
1
1
1
1
1
1
1
1
1
1
1
1
1
1
1
0.6636265
0.88446205
0.61898792
0.4134427
0.37412538
0.42954984
0.41725521
0.4193094
1.0409369
0.80554335
0.5343386
0.39134243
0.36629955
0.3504291
0.34092521
0.39219332
0.54082964
0.57318212
0.52122506
0.3059721
0.32452588
0.32580721
0.34272734
0.42274131
0.67254744
0.76802078
0.52542962
0.57902499
0.56989781
0.54365296
0.50845197
0.43062705
0.88991031
0.57653938
0.46385929
0.3899725
0.39552201
0.4416844
0.40209637
0.45775604
1.7007138
1.6112425
1.2036536
0.98930129
0.86214612
0.82987228
0.72595387
0.67218
1.0133911
0.95754353
0.84414564
0.70735691
0.76864251
0.74739458
0.74828852
0.5929274
1
1
1
1
1
1
1
1
1
1
1
1
1
1
1
1
1
1
1
1
1
1
1
1
1
1
1
1
1
1
1
1
1
1
0.99999485
0.99894504
0.95833072
0.95252022
0.84679266
0.78751122
1
1
0.99197398
1.0896464
1.1618286
0.58995614
0.7673627
0.72986503
1
1
1
1
1
1
1
1
1
1
1
1
1
1
1
1
1
1
1
1
1
1
1
1
1
1
1
1
1
1
1
1
1
1
1
1
1
1
1
1
1
1
1
1
1
1
1
1
1
1
1
1
0.99924924
0.99604945
0.99892706
0.99335202
1.1041751
0.98248575
1.003073
0.97002267
1.1759548
1.1712916
0.87713994
0.92002193
1
1
1
1
1
1
1
1
1
1
1
1
1
1
1
1
1
1
1
1
1
1
1
1
1
1
1
1
1
1
1
1
1.2252871
0.69590187
0.82780672
0.67529664
0.83303812
0.64668979
0.74009694
0.32999845
0.99791057
0.99201569
0.89063821
1.0524207
1.1228771
0.83635482
0.85305142
0.63160093
1
1
1
1
1
1
1
1
1
1
1
1
1
1
1
1
1
1
1
1
1
1
1
1
1
1
1
1
1
1
1
1
1
1
1
1
1
1
1
1
1
1
1
1
1
1
1
1
0.98474439
0.97823216
0.9879032
0.98631046
0.98974224
0.98587957
0.97712867
0.90782539
1.0048096
0.89936379
1.2553573
1.3371051
0.8523137
1.1553976
0.91935244
0.64583654
1
1
1
1
1
1
1
1
1
1
1
1
1
1
1
1
1
1
1
1
1
1
1
1
1
1
1
1
1
1
1
1
1.1586769
1.2803623
1.6661117
1.2501575
1.3727536
0.70193333
0.62361428
0.42765523
0.97105539
0.98208171
0.89760774
0.79529129
0.60073995
0.62260527
0.80602244
0.48159019
1
1
1
1
1
1
1
1
1
1
1
1
1
1
1
1
1
1
1
1
1
1
1
1
1
1
1
1
1
1
1
1
1
1
1
1
1
1
1
1
1
1
1
1
1
1
1
1
0.96140542
0.93107006
0.95529789
0.94314677
0.93905576
1.0834565
0.90952732
0.80474118
1.0262004
0.50069837
0.50530639
0.77231882
0.70197873
0.78874257
1.0581384
1.5054346
1
1
1
1
1
1
1
1
1
1
1
1
1
1
1
1
1
1
1
1
1
1
1
1
1
1
1
1
1
1
1
1
1.8041432
1.4812041
1.7324806
1.2749964
1.0985316
1.1772169
0.90496041
0.75502997
0.97783005
0.96371849
0.86809562
1.1396612
1.0503744
0.91431513
0.69857697
0.6142374
1
1
1
1
1
1
1
1
1
1
1
1
1
1
1
1
1
1
1
1
1
1
1
1
1
1
1
1
1
1
1
1
1
1
1
1
1
1
1
1
1
1
1
1
1
1
1
1
1.1315874
0.95862814
1.154532
0.96830449
0.88345874
1.0487673
0.87746157
0.79554888
0.81352717
0.94205698
0.72253549
0.85910824
0.80430253
0.60865649
0.86118685
0.71557994
1
1
1
1
1
1
1
1
1
1
1
1
1
1
1
1
1
1
1
1
1
1
1
1
1
1
1
1
1
1
1
1
0.82426774
0.90041672
1.3765027
0.96424273
0.78014318
0.62852914
0.77914952
0.54988322
0.99493121
0.91625268
1.0092385
0.68544626
0.68845978
0.82835854
0.86718642
0.72006697
1
1
1
1
1
1
1
1
1
1
1
1
1
1
1
1
1
1
1
1
1
1
1
1
1
1
1
1
1
1
1
1
1
1
1
1
1
1
1
1
1
1
1
1
1
1
1
1
3.1063607
1.9798226
1.1354128
1.1832918
1.024966
0.86318058
0.95087488
1.0559323
1.1457882
0.87395547
0.77292681
1.2190398
0.83420543
0.91359503
1.0900001
0.89081523
1
1
1
1
1
1
1
1
1
1
1
1
1
1
1
1
1
1
1
1
1
1
1
1
1
1
1
1
1
1
1
1
1.3877498
1.2021093
0.70280973
0.649029
0.78429763
0.70285242
0.57949334
0.57656822
1.0036176
1.2777534
0.95419354
0.77836085
0.99012481
0.8422291
0.77645801
0.57475472
1
1
1
1
1
1
1
1
1
1
1
1
1
1
1
1
1
1
1
1
1
1
1
1
1
1
1
1
1
1
1
1
1
1
1
1
1
1
1
1
1
1
1
1
1
1
1
1
2.7193514
1.6052888
1.3455504
0.94309074
0.79450741
0.92478419
0.91429307
0.96350693
0.84118133
0.75468121
0.59912674
0.79548573
1.0013827
0.67551676
0.68234599
0.71762922
1
1
1
1
1
1
1
1
1
1
1
1
1
1
1
1
1
1
1
1
1
1
1
1
1
1
1
1
1
1
1
1
0.92843926
0.77932323
0.74380627
0.92847351
0.92802203
0.81376358
0.84112801
0.54056738
0.88031096
0.94315972
0.89849214
0.80779198
0.7666182
0.83971999
0.80446019
0.58576827
1
1
1
1
1
1
1
1
1
1
1
1
1
1
1
1
1
1
1
1
1
1
1
1
1
1
1
1
1
1
1
1
1
1
1
1
1
1
1
1
1
1
1
1
1
1
1
1
1.4602641
1.2134797
1.6142348
0.80328552
1.004517
1.1303488
0.86930222
0.98357023
1.0406916
1.2825105
1.132953
0.62577374
0.77999686
1.1212503
0.64826409
0.57408969
0.89820918
1.078481
0.66274786
0.73520622
0.75279095
0.72851303
0.56664327
0.68795436
0.9493011
0.78971162
0.75103366
0.78875128
0.80473268
0.7518698
0.98222276
0.5920845
1.1679526
0.89474285
1.0303988
0.58419667
0.70472844
0.58919126
0.51631412
0.47410573
1.6044353
0.67529635
1.2299828
0.83499619
0.66895523
0.82713133
1.1624569
0.66392646
1.3646562
0.88334304
0.93993023
1.0151485
0.90024087
0.85899081
0.66418755
0.64148626
1.1445101
0.99954181
1.1218898
1.0456643
0.93350233
0.90735455
1.0489475
0.70166416
1
1
1
1
1
1
1
1
0.42860891
1.1848739
1.1439549
0.98794692
0.96469499
1.0046438
1.1021536
0.8022394
1
1
1
1
1
1
1
1
1
1
1
1
1
1
1
1
2.4301973
2.0430385
1.2298122
0.79421185
0.62294715
0.73838495
0.37866305
0.28737275
1.1850945
0.63048711
0.53936619
0.63382386
0.82474493
0.49971104
0.711445
0.46870657
2.3999721
1.2399072
0.99280251
0.81568716
0.98254256
0.71467457
0.7554325
0.60573357
1.3095016
1.1454817
1.1471733
0.88815339
0.95025018
1.003017
0.78370658
0.48516782
1.1717649
0.8777496
0.71013815
0.75141377
0.83372437
0.74268079
0.52788378
0.55226406
0.93863526
1.3060183
0.79537279
1.0488048
0.78638182
0.64916702
0.60605364
0.43157978
0.60943152
0.75918311
0.74437252
0.52832761
0.720799
0.6728587
0.65405748
0.52255395
0.90401946
1.2195719
0.79357091
1.1275212
0.72384693
0.71299178
0.90852328
0.62863606
1.2938997
1.1251503
1.122079
0.94220477
0.80100055
0.5362358
0.81531995
0.79504254
0.88379669
1.119287
0.9500155
0.81735042
1.0312515
1.0222319
1.0093919
0.70242673
1
1
1
1
1
1
1
1
1.348095
0.9757704
1.298713
0.91985075
0.69477856
0.92171827
1.0328655
0.99411391
1.7957898
0.88871285
0.60767322
0.41996753
0.31790772
0.31923875
0.2590026
0.22949664
3.0610359
1.7690017
0.99993227
0.57138744
0.52625548
0.72729356
0.47009786
0.45424768
1
1
1
1
1
1
1
1
1.1571386
1.0668654
0.8147575
0.96275032
0.88149079
0.86022192
0.94686508
0.86760539
1
1
1
1
1
1
1
1
3.9229695
1.3160016
1.2594753
0.94940562
0.70177119
0.77472672
0.62346626
0.59427349
1
1
1
1
1
1
1
1
1
1
1
1
1
1
1
1
1
1
1
1
1
1
1
1
1
1
1
1
1
1
1
1
1
1
1
1
1
1
1
1
1
1
1
1
1
1
1
1
1
1
1
1
1
1
1
1
1.0870062
0.82251799
0.54191594
0.56924643
0.45348146
0.39939073
0.37278061
0.34339386
0.78788256
0.52533816
0.35829693
0.29150454
0.31418211
0.29426413
0.341655
0.33708791
0.55769639
0.51789409
0.42789368
0.27106256
0.23732387
0.27578697
0.23518283
0.37777804
0.66176549
0.7496253
0.66387132
0.56375031
0.42866744
0.58103231
0.49297497
0.40224012
0.88631615
0.40994651
0.47949035
0.44523467
0.36500067
0.37471603
0.323109
0.41073324
1.7752183
2.6116517
1.2841385
0.82847034
0.64900462
0.83591848
0.61882657
0.57505121
0.69866541
0.84667069
0.62844584
0.57533983
0.65055726
0.77485977
0.54355065
0.61385234
