1.7344677
1.7640281
1.4736752
1.3190952
1.6832325
2.003387
2.2658845
2.03213
1.3480671
2.009277
1.9997747
1.89556
2.0607747
2.1572931
2.1452813
2.3777622
1.0000066
1.2122454
0.90914705
1.3973176
1.0382709
1.3495703
1.6150564
2.107695
0.9452431
3.355727
1.9471088
1.2360085
1.5924991
1.3424573
1.5579381
1.366012
0.81232128
1.2316003
1.2169261
1.1183989
1.1097472
1.4356349
1.1534407
1.3704404
0.89573771
1.0137577
0.9144905
1.3458903
1.2844717
1.5095941
1.5963897
1.833971
0.27544782
0.63971658
0.76158479
0.7093305
0.64556507
0.6472948
0.91394486
0.83202409
0.21976366
0.58253515
0.87912839
0.82045758
0.87647557
0.96648292
0.97326466
0.91991551
1.3253214
1.2042382
1.3413002
1.5356051
1.6152784
1.6673997
1.6542758
1.4756488
0.75969021
1.0859763
0.93781119
0.91283176
0.90423259
1.1039853
1.0640784
1.2848095
1
1
0.99999821
1.0000056
1
1
1
1
1.7459725
1.7949815
1.3338914
1.2436948
1.3485153
1.2293512
1.2212858
1.174184
0.99999379
1.0000187
1
1
1
1
0.99999927
1.0000702
0.9451456
0.96964941
1.0004038
1.02876
1.0355436
1.1219242
1.1455671
1.1791575
0.96619759
0.93587443
1.0517923
0.79432209
0.84560761
1.3968062
1.5344824
1.7062397
1
0.91458159
1.5918773
0.85596422
0.8745128
1.4935944
1.2367917
1.7528081
2.0575756
1.7944935
1.7027055
1.572066
1.7956471
1.8994317
1.8085871
2.0253189
1.0676523
1.5706261
2.1450874
1.5474988
1.6676238
1.5431247
1.5641948
1.6550337
1.005988
1.1083375
1.4637744
1.3807912
1.3760806
1.2358539
1.294182
1.3165661
0.85954223
0.90307551
1.1173167
0.9428441
0.94722274
0.90207293
0.83867437
0.97470689
1.3091107
1.132444
0.67633797
0.91218155
0.94733149
1.0266829
1.1379549
1.3313683
1.1925253
1.1755957
1.3256477
1.2734171
1.2222367
1.2965035
1.2574879
1.1037006
1
1
1.000003
0.99999657
0.99999731
0.99999808
1
1
1
1
1.000009
1.0000676
1
1
1
1
1.4611558
1.4134797
1.2960773
1.5305356
1.5752754
1.6978236
1.7882095
1.6324634
0.81565774
1.1105717
1.0467068
0.89750423
0.87454772
0.94793523
0.99515865
1.0221216
0.990983
0.95779568
1.0331504
1.0964437
1.2059517
1.1746341
1.0705158
1.2534902
0.81183871
1.0859087
0.93919664
0.78558055
0.88771223
0.92167546
0.89474526
1.0077246
1
1
1
1
1.0000139
1.0000969
1
1
1
1
1
1
1.0000039
0.9999986
1
1
1
1
1.0000141
1.0001066
1
1
1
1
1
1
0.99998359
1.0000205
1
1
1
1
1.2337703
1.1404837
1.1156098
1.2670162
1.1020773
1.1978957
1.2868077
1.0950231
1.4386438
1.581835
1.0868929
1.3243858
1.1510635
1.0221693
1.0432328
1.6871773
1
0.99999256
0.99999949
0.99999192
1.0000081
0.99999466
0.99999535
1.0000388
1
1
1
1
1.0000013
0.99999788
1
1
1
1
1
1
0.99999418
0.9999989
0.9999817
0.99998064
0.99998617
0.99998516
1.0000046
0.99999714
1.0000175
1.0000064
1
1
0.9999998
0.99999404
0.99999678
0.99999459
1.0000147
0.99999827
0.99998352
0.99999275
0.999995
1.0000026
1.0000004
0.99999265
0.99999692
0.99999352
1
0.99999467
1.0923138
1.0723989
1.2327882
1.3741701
1.2072798
1.3011831
1.2888883
1.4010458
1.2227522
1.0760579
1.1924293
1.0671898
1.2737454
1.2319597
1.2049104
1.4874841
1
1
1
1
1.0000169
1.0000446
1
1
1
1
1
1
1.0000033
1.0000167
1
1
1
1
1.0000247
1.0000555
1
1
1
1
1
1
0.99999771
1.0000007
1
1
1
1
1.5053799
1.369254
1.3408701
1.1917896
1.3769599
1.0997358
1.2475988
1.0937367
1.0382181
1.1087736
1.3028425
1.2360297
1.812812
1.4555918
1.7007055
2.6957467
1
1
1
1
1
1
0.99999434
0.99999375
1
1
1
1
1.0000097
1.000073
1
1
1
1
1
1
0.99999879
1.0000136
1
1
1
1
1
1
1
0.9999887
0.99999362
0.99998482
0.99999974
0.99999087
0.99999508
1.0000132
1
1
1
1
1.0000042
1.0000087
1
1
1
1
1
1
0.90874023
1.0493072
1.0717409
1.0436332
1.0793205
1.2606217
1.1225446
1.267971
1.0654432
1.4785319
1.5238599
1.4659928
1.2931162
1.6333595
1.4104154
2.0018602
0.99997757
0.99997727
0.99998269
0.9999812
0.99999904
1.0000058
1.0000183
1.0000006
1
1
0.99999009
1.0000002
0.99999087
1.0000007
1.0000103
0.99999464
0.99998302
0.99999055
0.99999857
1.0000034
1.0000032
0.99999389
0.99999629
0.99999019
1
0.99999322
1.0000006
1.0000052
1.0000217
1.0000104
1.0000005
1.0000045
0.72428518
1.3770706
1.3627684
1.0915194
1.1129332
1.3359341
1.1493994
1.2077185
1.8556812
1.8848195
1.6080602
2.0184484
1.2738299
1.7879557
2.5173028
3.1375809
1
1
1
1
1
1
1.0000007
1.0000107
1
1
1
1
1.000021
1.0000352
1
1
1
1
1
1
0.9999959
0.99999532
1
1
1
1
1.0000144
1.0000519
1
1
1
1
1
1
1.0000004
0.99999706
1
1
1
1
1.0000271
1.0000642
1
1
1
1
1
1
1.3848111
0.92735206
0.81473981
0.91578459
0.70955932
0.80207658
0.75928631
0.87321679
1.1134596
1.748488
1.961453
1.5443341
1.7078409
1.6391069
1.4537713
1.8167534
1
1
1
1
0.99998967
0.99999575
1
1
1
1
1
1
0.99999993
0.99999486
1
1
1
1
0.99999882
0.99999355
1
1
1
1
1
1
0.99999514
0.99999502
1
1
1
1
1.1172216
1.3917141
1.1008751
1.2047394
1.1452779
1.4893693
1.9642017
1.3442634
1.6203102
1.0883011
0.86369148
1.1350921
1.9473483
1.7471385
2.386055
3.6107163
1.0000335
1.0000025
1
1
0.99998899
0.99999281
0.99998915
0.99999395
0.9999996
0.99998786
0.9999799
0.99998748
0.99999937
1.0000021
1.0000003
0.99998923
0.99998821
0.99998676
1
0.99999377
0.99999988
1.0000038
1.0000163
0.99999922
0.99999152
0.99999524
1.0000086
1.00001
1.0000056
0.99999563
1
1
0.99999035
0.99999698
0.99999551
0.9999964
1
1
1
1
1.0000041
1.000008
1
1
1
1
1
1
1.2618177
1.0859107
0.80179339
0.84378224
1.0228012
0.76415334
1.2143096
1.1353592
1.1432738
1.4112055
1.7507508
1.2954583
1.4335109
1.2729968
1.1950554
1.5862495
1
1
1
1
1.0000062
1.000014
1
1
1
1
1
1
0.99999208
1.0000037
1
1
1
1
1
1
1
0.99997871
0.99999183
0.99997629
0.9999786
0.99997996
0.99999475
1.0000034
1
1
1
1
0.85069354
0.75323625
1.1062053
0.67318536
1.4469889
0.94738256
1.6127954
1.3447802
1.2580335
1.0691018
1.6849893
1.4700518
1.1831509
2.2455489
2.0946646
3.24524
1
1
1
1
1
1
0.99999402
0.99999699
1
1
1
1
0.99998943
0.99999489
1
1
1
1
1
1
0.99998944
0.99999112
1
1
1
1
0.99998797
0.99999741
1
1
1
1
1
1
0.99999127
0.99999519
0.99997861
0.99997624
0.9999781
0.99998014
0.99999525
0.99999656
1.0000233
0.99999969
1
1
0.99998962
0.99999165
0.93690752
0.91522698
0.84535569
1.0283776
0.85986759
0.91461197
0.8790451
0.72657765
1.8502617
1.6206898
1.327184
1.3011407
2.0119796
1.5821835
1.0482344
1.4527911
1.0000052
0.99999394
0.99998697
0.99999184
1.0000069
1.0000029
1.0000051
0.99998702
1
1
0.99998854
0.99999503
0.9999924
0.99999855
1
1
1
1
0.99999756
0.99999811
1
1
1
1
1
1
0.99999067
1
1
1
1
1
0.78867801
0.67914184
0.89751227
0.99023074
1.0474805
1.347569
1.451613
1.0250412
1.007417
1.1302998
1.4328882
1.0547934
1.8782893
1.7700604
1.8569173
2.5958579
1
0.99997628
0.99999178
0.99997444
0.99997491
0.99997706
0.99999218
0.99999708
1
1
1
1
1.0000164
0.99999285
1
1
1
1
1
1
0.99998497
0.99999492
1
1
1
1
1.0000043
0.99998613
1
1
1
1
1
1
0.99998786
0.99998737
1
1
1
1
0.99998682
0.99998888
1
1
1
1
1
1
0.89622091
0.87054324
0.8934224
0.93710476
0.96779972
0.98031473
0.93031986
0.81822706
2.1820271
3.5429006
2.1225434
0.99578141
1.3700873
1.1754089
0.82142976
1.1635961
1
1
1
1
0.99998626
0.99999323
1
1
1
1
1
1
0.99998707
0.99999451
0.99998067
0.99997852
0.99997683
0.99998026
0.99999468
0.99999383
1.0000222
1.0000024
1
1
0.99998685
0.99999305
0.99998992
0.99998955
0.99998992
0.99998262
0.99997892
0.99998724
0.98879146
0.99678334
0.97964341
0.99747351
0.97941171
1.1016723
0.83360504
0.67076401
1
0.99648705
1.0095384
0.98860337
1.1383951
1.6923346
1.4910593
2.4685182
1.0000222
0.99999714
1
1
0.99998765
0.99999656
0.99999026
0.99999759
1
1
1
1
0.99998957
0.99999376
1
1
1
1
1
1
0.99998803
0.99999211
1
1
1
1
1
1
1
0.99997431
0.9999898
0.99997339
0.99997309
0.99997511
0.99998969
0.9999928
1
1
1
1
1.0000025
0.99998833
1
1
1
1
1
1
0.99999094
0.99998807
1
0.99999122
0.99999935
0.99954795
0.9989128
0.99828241
0.982958
0.95827943
0.97672598
0.94001597
1.3795186
1.1560205
0.84548267
1.1933404
1
1
1
1
0.99999583
0.99998497
1
1
1
1
1
1
0.99998323
0.99998685
1
1
1
1
0.99998454
0.99998657
1
1
1
1
1
1
0.99999319
0.99999142
1
1
1
1
0.99998359
0.99998855
1
1
1
1
1
1
0.99998865
0.99998917
1
1
1
1
0.99998418
0.99998797
1
1
1
1
1
1
0.99998794
0.99998875
0.70769036
0.93503369
1.0148739
1.0996548
1.199767
1.2330949
1.3162444
1.2543779
0.85014205
0.99410154
1.0964435
1.2119935
1.3358724
1.395838
1.4574825
1.2459941
0.79465013
1.468525
1.6936233
1.6301659
2.1099041
1.7633203
1.7591125
1.3724766
1.3390882
1.4422859
1.7266155
2.2771943
2.4710057
2.2154907
2.1019214
1.887331
0.99184896
1.2907311
1.1061806
1.1310219
1.2557447
1.4881873
1.4260136
1.3369138
0.88212972
1.0205772
1.1064088
0.85271113
0.6976559
0.71570813
0.64546542
0.51516175
0.80686364
0.90255858
1.2284647
1.4848042
1.9822315
2.3346
2.4606739
2.9391522
1
0.99779069
0.7718512
1.0941506
0.79425434
0.59346416
0.83273211
0.51605394
1
0.94157563
0.83146448
0.63734748
0.74758079
0.65242844
0.51618399
0.67003407
0.88639051
0.92130826
0.84100559
0.82471618
0.92852257
0.9103541
0.84935471
0.82208944
1.1809014
1.1703204
1.6324959
1.0218943
0.97136702
0.78845776
0.86352564
0.6859361
0.96155157
1.0024605
1.3360709
1.2935868
1.2588297
1.2696065
1.1665611
1.1341933
1.0038784
1.1091572
1.0533812
0.59849486
0.6245405
0.61063907
0.73811131
0.73021778
0.95958832
0.91023386
0.76366551
0.8003329
0.99733025
1.1058143
1.182762
1.4337666
2.0613181
1.4594325
1.6158808
1.1771902
1.0933573
1.0350308
0.96318008
0.91877636
1
1
1
1
0.99998948
1.0000017
1
1
1
1
0.99998187
0.99998233
1
1
1
1
1.4949869
1.1448388
1.0322415
1.1307024
1.1013465
1.0561598
1.1938317
1.2272288
0.80686504
1.2055215
1.0020052
0.91452675
0.89099923
0.94858765
0.93725022
0.91331765
0.87862799
0.90351256
1.167142
1.0840744
1.0940076
1.1881648
1.1414776
1.1818533
1.0990434
0.97679145
0.94026211
0.86989195
0.82741063
0.77834346
0.83307468
1.0211577
0.98689973
0.88741812
0.84248205
0.80614071
1.0604714
1.3607808
1.4769539
1.2674674
1.1112053
1.0173407
0.98807037
1.0582017
1.1931452
1.3546194
1.1764677
1.3259702
1
0.97908018
0.71667572
1.1295619
1.0285515
1.2612703
1.090836
1.1707967
1.0759036
1.7679676
1.5529199
0.98207042
1.2838659
1.0612328
1.1890419
1.1681102
1.0073677
1.4199498
1.2807663
1.3796213
1.2274778
1.3086479
1.0819461
1.2852246
0.85745972
0.64458495
1.1284426
1.0648375
1.3937007
1.3912314
1.3313071
1.2187459
0.27355386
0.85451135
0.64610992
0.56303041
0.61292545
0.60097857
0.91242725
0.77336796
0.18706229
0.55678256
0.79358192
0.86744595
0.89687955
0.95914846
0.99214584
1.043123
1.285925
1.194747
1.2334398
1.429881
1.4299602
1.4523096
1.423035
1.1820136
1.4463093
1.1192969
1.1220884
1.2982645
1.1429837
1.193657
1.1893781
1.1354904
1
1
1
1
1
1
1
1
1.4491603
1.6865488
1.2147306
1.1012997
1.1435542
1.2102738
1.2582094
1.0943879
1.0966075
1.1973215
1.3269758
1.27468
1.2227418
1.2980188
1.0312417
1.3156382
0.96974302
1.0791872
1.0532453
1.0859575
1.1286612
1.1227473
1.0911112
1.1461043
0.94787741
1.3696418
0.76633027
1.135027
1.1187564
1.1826844
1.4812447
1.5366182
1
0.72738009
1.0326953
0.8435616
1.4164644
1.4611707
1.3508329
1.5851782
1.3318705
1.3377568
1.2649183
1.1315744
1.4066524
1.4638521
1.3996477
1.4338426
1.3809538
1.5286154
1.6980193
1.4587824
1.851969
1.6894049
1.6024044
1.5261374
0.87238934
1.0521399
1.0973865
1.1233905
1.0758382
1.0982859
1.1703973
1.3472759
1.0151413
1.330511
1.3194061
1.4245735
1.4184987
1.4322446
1.5077201
1.8048808
1.4125366
1.2500804
0.66607611
0.96849805
1.0452559
0.98752163
1.0753825
1.3187152
1.2955155
0.96584177
1.0988722
1.2783197
1.3388194
1.3367632
1.3344776
1.3672533
1
1
1
1
1
1
1
1
1
1
1
1
1
1
1
1
1.1093547
1.5487524
1.5487614
1.4778328
1.4244559
1.4063507
1.5015129
1.3343408
1.0856077
0.97597019
1.0310438
0.99076857
1.1302854
1.0349053
1.0846582
1.1359569
1.2076608
0.90939289
0.99376546
1.0408006
1.1289723
1.1546502
1.0706054
1.1362969
0.97877804
1.0276262
1.0334318
0.95016198
1.1477014
1.1407728
1.0898987
1.3033054
1
1
1
1
1
1
1
1
1
1
1
1
1
1
1
1
1
1
1
1
1
1
1
1
1
1
1
1
1
1
1
1
1.1290792
1.3884395
1.0852873
1.1221276
1.2786123
1.3882022
1.508757
1.6012221
0.87897139
1.2317797
1.2008827
1.3821028
1.8535226
2.0779261
2.5963474
3.1236566
1
1
1
1
1
1
1
1
1
1
1
1
1
1
1
1
1
1
1
1
1
1
1
1
1
1
1
1
1
1
1
1
1
1
1
1
1
1
1
1
1
1
1
1
1
1
1
1
1.0250186
1.3662808
1.2827755
1.2361816
1.1958641
1.3304926
0.94180242
1.3626818
1.5264451
1.2006409
1.2660141
1.2605851
1.217517
1.6125581
1.3686542
1.6704893
1
1
1
1
1
1
1
1
1
1
1
1
1
1
1
1
1
1
1
1
1
1
1
1
1
1
1
1
1
1
1
1
0.94780128
1.8904178
1.0620378
1.1764818
1.5054765
1.2925389
1.3725413
1.5561003
1.2790772
1.6414842
1.3702701
1.7213889
2.18602
2.2157846
2.2625887
3.5905332
1
1
1
1
1
1
1
1
1
1
1
1
1
1
1
1
1
1
1
1
1
1
1
1
1
1
1
1
1
1
1
1
1
1
1
1
1
1
1
1
1
1
1
1
1
1
1
1
1.3329372
1.3235782
1.0881089
0.94928624
0.99638567
1.2259309
0.91216133
1.1604842
0.68021606
1.1432093
1.5756143
1.303948
1.4634988
1.3999326
1.2862494
1.3562416
1
1
1
1
1
1
1
1
1
1
1
1
1
1
1
1
1
1
1
1
1
1
1
1
1
1
1
1
1
1
1
1
0.8478653
0.83678807
1.2076956
0.9933835
1.4988859
1.6683246
1.4715128
1.5746968
0.91217974
1.3816708
1.4419892
2.20845
2.1993098
2.0387279
3.1130501
4.0285807
1
1
1
1
1
1
1
1
1
1
1
1
1
1
1
1
1
1
1
1
1
1
1
1
1
1
1
1
1
1
1
1
1
1
1
1
1
1
1
1
1
1
1
1
1
1
1
1
1.6480639
1.1520719
0.92409189
1.1368895
0.92204607
1.0563532
0.78256368
0.82129896
1.5458683
1.4465919
1.7602492
1.2827191
1.3007205
1.6002303
1.3397823
1.7080879
1
1
1
1
1
1
1
1
1
1
1
1
1
1
1
1
1
1
1
1
1
1
1
1
1
1
1
1
1
1
1
1
1.5910036
1.0979405
0.83733812
1.0423515
1.199974
1.5938358
1.8234855
1.6348949
1.0239913
1.781477
1.4760144
1.8597219
1.9007569
2.3831725
2.331695
3.7191251
1
1
1
1
1
1
1
1
1
1
1
1
1
1
1
1
1
1
1
1
1
1
1
1
1
1
1
1
1
1
1
1
1
1
1
1
1
1
1
1
1
1
1
1
1
1
1
1
2.1470725
1.366757
0.79399036
1.0231842
0.84844843
0.97781012
0.61593343
0.91749227
0.72789797
1.1963238
1.7201593
1.2438546
1.3637996
1.1598074
1.171191
1.2699124
1
1
1
1
1
1
1
1
1
1
1
1
1
1
1
1
1
1
1
1
1
1
1
1
1
1
1
1
1
1
1
1
1.8507279
0.89549225
0.49277531
1.140352
1.4011759
1.0279839
1.5354763
1.3385588
0.9559377
1.3969373
1.3706225
2.0863676
2.4758438
2.0918891
2.1904352
3.4458568
1
1
1
1
1
1
1
1
1
1
1
1
1
1
1
1
1
1
1
1
1
1
1
1
1
1
1
1
1
1
1
1
1
1
1
1
1
1
1
1
1
1
1
1
1
1
1
1
0.90087103
0.95612217
0.77516106
0.91422632
0.93283159
0.91942294
0.69267049
0.62420342
1.4122279
2.4798119
1.7991278
1.6438176
1.4395815
1.5861575
1.0968333
1.0591889
1
1
1
1
1
1
1
1
1
1
1
1
1
1
1
1
1
1
1
1
1
1
1
1
1
1
1
1
1
1
1
1
0.95494401
1.0198
0.94841235
1.2356198
1.2460254
1.2369843
1.1597731
1.153092
1
0.99821833
1.8235749
0.91451537
1.7869843
2.3907671
1.3925124
3.333369
1
1
1
1
1
1
1
1
1
1
1
1
1
1
1
1
1
1
1
1
1
1
1
1
1
1
1
1
1
1
1
1
1
1
1
1
1
1
1
1
1
1
1
1
1
1
1
1
1
0.99933843
0.99600309
0.96158986
0.99601546
0.9930851
0.99119624
0.82926264
0.89792042
1.0136753
0.89125547
1.0687072
1.1353119
0.88567322
0.79865302
0.8529748
1
1
1
1
1
1
1
1
1
1
1
1
1
1
1
1
1
1
1
1
1
1
1
1
1
1
1
1
1
1
1
1
1
1
1
1
1
1
1
1
1
1
1
1
1
1
1
1
1
1
1
1
1
1
1
1
0.8259859
0.91175405
0.99598123
1.0707726
1.1200091
1.1347065
1.2142086
1.2393153
0.89151532
1.0082661
1.1361149
1.3251099
1.4404482
1.4916619
1.4540363
1.0883566
0.63186049
1.1072899
1.2712504
1.3320061
1.7512204
1.4744688
1.3680595
0.96581762
1.1863657
1.2110404
1.3420343
1.5654677
1.6825554
1.4799182
1.3189672
1.3527332
0.82063703
1.4219334
1.1609976
1.2451418
1.2605543
1.358953
1.3059716
1.3314859
0.89086334
0.8854628
1.162885
0.82269239
0.79450657
0.77212011
0.77054323
0.77458531
0.6988847
0.64404057
0.84303089
1.0728307
1.3391525
1.5301547
1.5577364
1.4632889
1
1
1
1
1
1
1
1
1
1
1
1
1
1
1
1
1
1
1
1
1
1
1
1
1
1
1
1
1
1
1
1
1.364575
1.0983039
1.2828239
1.9059467
1.5575014
1.4207509
1.4091049
1.1293107
0.83142224
0.78888898
0.80050705
1.0043123
1.0206141
0.68541368
0.83777554
0.72590661
1
1
1
1
1
1
1
1
1
1
1
1
1
1
1
1
1
1
1
1
1
1
1
1
1
1
1
1
1
1
1
1
1
1
1
1
1
1
1
1
1
1
1
1
1
1
1
1
0.89222527
1.096121
1.3547784
1.3127795
1.3071122
1.4228543
1.2751019
1.5733562
1.0545606
0.85467942
0.7548286
0.80534418
0.9176343
0.94893587
1.0018897
0.8333666
0.97123104
1.0322734
0.94864984
0.52645234
0.39324516
0.63999799
0.60868516
0.53601634
1
1
0.89597962
1.1286285
0.8272184
0.67471359
0.73158318
0.62543723
0.885777
0.91681831
1.0668563
0.99216436
0.97791784
0.97266631
0.83877708
0.77056976
1.3799073
0.99419467
1.3610868
0.94356786
0.9861405
0.86358618
0.72506416
0.62844284
1.0524711
1.2180176
1.4740188
1.3779339
1.4593348
1.3284503
1.3650887
1.0913055
1.366318
0.79945073
1.2888262
1.1121466
1.1754363
1.1638771
0.99229335
0.91227746
0.74630888
0.87522284
1.1369777
0.94879841
1.0966761
1.18338
1.2857999
1.5319389
1.8922882
1.7864795
1.2401891
1.0866272
0.99030192
1.0037951
0.96714385
0.83429462
1
1
1
1
1
1
1
1
1
1
1
1
1
1
1
1
1.5758028
1.1053526
1.0301422
0.98705616
0.94057276
0.95992138
1.048512
1.0774151
0.87846482
1.1680656
0.94408332
0.87694203
0.88426928
0.85879199
0.91494116
0.90238849
1.1305908
1.0803014
0.95973064
1.1770094
1.0828041
1.1873489
1.2421875
1.3774436
0.87759153
0.85261297
0.84785443
0.82077009
0.93137324
0.78840612
0.88152645
1.1592148
1.1523717
1.1859318
1.0732678
1.2250983
1.4390466
1.77017
1.6971293
1.1680048
0.89546422
1.3141564
1.6967996
1.6207264
1.5625454
1.6109098
1.507869
1.2792445
1
0.67081805
0.73237222
0.94559815
0.79736913
0.89991339
1.0030615
0.78405244
1.0553494
1.0814159
1.2019676
1.0668358
1.1474911
0.92139331
0.83816581
0.71315176
0.72666455
1.0135317
0.85377908
0.99370051
1.132805
1.1005038
1.0121095
0.93969094
1.152373
0.78260655
1.2283688
1.5264443
1.4716694
1.4869484
1.3292286
1.0584749
0.1980442
0.25995494
0.33449481
0.64115064
0.66244138
0.64992868
0.90556375
0.76548567
0.48276126
0.70864173
0.79189236
0.88716089
0.85285433
0.9120739
0.97418277
0.9809049
1.0590963
1.0737152
1.0529766
1.0782056
0.99620283
0.94862307
0.94000733
0.88556878
1.442767
1.2828996
1.0980136
1.0561746
0.95155794
0.96482856
0.85618593
0.85546609
1
1
1
1
1
1
1
1
1.1454436
1.381509
0.89596772
1.0541789
1.1812366
1.16028
1.2054982
1.2531412
1.6238078
1.5135657
1.0813498
1.089144
1.2367412
1.2079585
1.0580592
1.5962075
1.0270166
1.5782798
1.03833
1.2212933
1.1796051
1.2361718
1.249246
1.1268065
0.78431673
1.3118981
1.4820161
1.9034511
2.1592871
2.4801096
2.7016263
1.9190828
0.99243824
1.4122048
1.3500113
1.4424526
2.541416
2.4971325
2.8582362
1.999847
1.0704213
1.682691
1.4898799
1.715602
1.9429165
2.2407771
2.0921511
1.3996386
1.6195912
2.0118167
2.5294303
2.2395948
2.4325928
2.3488816
2.4249634
1.7428866
1.1506773
0.72564629
1.2890391
1.2958061
1.5197378
1.6479783
1.8383716
1.6431718
1.4711637
1.176723
1.0139651
1.1110572
1.3423751
1.4652527
1.6543181
1.7186902
0.89765431
0.78508183
0.73121434
0.97464657
1.1149624
1.1088635
1.0461469
1.2704608
1.3821389
1.1235939
1.1679759
1.3451311
1.4199831
1.5051164
1.6355484
1.5038161
1
1
1
1
1
1
1
1
1
1
1
1
1
1
1
1
0.68953689
1.396864
1.3464085
1.5773508
1.8442525
1.6033392
1.7173172
1.3776892
0.93998143
1.1393699
1.1836994
1.3845835
1.2693399
1.3285931
1.4207326
1.465967
1.046608
0.8956138
1.369034
1.0164684
1.1289639
1.1061174
1.1015771
1.2840392
1.0023314
0.9149011
1.066382
1.0281475
1.0929236
0.89866091
1.0620438
1.1528866
1
1
1
1
1
1
1
1
1
1
1
1
1
1
1
1
1
1
1
1
1
1
1
1
1
1
1
1
1
1
1
1
1.7900596
1.0194745
0.77612037
1.3849246
1.5683329
1.7845725
2.0476623
1.649723
1.3368655
1.3328241
1.4516619
1.8543455
1.876017
2.2079552
2.4845682
1.9921551
1
1
1
1
1
1
1
1
1
1
1
1
1
1
1
1
1
1
1
1
1
1
1
1
1
1
1
1
1
1
1
1
1
1
1
1
1
1
1
1
1
1
1
1
1
1
1
1
1.5931746
1.1566831
1.1518183
1.1406246
1.172981
1.1355881
1.0304863
1.3582723
1.4393967
1.4358491
1.5481194
1.3067942
1.3899513
1.2511009
1.2438696
1.4671225
1
1
1
1
1
1
1
1
1
1
1
1
1
1
1
1
1
1
1
1
1
1
1
1
1
1
1
1
1
1
1
1
2.7615463
2.0833837
1.3079135
1.3336848
1.7643082
1.7543001
1.8000554
1.5484775
1.0632382
1.517181
1.6593374
1.8139142
2.2730523
2.38996
2.4671588
2.0935372
1
1
1
1
1
1
1
1
1
1
1
1
1
1
1
1
1
1
1
1
1
1
1
1
1
1
1
1
1
1
1
1
1
1
1
1
1
1
1
1
1
1
1
1
1
1
1
1
1.0936846
1.3940201
1.0886834
1.0402903
0.90857558
0.98310263
1.1584987
1.0787718
0.70118051
1.2007704
1.3865721
1.2711921
1.3701808
1.3286629
1.4005429
1.3044176
1
1
1
1
1
1
1
1
1
1
1
1
1
1
1
1
1
1
1
1
1
1
1
1
1
1
1
1
1
1
1
1
2.1829854
1.3330586
1.7581148
1.5898944
2.069687
2.0936758
2.069966
1.5164329
0.96912545
2.1698096
1.4408537
1.687592
2.2431312
2.4619946
2.4432573
2.3628185
1
1
1
1
1
1
1
1
1
1
1
1
1
1
1
1
1
1
1
1
1
1
1
1
1
1
1
1
1
1
1
1
1
1
1
1
1
1
1
1
1
1
1
1
1
1
1
1
2.0498904
1.0759835
1.0074072
1.2095495
0.98155698
1.0497308
0.69294316
1.1606682
0.58338095
1.141186
1.3358791
1.2126025
1.0359424
1.3584177
1.1914149
1.1128867
1
1
1
1
1
1
1
1
1
1
1
1
1
1
1
1
1
1
1
1
1
1
1
1
1
1
1
1
1
1
1
1
1.889003
0.95043538
1.3394844
1.1026957
1.87375
1.8455215
1.6372442
1.7394385
0.96879659
1.5420137
1.9611226
2.399137
2.5339243
2.8460771
2.510406
2.0217182
1
1
1
1
1
1
1
1
1
1
1
1
1
1
1
1
1
1
1
1
1
1
1
1
1
1
1
1
1
1
1
1
1
1
1
1
1
1
1
1
1
1
1
1
1
1
1
1
1.5449852
1.1731777
0.7636695
0.78532354
1.2136717
0.78319299
0.58820001
0.74627268
0.41415428
1.4091277
1.5711836
1.3748404
0.94499389
1.1464577
1.0137592
1.0726099
1
1
1
1
1
1
1
1
1
1
1
1
1
1
1
1
1
1
1
1
1
1
1
1
1
1
1
1
1
1
1
1
1.0067704
0.81417106
1.1316888
0.49158816
1.4831942
1.1347502
1.5312289
1.0908565
0.99991257
0.99422281
1.304651
1.9079355
1.3748507
2.6370443
2.2561716
2.0866037
1
1
1
1
1
1
1
1
1
1
1
1
1
1
1
1
1
1
1
1
1
1
1
1
1
1
1
1
1
1
1
1
1
1
1
1
1
1
1
1
1
1
1
1
1
1
1
1
0.99947112
1.1947512
0.97080717
0.99043545
0.97786015
1.1404491
0.87460768
0.76292766
1.2747866
1.0226886
0.85668001
1.4999323
1.0988991
0.85724886
1.2060796
0.95777286
1
1
1
1
1
1
1
1
1
1
1
1
1
1
1
1
1
1
1
1
1
1
1
1
1
1
1
1
1
1
1
1
1
1
1
1
1
1
1
1
1
1
1
1
1
1
1
1
1
1
1
1
1
1
1
1
0.83240995
0.82629367
0.92041452
0.99267022
0.96656054
0.95176551
0.99649064
0.85892791
0.81758646
0.80962551
0.77404234
1.1308647
1.2386487
1.3454292
1.3341341
0.89807898
0.53170531
0.7864877
0.93713379
0.94621736
1.1764249
0.94871472
0.89653568
0.66744679
1.0462657
0.97614629
1.0710602
1.2325276
1.2484229
1.1100779
1.0012905
0.97555414
0.940395
1.216393
1.0637134
1.0647787
1.0836547
1.1475739
1.0907831
0.9353502
0.9796239
0.66810319
1.000498
0.88565966
0.92020169
0.85580358
0.85154993
0.88515897
0.9167202
0.6305531
0.83294762
0.91245472
0.97952408
1.0236638
0.961932
0.83387134
1
1
1
1
1
1
1
1
1
1
1
1
1
1
1
1
1
1
1
1
1
1
1
1
1
1
1
1
1
1
1
1
0.87414955
1.6213034
1.652371
1.703332
1.5041308
1.499013
1.1791448
1.087335
0.81299766
1.5738127
1.0806685
1.4394056
1.3653554
0.97943394
0.68050186
0.75050527
1
1
1
1
1
1
1
1
1
1
1
1
1
1
1
1
1
1
1
1
1
1
1
1
1
1
1
1
1
1
1
1
1
1
1
1
1
1
1
1
1
1
1
1
1
1
1
1
0.89313351
1.3336073
1.3344699
1.3276969
1.3031463
1.4273014
1.0342485
1.3744705
0.74764441
0.83499513
0.7270475
0.76108671
0.73210092
0.87848146
0.73191897
0.9298536
1
1
1
1
1
1
1
1
1
1
1
1
1
1
1
1
1
1
1
1
1
1
1
1
1
1
1
1
1
1
1
1
0.99054972
1.2374542
1.5421982
1.5351352
1.4844376
1.5294447
1.3641739
1.0791357
1.010345
0.74353502
1.0948753
1.2341746
1.0428312
1.0769847
1.3186717
1.0440579
1
1
1
1
1
1
1
1
1
1
1
1
1
1
1
1
1
1
1
1
1
1
1
1
1
1
1
1
1
1
1
1
1
1
1
1
1
1
1
1
1
1
1
1
1
1
1
1
1.1672832
0.99597758
1.3213004
1.3613843
1.1790771
1.3982758
1.2246766
1.4643497
0.81098715
1.1034782
0.87153623
0.80091795
0.77707759
0.77211287
0.65967959
0.86078983
0.82917835
0.88965297
0.61784054
0.46620071
0.42009081
0.36620691
0.37780792
0.2523655
1
0.91322476
0.57437867
0.80948494
0.75019101
0.518821
0.43067557
0.41206711
1.1080234
1.2725063
1.1482086
1.1222103
0.90613962
0.66656643
0.60282542
0.38271374
1.2773601
1.3053654
1.2633721
1.0007696
0.80603618
0.58910414
0.52057164
0.34174272
0.76010692
0.81773977
1.2153391
1.3187365
1.1542623
1.0817825
1.0276674
0.80289787
1.2827148
1.5838278
1.5060074
1.6147237
1.6239141
1.5478263
1.5292009
0.98064169
0.56690621
0.93750992
1.11833
1.1366581
1.2350452
1.3111965
1.3098737
1.6382021
1.8780279
1.1174535
1.0247368
0.92476794
0.98605246
0.9664624
0.88969464
0.76123887
1
1
1
1
1
1
1
1
1
1
1
1
1
1
1
1
0.81506562
1.0819356
0.79821668
0.71341135
0.68834861
0.62331072
0.6764597
0.64054376
1.5974982
1.1586959
0.95164764
0.92776356
0.82993819
0.84122145
0.86833907
0.7898491
0.75968444
0.83453449
1.0156899
0.94358647
1.1451186
1.2244515
1.1096897
1.3253444
1.238588
1.4293751
1.0388883
0.75093002
0.85603953
0.92576734
0.80743465
0.77666461
1.5123203
1.5172059
1.4533756
1.3091369
1.3013076
1.5137759
1.2576175
0.77972113
1.2259245
1.3840433
1.7092845
1.8007372
1.4483029
1.3870062
1.2053024
0.90757737
0.98482578
0.9742696
1.0515082
0.8524761
0.94805952
1.0020211
0.83634656
0.59742369
1.1033728
0.93715413
1.174711
0.93336843
1.0292676
0.83565401
0.83899037
0.53604206
0.37928408
0.97523386
1.9102238
1.2270259
1.0893002
1.0756687
1.1037705
0.91296666
0.95522406
1.0469098
1.1334055
1.3354135
1.1463599
1.1615735
1.1531608
0.92954899
0.25100042
0.24759721
0.42522352
0.64346097
0.8502235
0.64905799
0.84241258
0.71027137
0.51462742
0.78699101
0.7654264
0.85940292
0.86708701
0.96551152
1.039125
1.020834
1.0309781
0.97763728
0.94556533
0.91904855
0.85706736
0.84694357
0.82837874
0.80043495
1.2563324
0.98587634
0.96168799
0.87358888
0.84731772
0.74490864
0.85364153
0.90097345
1
1
1
1
1
1
1
1
1.0551478
1.104731
0.86701386
0.95213388
0.97987016
0.99578485
0.96170619
1.0104495
0.31052718
0.76458956
2.8946367
0.91368949
0.89139071
0.90457464
0.89759305
0.89042703
1.3386655
1.0442138
1.1515993
1.148918
1.0546634
1.0974873
0.98723411
0.87349159
1.1273608
1.6056581
1.9221813
2.0593024
2.1427001
2.2321462
2.0810329
1.427775
1.2381091
1.5603331
2.0575126
2.240413
2.4107368
2.7788846
2.1244604
1.4914602
1.6138599
1.7534693
1.8778715
1.9788318
2.0548566
2.0074395
1.7634143
1.129757
2.2442521
1.72276
2.7014157
2.3607532
2.3393091
2.188295
2.0038421
1.1381515
1.2847553
1.0902329
1.5698834
1.444587
1.3787565
1.5101286
1.6304332
1.2788995
1.1216755
1.1255379
1.1060425
1.3067012
1.2509425
1.3781458
1.4080715
1.2179796
0.22600431
0.19702155
0.64330789
1.261157
1.1887895
1.1211001
1.0354019
1.1341572
1.0709328
0.76546839
1.0450732
1.285263
1.2615779
1.2244367
1.2621732
1.0796591
1
1
1
1
1
1
1
1
1
1
1
1
1
1
1
1
0.79100511
0.99995223
1.0863973
1.1645482
1.2795646
1.2248846
1.2505089
1.068299
1.0892999
1.0854121
1.1047572
1.2425162
1.2556779
1.2190919
1.1239577
1.0798811
0.9807332
0.7824103
0.82800253
0.88511326
0.92387325
0.86706745
0.86534562
0.92456571
0.95995328
1.0985428
1.1801343
0.93159257
0.90104819
0.99479032
0.97138012
1.0738552
1
1
1
1
1
1
1
1
1
1
1
1
1
1
1
1
1
1
1
1
1
1
1
1
1
1
1
1
1
1
1
1
2.0961405
1.4068162
1.2972047
1.5745723
1.5085282
1.8902077
1.686021
1.1826492
0.7627794
1.1093748
1.1277087
1.4480692
1.3799884
1.4891798
1.8204263
1.3860599
1
1
1
1
1
1
1
1
1
1
1
1
1
1
1
1
1
1
1
1
1
1
1
1
1
1
1
1
1
1
1
1
1
1
1
1
1
1
1
1
1
1
1
1
1
1
1
1
1.4635503
1.2526615
1.0687816
1.1193915
1.0243382
1.081726
0.95333541
1.050269
1.2647079
1.147196
1.4966325
1.3414635
1.518279
0.9845921
1.1197087
1.183147
1
1
1
1
1
1
1
1
1
1
1
1
1
1
1
1
1
1
1
1
1
1
1
1
1
1
1
1
1
1
1
1
1.6452722
1.9647649
1.6339414
1.487688
1.8778721
1.7158028
1.4839714
1.3279873
0.97462199
1.1446139
1.416047
1.5860144
1.6204367
1.7260535
1.7638668
1.6704916
1
1
1
1
1
1
1
1
1
1
1
1
1
1
1
1
1
1
1
1
1
1
1
1
1
1
1
1
1
1
1
1
1
1
1
1
1
1
1
1
1
1
1
1
1
1
1
1
1.266169
1.2202068
0.96404103
0.97955474
0.78448429
0.9952719
0.85719879
0.82794642
0.6496628
1.0275471
1.1589389
1.0158342
1.1802342
1.0309536
1.1228975
1.1103517
1
1
1
1
1
1
1
1
1
1
1
1
1
1
1
1
1
1
1
1
1
1
1
1
1
1
1
1
1
1
1
1
1.2682048
1.6384898
1.7885184
1.4395561
1.7694456
2.1387334
1.9958659
1.1233362
1.3045524
1.0912667
1.210017
1.5015671
1.8536742
2.0735207
2.0847124
2.0439015
1
1
1
1
1
1
1
1
1
1
1
1
1
1
1
1
1
1
1
1
1
1
1
1
1
1
1
1
1
1
1
1
1
1
1
1
1
1
1
1
1
1
1
1
1
1
1
1
1.7120003
0.77728707
1.0782245
1.2176236
0.64113401
0.75690175
0.8377327
1.1849337
0.69742773
1.3275914
1.5480957
1.0454552
0.81100854
0.9419691
0.68306837
0.80685422
1
1
1
1
1
1
1
1
1
1
1
1
1
1
1
1
1
1
1
1
1
1
1
1
1
1
1
1
1
1
1
1
1.7701243
1.305266
1.5413011
1.5121005
1.4339033
2.0175071
1.5650026
1.0565367
0.99998186
1.0814928
1.3355837
1.428051
2.4209178
2.1976186
2.5028914
1.7513359
1
1
1
1
1
1
1
1
1
1
1
1
1
1
1
1
1
1
1
1
1
1
1
1
1
1
1
1
1
1
1
1
1
1
1
1
1
1
1
1
1
1
1
1
1
1
1
1
1.1391908
0.92463236
0.96242738
1.0541449
1.0217683
1.1630306
0.96517415
0.546217
1.4575602
1.0393186
2.0288955
1.3350968
1.0046736
0.8865508
0.53815096
0.68011882
1
1
1
1
1
1
1
1
1
1
1
1
1
1
1
1
1
1
1
1
1
1
1
1
1
1
1
1
1
1
1
1
1
1
1
1
1
1
1
1
1
1
1
1
1
1
1
1
1
1
1
1
1
1
1
1
0.90560361
0.96739005
0.90719402
1.102064
1.0486015
0.87602577
0.87614745
0.70502695
0.88054376
0.8589339
0.95425158
1.0925168
1.0642992
1.0592059
1.0579739
0.74347604
0.72725949
0.73426681
0.74933236
0.6953456
0.82693076
0.61630322
0.57113849
0.44550034
0.78439695
0.75957161
0.71283857
0.89584174
0.83916015
0.63437484
0.62726645
0.57071416
1.0317222
1.146788
1.0611583
0.99138152
0.9191002
0.93237006
0.85840442
0.67874667
0.70318867
0.61536217
0.97071863
0.96317664
1.085848
1.1016993
1.1012281
0.98578854
0.76487757
1.3177272
1.137885
1.2723936
1.0881922
1.1272142
0.97398099
0.7953413
1
1
1
1
1
1
1
1
1
1
1
1
1
1
1
1
1
1
1
1
1
1
1
1
1
1
1
1
1
1
1
1
0.54174947
1.0293491
1.0226664
1.2265645
0.9251169
0.98205665
0.63762836
0.74361602
1.054598
1.0914726
1.1169115
1.4304936
0.68121153
0.50604423
0.53928417
0.52665587
1
1
1
1
1
1
1
1
1
1
1
1
1
1
1
1
1
1
1
1
1
1
1
1
1
1
1
1
1
1
1
1
1
1
1
1
1
1
1
1
1
1
1
1
1
1
1
1
0.81004259
1.354251
1.2842967
1.2288031
1.6539412
1.383833
1.1527935
1.6968145
0.74642589
0.80725841
0.80653101
0.64668563
0.85721509
0.84588514
0.60257772
0.76751191
1
1
1
1
1
1
1
1
1
1
1
1
1
1
1
1
1
1
1
1
1
1
1
1
1
1
1
1
1
1
1
1
0.7547703
1.1752587
1.3166536
1.1737471
1.0750266
0.86860906
0.80839273
0.7784983
0.85570759
1.0652813
1.2764101
0.79156507
0.86295029
0.86365418
0.62694073
0.83179122
1
1
1
1
1
1
1
1
1
1
1
1
1
1
1
1
1
1
1
1
1
1
1
1
1
1
1
1
1
1
1
1
1
1
1
1
1
1
1
1
1
1
1
1
1
1
1
1
0.95453536
1.2876532
1.1286073
1.0665655
1.2077871
1.2553861
1.0375487
1.1147352
0.82676292
1.1211863
1.2327168
0.76712605
0.81916314
0.81449567
0.61699234
0.68072773
1
1
1
1
1
1
1
1
1
1
1
1
1
1
1
1
1
1
1
1
1
1
1
1
1
1
1
1
1
1
1
1
0.70573827
1.1228024
0.9414599
1.0440486
0.83532953
0.78266945
0.77144946
0.60488926
1.1029548
1.1327806
1.1254422
1.5713969
1.5165593
1.3228689
1.1883839
0.88072368
1
1
1
1
1
1
1
1
1
1
1
1
1
1
1
1
1
1
1
1
1
1
1
1
1
1
1
1
1
1
1
1
1
1
1
1
1
1
1
1
1
1
1
1
1
1
1
1
0.70438429
0.84317048
0.85609925
1.2099123
1.1463443
1.3683502
1.1014726
1.2354291
1.4819526
1.3066444
0.92668583
0.84568779
0.97442596
0.81304817
0.69046677
0.77559694
0.6302532
0.64758122
0.54007422
0.49194718
0.32429467
0.21363392
0.28318463
0.1845143
1.2031162
0.90271259
0.78919916
0.69186198
0.4605355
0.41412479
0.47741589
0.30576527
1.154562
1.0495917
0.90742831
0.70687115
0.54045116
0.43565261
0.31872816
0.21054478
0.94709094
0.95859461
1.0643556
0.70868425
0.58928635
0.45284159
0.40295983
0.2554892
0.93506701
1.0304935
1.3084446
1.0934635
0.95715009
0.80316523
0.82391116
0.65264003
1.0361471
0.97036822
1.1270589
1.2026036
1.1489163
1.0704943
0.97928904
0.60999647
0.88774318
1.0869002
1.4224756
1.2899922
1.2781468
1.4596183
1.4204962
1.640574
2.0007641
1.3269456
1.0535287
0.98232379
0.89116213
0.89684488
0.90258817
0.82106558
1
1
1
1
1
1
1
1
1
1
1
1
1
1
1
1
0.91351008
0.95722424
0.79040869
0.70828018
0.64404061
0.60577345
0.62372074
0.59756777
1.0050797
1.0255027
0.91376567
0.85529815
0.82744846
0.78996241
0.7342381
0.75670902
0.7501378
0.80414871
0.9717695
0.87493717
1.0343089
1.0445651
1.0572009
1.1312843
1.0492929
0.85627874
0.76825794
0.81617913
0.82673613
0.77506452
0.77892922
0.73483958
1.5514874
1.5159782
1.1756321
0.93809993
0.88525462
0.84135439
0.6502078
0.35138163
1.2655086
1.5156221
1.2456171
1.3856371
0.93922705
0.83783987
0.67226497
0.42614398
0.91555102
0.86195148
0.67947012
0.69321523
0.70376624
0.49813471
0.41111048
0.38197642
1.395657
0.99783254
1.0942125
0.79165599
0.67064268
0.57036526
0.51493177
0.30612156
1.1513731
1.2854781
1.0475384
1.068562
0.98058874
0.88384018
1.1017665
0.83386156
1.2695719
1.1184896
1.1757095
1.1518009
1.0097998
1.1021115
0.98647651
0.83270215
0.077629963
0.20778973
0.37904759
0.8889083
0.89996105
0.62868804
0.91133912
0.73001749
0.41265026
0.57298413
0.6897649
0.78120337
0.7049361
0.75055193
0.82009466
0.81176064
0.67067623
0.81604832
0.81512336
0.80612937
0.71374336
0.68662121
0.67051665
0.7135611
0.94300396
0.84977371
0.8817396
0.88924978
0.84941768
0.732403
0.76498018
0.85122761
1
1
1
1
1
1
1
1
1.1235288
0.9254455
0.78049773
0.87037224
0.89854048
0.75075355
0.91473922
0.85228119
1
1
1
1
1
1
0.99518501
0.99712641
1.2005948
1.3026233
1.1826758
1.071515
0.93757677
0.929787
0.8454933
0.90373764
1.7013736
1.9543676
2.0122506
2.0528073
1.9278591
1.6851642
1.3892871
0.687101
1.0848724
1.8323887
1.7207785
1.8289122
1.7540754
1.7369403
1.0601969
0.72707491
1.1829835
1.4935328
1.684842
1.6261958
1.5608456
1.2478117
0.79709302
0.46652803
2.3408846
1.6196614
2.2278652
1.8522664
1.6215347
1.2754127
0.97209305
0.53985853
1.1918411
1.2419516
1.3831765
1.255175
1.2336362
1.1921029
1.0988221
0.84979299
1.2330399
1.0566535
1.1184249
1.2224541
1.1668997
1.2747405
1.0963347
0.94675905
0.041195943
0.23487602
0.72969375
1.0993725
1.0197401
1.0612098
0.9768158
1.0792867
0.9696974
0.71437004
0.95799199
1.0972657
1.087844
0.98325129
0.96748355
0.77532165
1
1
1
1
1
1
1
1
1
1
1
1
1
1
1
1
0.82813873
0.92121304
0.91150633
0.92084376
0.87790683
0.78926044
0.85273806
0.79443813
1.0349595
1.1440748
1.1559852
1.1863228
1.149998
1.0578329
1.039988
0.83112314
1.2460877
0.85026756
0.89786776
0.89048924
0.91226828
0.99827386
0.97094124
0.84885118
0.88218481
0.93037601
1.153347
0.91093473
0.97719788
0.79666158
0.73739462
0.86550647
1
1
1
1
1
1
1
1
1
1
1
1
1
1
1
1
1
1
1
1
1
1
1
1
1
1
1
1
1
1
1
1
1.6176753
1.3569982
1.1588705
1.4355104
1.3536495
1.29169
1.0287807
0.73845919
1.1191506
1.0409214
1.1986702
1.3365148
1.277027
1.0038881
1.1208272
0.86209498
1
1
1
1
1
1
1
1
1
1
1
1
1
1
1
1
1
1
1
1
1
1
1
1
1
1
1
1
1
1
1
1
1
1
1
1
1
1
1
1
1
1
1
1
1
1
1
1
1.1646033
1.0832406
1.0516542
1.0454931
0.9821511
1.0127117
1.0062099
0.7963984
1.1268189
0.97041271
1.1860545
1.0821696
1.0394739
0.94036204
0.91048241
0.93246718
1
1
1
1
1
1
1
1
1
1
1
1
1
1
1
1
1
1
1
1
1
1
1
1
1
1
1
1
1
1
1
1
1.0947253
1.4789801
1.056736
1.2727919
1.3480703
1.2108183
1.0260721
0.77321862
0.87265888
1.2149396
1.2708533
1.3469807
1.4778517
1.3655947
1.2016284
0.81290598
1
1
1
1
1
1
1
1
1
1
1
1
1
1
1
1
1
1
1
1
1
1
1
1
1
1
1
1
1
1
1
1
1
1
1
1
1
1
1
1
1
1
1
1
1
1
1
1
1.3955206
1.2446931
0.75258753
0.8760495
0.55128187
0.70505923
0.73939844
0.5188195
0.63453915
1.1421692
1.2893315
0.96151172
0.7072531
0.9547795
0.7837502
0.90428767
1
1
1
1
1
1
1
1
1
1
1
1
1
1
1
1
1
1
1
1
1
1
1
1
1
1
1
1
1
1
1
1
1.8663523
1.4629261
1.6441321
1.2008237
1.5828795
1.4726046
1.085244
0.85397899
1.0020583
0.93103718
0.84930448
1.1213353
1.2183921
1.3132923
1.0400248
1.04658
1
1
1
1
1
1
1
1
1
1
1
1
1
1
1
1
1
1
1
1
1
1
1
1
1
1
1
1
1
1
1
1
1
1
1
1
1
1
1
1
1
1
1
1
1
1
1
1
3.1238585
1.0301932
0.8718259
0.88169157
0.72831965
0.94260979
0.50227049
0.41923933
1.6143697
1.2393171
1.1380907
1.1183555
0.83060496
0.95894939
0.70462708
1.0518417
1
1
1
1
1
1
1
1
1
1
1
1
1
1
1
1
1
1
1
1
1
1
1
1
1
1
1
1
1
1
1
1
1
1
1
1
1
1
1
1
1
1
1
1
1
1
1
1
1
1
1
1
1
1
1
1
0.70399941
0.69932911
0.59883205
0.63098314
0.49952385
0.37529275
0.39759525
0.39925658
1.1465278
1.0918736
1.0326626
0.96468111
0.81442828
0.76410222
0.74799153
0.57385329
0.62994323
0.64729465
0.55223219
0.45224707
0.43640781
0.31052009
0.31471392
0.28778915
0.73662794
0.61492714
0.47837893
0.51307084
0.40479113
0.28758148
0.2533412
0.28972597
0.84261678
1.0124694
0.77421754
0.60651631
0.45548816
0.42584512
0.4044738
0.37283399
0.73326563
0.57838707
0.922767
0.91071793
1.0530494
1.0629333
1.0181117
0.82688465
0.79332655
0.83464942
1.0359516
1.083889
0.8760167
0.91864794
0.73076286
0.53653384
1
1
1
1
1
1
1
1
1
1
1
1
1
1
1
1
1
1
1
1
1
1
1
1
1
1
1
1
1
1
1
1
1.1572274
2.383106
1.8887634
1.0334725
0.89275634
0.84258121
0.66284378
0.54416361
1.3903453
1.434161
0.97112609
1.4161214
0.70235357
0.61968309
0.54403392
0.35172797
1
1
1
1
1
1
1
1
1
1
1
1
1
1
1
1
1
1
1
1
1
1
1
1
1
1
1
1
1
1
1
1
1
1
1
1
1
1
1
1
1
1
1
1
1
1
1
1
0.91037876
1.4623315
1.337309
1.3275807
0.94871894
0.92518755
0.96218888
0.7234922
0.56167378
0.97834304
0.97931149
0.89098681
0.86366778
0.62944537
0.73756469
0.6440843
1
1
1
1
1
1
1
1
1
1
1
1
1
1
1
1
1
1
1
1
1
1
1
1
1
1
1
1
1
1
1
1
1.0034743
1.5177068
1.233168
0.90754052
0.99262447
0.73752669
0.71916653
0.60500878
1.5103082
1.3649698
1.797809
0.90296292
0.49111161
0.51167482
0.5427108
0.61583861
1
1
1
1
1
1
1
1
1
1
1
1
1
1
1
1
1
1
1
1
1
1
1
1
1
1
1
1
1
1
1
1
1
1
1
1
1
1
1
1
1
1
1
1
1
1
1
1
0.77213802
0.93832627
0.96484046
1.0760058
1.1420667
1.138495
1.0452974
0.80512342
0.86925919
1.5113949
0.82224682
0.68015038
0.80475087
0.71110016
0.63420935
0.64717031
1
1
1
1
1
1
1
1
1
1
1
1
1
1
1
1
1
1
1
1
1
1
1
1
1
1
1
1
1
1
1
1
0.73383564
1.0324955
0.79370809
0.78139813
0.68430661
0.60322222
0.43633528
0.46576336
1.1866093
1.1012509
1.3006395
1.4804262
1.2130113
0.91153921
0.87476904
0.7327088
1
1
1
1
1
1
1
1
1
1
1
1
1
1
1
1
1
1
1
1
1
1
1
1
1
1
1
1
1
1
1
1
1
1
1
1
1
1
1
1
1
1
1
1
1
1
1
1
0.63733152
0.91850617
0.96732591
1.1752673
1.253636
1.2591085
0.93231727
1.025505
0.55249913
1.3172312
0.99734971
0.85663347
0.71875531
0.70999408
0.62974989
0.69792853
1
1
1
1
1
1
1
1
1
1
1
1
1
1
1
1
1
1
1
1
1
1
1
1
1
1
1
1
1
1
1
1
0.99965804
1.1045898
1.0960757
0.80623336
0.59382833
0.56734053
0.58585851
0.4516207
1.4823171
1.302126
1.1425028
1.1357503
1.0997683
1.0491816
0.90032477
0.64010988
1
1
1
1
1
1
1
1
1
1
1
1
1
1
1
1
1
1
1
1
1
1
1
1
1
1
1
1
1
1
1
1
1
1
1
1
1
1
1
1
1
1
1
1
1
1
1
1
0.76825669
0.93756444
0.74477483
1.0420812
0.97375838
0.95341083
1.0662091
1.2268066
0.88619337
1.237064
0.92011296
0.80938242
0.82549307
0.77269637
0.63782186
0.73664408
0.8645222
0.80969973
0.57966704
0.37895549
0.28724524
0.29790883
0.23258126
0.21899676
0.71134122
0.72222015
0.79490298
0.45231612
0.49314082
0.43925874
0.29843475
0.29804721
1.0577935
0.861979
0.59975422
0.49284029
0.35934889
0.29870108
0.19324031
0.19299616
1.5041253
0.98705547
0.77541081
0.47112384
0.44406748
0.3498213
0.3474531
0.30220327
1.1434901
0.97979538
0.98085871
0.89432358
0.73862446
0.66565952
0.66755001
0.56911984
1.4745717
1.2584172
1.2059638
0.96305302
0.97986152
0.82958492
0.70635896
0.50270907
0.77314136
0.93980562
1.3093525
1.4587507
1.3341301
1.383195
1.2130873
1.5381762
1.8609453
1.1890419
0.94730228
0.88127638
0.86934972
0.84207654
0.88383824
0.79256972
1
1
1
1
1
1
1
1
1
1
1
1
1
1
1
1
1.2335354
0.97541465
0.66502401
0.5574666
0.48426454
0.45306873
0.43378569
0.69311993
0.89040206
1.0151128
0.86116889
0.79560835
0.79929594
0.71454222
0.75201321
0.7285124
0.86252185
0.76194547
0.77818228
0.77188689
0.93168802
0.82643128
0.93170834
0.85279122
0.81526606
1.1840801
0.87429853
0.63390143
0.73048974
0.66051299
0.55658296
0.79098023
1.378568
1.2718752
0.94809819
0.69729589
0.58264999
0.4781457
0.33822305
0.2345253
0.97279196
1.3510199
1.1799123
0.94317131
0.71670964
0.65552699
0.49574637
0.36486948
1.2655066
1.1216558
0.77716024
0.43471374
0.5420554
0.51047567
0.44615092
0.37432001
1.2947636
1.0921777
1.0013656
0.76391309
0.5832725
0.50089026
0.59959999
0.39497358
1.084651
1.3094171
1.0446129
0.99667392
1.0134108
0.93748913
0.97126166
0.75015605
1.0604596
1.0301152
1.0878682
0.97946829
0.90989621
0.88400072
0.84721872
0.69104974
0.16124486
0.346358
0.54772887
0.7118326
0.65504786
0.72498445
0.93255925
0.73933012
0.40031536
0.59232184
0.64013388
0.72001281
0.65870273
0.70476221
0.62619766
0.68162852
0.76829232
0.76540061
0.70020934
0.63955834
0.5956356
0.57568852
0.56996085
0.59250541
0.66548101
0.97973932
0.91243304
0.8482435
0.68512691
0.71144963
0.66811054
0.71730742
1
1
1
1
1
1
1
1
1.0558053
0.84807478
0.73954607
0.73344448
0.80271866
0.71185418
0.74659693
0.7356634
1
1
1
1
1
1
1
1
1.1869374
1.266012
1.1221421
0.98022822
0.88372917
0.85384021
0.81874312
0.68644506
1.9020345
1.8618151
1.8159004
1.3781119
1.1338289
0.84528105
0.55851108
0.34942327
1.9550949
2.0366468
1.8386565
1.1516216
1.1043217
0.79120482
0.64006183
0.44182298
1.0806698
1.6927743
1.4732243
1.1006693
0.9308938
0.54666295
0.37883509
0.41576245
2.0365669
1.9630368
2.0685398
1.3579723
1.0493414
0.73818102
0.73547469
0.37347138
1.4161017
1.2646458
1.2765471
1.2266338
1.111269
0.99691049
0.96618795
0.79472946
1.1312807
1.2629479
1.1690625
1.1282945
1.0889059
0.99619372
0.90020087
0.70932306
0.046682176
0.47727616
0.93148786
1.0945944
1.3495521
1.2022517
1.1358619
1.2030571
0.35438185
0.69024659
1.0095531
1.0100938
1.1626014
0.9850747
0.73736364
0.67870381
1
1
1
1
1
1
1
1
1
1
1
1
1
1
1
1
0.78688681
0.8457971
0.78826792
0.8767936
0.76394595
0.73349187
0.79847065
0.74716685
0.90975898
1.390252
1.2025047
1.1071886
0.956792
0.95806992
0.89806897
0.78832645
1.0604105
0.81679225
0.84512678
0.79063471
0.79828626
0.9068842
0.91290621
0.8699074
1.0461899
0.90511684
0.98214834
0.77085646
0.82579988
0.84071498
0.86676482
0.74868905
1
1
1
1
1
1
1
1
1
1
1
1
1
1
1
1
1
1
1
1
1
1
1
1
1
1
1
1
1
1
1
1
1.250934
1.4225207
0.94563872
1.2126318
1.0237234
0.91668193
0.80579212
0.53241647
0.7673044
0.97862131
0.96783489
1.1034482
1.0259998
0.86315133
0.75578268
0.47788618
1
1
1
1
1
1
1
1
1
1
1
1
1
1
1
1
1
1
1
1
1
1
1
1
1
1
1
1
1
1
1
1
1
1
1
1
1
1
1
1
1
1
1
1
1
1
1
1
0.94624246
0.93917064
1.0523341
0.79155763
0.83069254
0.70730857
0.66985262
0.68601535
0.94135452
1.1590924
1.2902977
0.9612044
0.81334094
0.92192888
0.67174084
0.67339578
1
1
1
1
1
1
1
1
1
1
1
1
1
1
1
1
1
1
1
1
1
1
1
1
1
1
1
1
1
1
1
1
1.3409172
1.5554433
1.0592415
1.0834172
1.0273211
0.95427821
0.69694404
0.43691462
1.1064318
1.2028345
1.5093849
1.4793491
1.1642978
1.1239804
1.0175568
0.54063226
1
1
1
1
1
1
1
1
1
1
1
1
1
1
1
1
1
1
1
1
1
1
1
1
1
1
1
1
1
1
1
1
1
1
1
1
1
1
1
1
1
1
1
1
1
1
1
1
1.1712536
0.93855539
0.5217594
0.54642978
0.46199144
0.54171343
0.39139471
0.34032916
1.1284863
0.97891889
0.92796989
1.0338656
1.0627381
0.8105202
0.84188789
0.899417
1
1
1
1
1
1
1
1
1
1
1
1
1
1
1
1
1
1
1
1
1
1
1
1
1
1
1
1
1
1
1
1
1
1
1
1
1
1
1
1
1
1
1
1
1
1
1
1
1
1
1
1
1
1
1
1
0.8620282
0.57000758
0.48137297
0.43415417
0.34069858
0.25494182
0.27552957
0.33111153
1.2762773
1.3762434
1.108261
0.8548009
0.65994162
0.5790663
0.57997978
0.48489939
0.58353862
0.53837884
0.3916434
0.27764748
0.25539596
0.20745228
0.22773437
0.25152621
0.80437076
0.52928083
0.33442138
0.2689117
0.18588597
0.12337069
0.12649049
0.21046307
0.65957883
0.92298489
0.59071202
0.4136176
0.30335901
0.28937958
0.28871743
0.30328252
0.84651357
0.73569236
0.98708008
0.84833196
0.83251707
0.77988698
0.7958148
0.63749367
0.67607216
0.86222855
0.84833835
0.88059935
0.72607458
0.78707692
0.60151572
0.42999179
1
1
1
1
1
1
1
1
1
1
1
1
1
1
1
1
1
1
1
1
1
1
1
1
1
1
1
1
1
1
1
1
1.2906579
1.8705837
1.0649177
0.65937364
0.86960278
0.52390004
0.56416046
0.74588635
0.97346113
1.1130234
1.2151474
0.9823961
0.68355879
0.66259
0.48631195
0.382165
1
1
1
1
1
1
1
1
1
1
1
1
1
1
1
1
1
1
1
1
1
1
1
1
1
1
1
1
1
1
1
1
1
1
1
1
1
1
1
1
1
1
1
1
1
1
1
1
0.77215093
0.83311731
0.98857138
1.0413908
0.92571367
0.91008826
0.92403606
0.835247
0.59104757
1.3237729
0.64576578
0.64789918
0.72408355
0.75072161
0.58456761
0.81731554
1
1
1
1
1
1
1
1
1
1
1
1
1
1
1
1
1
1
1
1
1
1
1
1
1
1
1
1
1
1
1
1
1.9157248
1.9077957
1.3138542
0.89342579
0.78195731
0.59819954
0.45540361
0.51100339
0.94510741
1.2776469
1.0368723
0.77856414
0.49696795
0.61249027
0.57434131
0.51392803
1
1
1
1
1
1
1
1
1
1
1
1
1
1
1
1
1
1
1
1
1
1
1
1
1
1
1
1
1
1
1
1
1
1
1
1
1
1
1
1
1
1
1
1
1
1
1
1
0.95159234
1.0684259
0.89369843
1.0081531
0.84087934
0.67662991
0.77799918
0.5924853
0.63011021
0.76404321
0.74131655
0.7580341
0.69856545
0.45775463
0.43256619
0.56721717
1
1
1
1
1
1
1
1
1
1
1
1
1
1
1
1
1
1
1
1
1
1
1
1
1
1
1
1
1
1
1
1
1.3772154
1.1734526
0.8652499
0.6744391
0.57512597
0.59770839
0.49171921
0.47788558
1.1401812
1.0845971
1.4170734
1.1252183
1.0552182
0.67855433
0.76164858
0.59247654
1
1
1
1
1
1
1
1
1
1
1
1
1
1
1
1
1
1
1
1
1
1
1
1
1
1
1
1
1
1
1
1
1
1
1
1
1
1
1
1
1
1
1
1
1
1
1
1
0.99281499
1.0582554
0.93668458
0.94519478
0.99378248
0.74527151
0.64399555
1.0356472
0.93492876
1.336996
0.81436078
0.70525556
0.6557435
0.72077166
0.60881706
0.52203358
1
1
1
1
1
1
1
1
1
1
1
1
1
1
1
1
1
1
1
1
1
1
1
1
1
1
1
1
1
1
1
1
1.2518671
0.96021615
0.68922538
0.56504933
0.44593473
0.45459416
0.37356571
0.3650243
0.91289454
1.2424398
0.94699465
1.0016662
0.85538985
0.76779977
0.67351796
0.50584296
1
1
1
1
1
1
1
1
1
1
1
1
1
1
1
1
1
1
1
1
1
1
1
1
1
1
1
1
1
1
1
1
1
1
1
1
1
1
1
1
1
1
1
1
1
1
1
1
0.79824348
1.0645075
0.90334672
1.020587
1.019889
1.0313439
0.79341754
0.79994684
0.81697314
0.88442798
0.98291603
0.75517395
0.6448212
0.70219912
0.67141151
0.68056837
1
1
1
1
1
1
1
1
1
1
1
1
1
1
1
1
1
1
1
1
1
1
1
1
1
1
1
1
1
1
1
1
0.83117415
0.89293737
0.72020536
0.64406228
0.5552893
0.51469354
0.43553428
0.4222472
1.2117506
1.2494823
1.079297
0.90558657
0.92301211
0.73638215
0.56828785
0.4506875
1
1
1
1
1
1
1
1
1
1
1
1
1
1
1
1
1
1
1
1
1
1
1
1
1
1
1
1
1
1
1
1
1
1
1
1
1
1
1
1
1
1
1
1
1
1
1
1
0.58677922
0.8190619
0.71927599
0.94387834
0.75424101
0.92460584
0.81266418
0.91036055
0.94944496
1.0615244
0.82860522
0.697527
0.61839914
0.65429412
0.54125988
0.66265425
0.79170691
0.73613227
0.54651909
0.45554449
0.3663307
0.35561399
0.28739069
0.26073461
0.59104435
0.67696274
0.64673902
0.61969674
0.51781699
0.64527909
0.55571282
0.4549565
0.92195532
0.60712646
0.38828561
0.34342504
0.25374289
0.26896925
0.19503293
0.24047912
0.95078007
0.74160233
0.77012439
0.51321241
0.48716383
0.49229124
0.38097411
0.33669059
1.3314061
0.98788848
0.90572707
0.77218128
0.6273027
0.60170311
0.64372339
0.50038131
1.2891036
1.191167
1.079117
0.84513856
0.85812624
0.7131437
0.61610539
0.38739721
0.76229814
0.99826494
1.3568241
1.2254873
1.1481882
1.3763774
1.2290289
1.3208802
2.6897201
1.0886816
0.89057127
0.837895
0.83720465
0.95290881
0.86356161
0.87755512
1
1
1
1
1
1
1
1
1
1
1
1
1
1
1
1
1.1919269
0.81420494
0.59816685
0.48114293
0.46049657
0.35332482
0.34447248
0.48708716
1.0240764
0.95490237
0.83677184
0.79820855
0.69898297
0.69514503
0.74583628
0.69806803
0.98156997
0.77676718
0.8671703
0.81620021
0.87592924
0.74091294
0.95391173
0.75132042
0.78596039
1.0541298
0.72322425
0.67853938
0.6780944
0.62634102
0.46709213
0.59001282
1.2832637
1.11272
0.76780789
0.44754035
0.32317873
0.27514729
0.20715613
0.17482285
1.0243696
1.0045153
0.97110422
0.70984255
0.45367779
0.37603605
0.34100703
0.4569826
1.136344
0.96059272
0.67357248
0.46233508
0.46570285
0.4011641
0.42030374
0.28346993
1.4230207
0.813453
1.0024937
0.54616546
0.61531681
0.40883578
0.57434747
0.4357514
1.5736612
1.3958272
1.1254647
1.2029386
0.95718275
0.90898094
0.95363541
0.8198337
1.2090437
1.1423571
1.0744643
0.92238468
0.8829962
0.7826282
0.73873779
0.53882023
0.47170861
0.92416049
0.7026924
0.83376201
0.82388247
0.85307442
1.1712673
0.84384741
0.46728844
0.76000533
0.69789848
0.73622564
0.71005228
0.57211805
0.59689534
0.64406508
0.73001172
0.77673677
0.65125987
0.54620136
0.46674789
0.43469387
0.47250309
0.58561083
1.1536513
0.91232796
0.88145003
0.80737711
0.70132635
0.64151105
0.62451609
0.78734155
1
1
1
1
1
1
1
1
0.95591528
0.85555696
0.82391
0.9306321
0.73636619
0.78034844
0.86643835
0.80201311
1
1
1
1
1
1
1
1
1.2368391
1.2491805
1.0654375
1.0115478
0.89602826
0.88581099
0.80466117
0.58656384
1.8551488
1.5373932
1.2718363
0.82407482
0.57126321
0.45569158
0.37301865
0.26311224
1.4784776
1.0157216
1.5148727
1.0997998
0.84933463
0.83700617
0.55932481
0.60576082
0.98312468
1.0266912
0.77792138
0.76140658
0.43225556
0.25369997
0.2328233
0.23137394
2.6002081
2.0308613
1.7289782
0.778838
0.8377648
0.79874666
0.7333651
0.42517209
1.6760288
1.3920328
1.1809148
0.9933331
0.85306874
0.79085311
0.78068511
0.57529242
1.1266917
1.4037895
1.2998451
1.0696758
1.0421905
0.80694457
0.77736203
0.57301162
0.26955524
1.3616398
2.3008073
1.8476781
1.6523599
1.2111112
1.1139352
1.1508298
0.81137205
1.3928583
1.4430682
1.1425347
1.1574074
1.0008047
0.957676
0.69698802
1
1
1
1
1
1
1
1
1
1
1
1
1
1
1
1
0.8101012
0.84645475
0.82857616
0.70946372
0.75190069
0.53617362
0.58861816
0.62752364
1.2717583
1.721476
1.3206251
0.95273145
0.78080149
0.88104555
0.92210899
0.68953166
1.0437044
0.8870085
0.6948191
0.74124805
0.71172074
0.87108156
0.65690367
0.80508641
1.0664966
1.0738671
0.96429683
0.61038185
0.59013906
0.51348537
0.48873241
0.46800781
1
1
1
1
1
1
1
1
1
1
1
1
1
1
1
1
1
1
1
1
1
1
1
1
1
1
1
1
1
1
1
1
0.74415044
1.2086185
0.76367566
0.98349617
0.7742721
0.50931784
0.61592578
0.41218597
1.5430848
1.3340904
1.1272675
0.80713507
0.99761727
0.78910016
0.49975782
0.43474288
1
1
1
1
1
1
1
1
1
1
1
1
1
1
1
1
1
1
1
1
1
1
1
1
1
1
1
1
1
1
1
1
1
1
1
1
1
1
1
1
1
1
1
1
1
1
1
1
0.84436274
0.70275828
0.80753967
0.72834201
0.76729865
0.95211253
0.83990377
0.51218921
0.64997181
1.1557299
1.6727764
0.89213853
0.68005345
0.84726833
0.61039021
0.48572983
1
1
1
1
1
1
1
1
1
1
1
1
1
1
1
1
1
1
1
1
1
1
1
1
1
1
1
1
1
1
1
1
1
1
1
1
1
1
1
1
1
1
1
1
1
1
1
1
1
1
1
1
1
1
1
1
0.81375709
0.520813
0.33099376
0.28879996
0.24283281
0.17992158
0.19721407
0.25043414
1.4240522
1.2766053
0.98053306
0.70652401
0.53998808
0.47480323
0.43965528
0.35607052
0.58675137
0.36225955
0.29204284
0.2136766
0.21874319
0.1733771
0.16704183
0.19967223
0.52558703
0.42989116
0.23212842
0.16120125
0.10297254
0.074071724
0.083445164
0.15857425
0.5380064
0.84564745
0.49260829
0.29649358
0.22237015
0.22027582
0.18353424
0.24114927
1.0027232
0.84553526
1.0667076
0.76034772
0.70776056
0.66602809
0.66468699
0.46892053
0.84901742
0.94528208
0.76828491
0.75768822
0.64608191
0.70281011
0.49527382
0.32603523
1
1
1
1
1
1
1
1
1
1
1
1
1
1
1
1
1
1
1
1
1
1
1
1
1
1
1
1
1
1
1
1
1.2042141
1.4165377
1.1654336
1.2389211
1.0578669
0.67208495
0.6931546
0.65056923
0.99965327
0.96668927
1.2192377
0.88792403
0.86301191
0.48861611
0.4490893
0.49204929
1
1
1
1
1
1
1
1
1
1
1
1
1
1
1
1
1
1
1
1
1
1
1
1
1
1
1
1
1
1
1
1
1
1
1
1
1
1
1
1
1
1
1
1
1
1
1
1
0.88010544
0.8940521
0.88431435
0.91618011
0.95698561
0.90288869
0.94426324
0.89883362
0.62763347
1.0379537
0.54507813
0.41472234
0.69320849
0.46417528
0.75380218
0.60358602
1
1
1
1
1
1
1
1
1
1
1
1
1
1
1
1
1
1
1
1
1
1
1
1
1
1
1
1
1
1
1
1
1.2701163
2.2238274
0.72297777
0.92106644
0.98543102
0.63342606
0.75344443
0.4983494
0.9996694
1.1207282
0.73005405
0.45561697
0.74649349
0.62236498
0.3687346
0.45188807
1
1
1
1
1
1
1
1
1
1
1
1
1
1
1
1
1
1
1
1
1
1
1
1
1
1
1
1
1
1
1
1
1
1
1
1
1
1
1
1
1
1
1
1
1
1
1
1
0.88975173
1.4496441
0.86743308
0.90206198
0.92391571
1.0439039
0.89741213
0.81202291
0.72704194
0.68137212
0.5135789
0.51259544
0.68317722
0.66341352
0.63378275
0.66666433
1
1
1
1
1
1
1
1
1
1
1
1
1
1
1
1
1
1
1
1
1
1
1
1
1
1
1
1
1
1
1
1
2.1297916
1.9537909
1.2556832
0.81164924
0.66300112
0.53222563
0.48107052
0.44428731
1
0.88620066
0.9945113
0.77015628
0.94180037
0.71173555
0.67338289
0.55484331
1
1
1
1
1
1
1
1
1
1
1
1
1
1
1
1
1
1
1
1
1
1
1
1
1
1
1
1
1
1
1
1
1
1
1
1
1
1
1
1
1
1
1
1
1
1
1
1
0.88451638
0.62737333
0.72062833
0.68387029
0.6037719
0.87744811
0.85639909
0.74444246
0.41902653
0.78493311
0.85770773
0.62389347
0.68631355
1.0045965
0.66914869
0.60495188
1
1
1
1
1
1
1
1
1
1
1
1
1
1
1
1
1
1
1
1
1
1
1
1
1
1
1
1
1
1
1
1
1.276197
1.0748566
0.71443367
0.61076779
0.5698371
0.53886826
0.43503962
0.45651802
0.97248844
0.87147351
0.98074247
1.2478756
0.75507903
0.60789188
0.64747757
0.50490879
1
1
1
1
1
1
1
1
1
1
1
1
1
1
1
1
1
1
1
1
1
1
1
1
1
1
1
1
1
1
1
1
1
1
1
1
1
1
1
1
1
1
1
1
1
1
1
1
1.5469786
0.72044125
0.99188348
0.58808007
0.81396883
0.59848439
0.65618177
0.64997318
0.44509046
1.0779862
0.76745514
0.76117961
0.79590454
0.81177257
0.82679047
0.75131021
1
1
1
1
1
1
1
1
1
1
1
1
1
1
1
1
1
1
1
1
1
1
1
1
1
1
1
1
1
1
1
1
1.1044865
0.79629699
0.68705383
0.54054551
0.4466935
0.37892618
0.34799731
0.28687808
0.97297142
1.2420151
1.018208
0.87924374
0.69294803
0.62631488
0.52704438
0.36811793
1
1
1
1
1
1
1
1
1
1
1
1
1
1
1
1
1
1
1
1
1
1
1
1
1
1
1
1
1
1
1
1
1
1
1
1
1
1
1
1
1
1
1
1
1
1
1
1
0.71454353
0.83196986
0.68413217
0.82619757
0.96087571
0.88026808
0.57145004
0.83078422
0.6257202
0.84805566
1.0579518
0.86078523
0.72224868
0.71201903
0.58349059
0.83639941
1
1
1
1
1
1
1
1
1
1
1
1
1
1
1
1
1
1
1
1
1
1
1
1
1
1
1
1
1
1
1
1
0.78005133
0.87482443
0.57413369
0.59992229
0.41106111
0.45777626
0.4741266
0.33363434
0.95351
0.96927501
0.84470816
0.72906717
0.75861659
0.57284617
0.51075003
0.30041057
1
1
1
1
1
1
1
1
1
1
1
1
1
1
1
1
1
1
1
1
1
1
1
1
1
1
1
1
1
1
1
1
1
1
1
1
1
1
1
1
1
1
1
1
1
1
1
1
0.74839267
0.8490914
0.74270236
0.66969231
0.6812985
0.75460542
0.5986425
0.64982089
0.75428482
0.73710111
0.73476409
0.65850994
0.60026179
0.52189505
0.65507211
0.6657663
0.78260528
0.64314503
0.4936257
0.38795808
0.30951526
0.28965446
0.33002153
0.2526269
0.71726752
0.92392018
0.66312421
0.74393653
0.87447609
0.39431601
0.72271512
0.40472277
0.79651979
0.40537636
0.22725037
0.26437618
0.19980016
0.16732602
0.23056515
0.27427632
0.80890644
0.70340256
0.66600833
0.51782527
0.51345546
0.45011122
0.55419223
0.33128336
1.0348374
0.83632676
0.80070514
0.79939016
0.64125366
0.57487788
0.57455802
0.50821632
1.0104259
1.150886
0.97970864
0.77457038
0.78533078
0.64016362
0.49581859
0.3869778
0.44962488
0.45244494
0.93087887
0.9709637
0.96351241
1.2095522
1.3275172
1.2477922
2.6706941
1.032906
0.92747338
0.9961764
0.88832774
0.89193709
1.0106738
0.84516551
1
1
1
1
1
1
1
1
1
1
1
1
1
1
1
1
1.4678042
0.96818112
0.62887591
0.57391968
0.49580722
0.33104903
0.39757999
0.42599202
1.1380044
0.98473567
0.78500714
0.71362953
0.48297815
0.56851169
0.63171588
0.53677108
0.81299955
0.82990401
0.83579312
0.91616776
0.82312253
0.80736642
0.74170416
0.6301753
0.68959725
0.86929925
0.96076012
0.94014751
0.92037118
0.72702424
0.9797579
0.61560043
1.1839004
0.8242423
0.5355489
0.32107842
0.21315445
0.17757839
0.15642774
0.13538046
1.4320122
1.059288
0.77483905
0.54077934
0.37472731
0.249793
0.34782606
0.31127879
0.78000105
0.52917277
0.42843696
0.41090496
0.36897168
0.49805038
0.39815559
0.39700683
1.3032753
0.79597372
0.83427903
0.77392008
0.50683139
0.39469529
0.36307711
0.39805929
1.7436677
1.2469707
1.0735032
1.0081175
0.83678653
0.72286694
0.97123149
0.66560581
1.3708422
1.144187
1.0455769
0.91589551
0.8450259
0.720683
0.58668104
0.42461451
0.97169824
0.68375994
0.49657558
1.026883
1.1422591
1.5288842
1.4891627
0.85415131
0.76354786
1.2878959
1.0785609
0.97236373
0.82076047
0.54317075
0.76822477
0.94602231
0.71063335
0.65011664
0.47372806
0.35229016
0.30078444
0.25559313
0.251388
0.36714507
0.57851429
0.77927354
0.7832313
0.72155431
0.56745416
0.58680764
0.52931209
0.61409755
1
1
1
1
1
1
1
1
1.8301401
1.2051143
1.0034998
0.79885554
0.79830894
0.60497371
1.18834
0.79013827
1
1
1
1
1
1
1
1
1.4794059
1.4411561
1.2549715
0.98100277
0.76693978
0.89469702
0.66567478
0.55203762
1.330847
0.9944178
0.50859519
0.41505479
0.29346299
0.29085413
0.30567133
0.33035426
1.1169184
1.370977
1.0284473
0.93949217
0.67578984
0.79299218
0.64397005
0.47916049
0.79428782
0.86283507
0.87442102
0.64095399
0.72681613
0.74353084
0.74353822
0.43740027
0.96561249
1.2572645
1.0358953
1.3590154
0.74329147
0.78867247
0.7973557
0.85199719
1.2978101
1.1137205
0.90004564
0.81432039
0.71336279
0.5761504
0.51203764
0.44934294
1.308969
1.4345482
1.1788757
0.94084567
1.0179643
0.9116554
0.62898546
0.38557667
0.88627731
0.89309246
1.0763267
1.3950426
1.3886817
1.2831747
1.0284523
1.179752
1.0812492
1.2603225
0.94414472
0.90495457
1.1594868
1.0960918
1.5780368
1.2787964
1
1
1
1
1
1
1
1
1
1
1
1
1
1
1
1
1.568047
0.80310638
0.65325758
0.41549737
0.33887453
0.31385946
0.48587278
0.49936354
1.4573453
1.5916446
1.2877021
1.3589098
1.1095939
0.6340631
0.87552622
0.69113605
0.81246435
0.55761835
0.66979966
0.55312847
0.53386002
0.93718992
0.71522465
0.63310873
1.0321358
1.3580976
0.58758494
0.95913714
0.50565029
0.61500375
0.44234538
0.61405366
1
1
1
1
1
1
1
1
1
1
1
1
1
1
1
1
1
1
1
1
1
1
1
1
1
1
1
1
1
1
1
1
1
1
1
1
1
1
1
1
1
1
1
1
1
1
1
1
1
1
1
1
1
1
1
1
0.75943351
0.45914114
0.30939001
0.31211986
0.17881622
0.16737011
0.1498185
0.14856336
1.4804701
1.1585852
0.79083616
0.58369776
0.44526651
0.35634248
0.35508835
0.25199695
0.48430043
0.26311094
0.20801284
0.19593467
0.13619411
0.10895061
0.11794323
0.12567702
0.69948766
0.35538193
0.16599107
0.13177863
0.064229658
0.060795452
0.048143869
0.11200214
0.51525633
0.50713908
0.34503963
0.21460957
0.2092532
0.15221205
0.12705204
0.160932
1.5721014
0.95098277
0.95857399
0.62799518
0.56086601
0.51250869
0.51858955
0.33151909
0.88902333
1.0357468
0.73023611
0.7882111
0.62497128
0.61098609
0.40987798
0.29434025
1
1
1
1
1
1
1
1
1
1
1
1
1
1
1
1
1
1
1
1
1
1
1
1
1
1
1
1
1
1
1
1
1
1
0.88704861
0.99768727
0.95922932
1.0552161
0.8175232
0.74634244
1
0.99626624
0.94689432
1.1074545
0.95118762
0.57122636
0.55513016
0.57122612
1
1
1
1
1
1
1
1
1
1
1
1
1
1
1
1
1
1
1
1
1
1
1
1
1
1
1
1
1
1
1
1
1
1
1
1
1
1
1
1
1
1
1
1
1
1
1
1
1
1
0.99829938
0.99998765
0.9994133
0.99883366
0.99142929
0.97482408
0.88636648
0.9040909
0.90589208
0.92428553
0.86531182
0.88500801
0.79756525
0.59161249
1
1
1
1
1
1
1
1
1
1
1
1
1
1
1
1
1
1
1
1
1
1
1
1
1
1
1
1
1
1
1
1
2.1679557
1.0844962
1.2980802
0.56557529
0.80714589
0.79517276
0.67337986
0.46384336
1
0.9958183
0.9929894
0.9221898
0.97821862
0.62296975
0.51309534
0.64550998
1
1
1
1
1
1
1
1
1
1
1
1
1
1
1
1
1
1
1
1
1
1
1
1
1
1
1
1
1
1
1
1
1
1
1
1
1
1
1
1
1
1
1
1
1
1
1
1
0.99143155
0.98971464
0.98816243
0.98898947
0.99215234
0.98671028
0.98754186
0.96173483
0.76909882
0.68345085
0.62100101
0.52004907
0.4860691
0.59537433
0.88880125
0.60815414
1
1
1
1
1
1
1
1
1
1
1
1
1
1
1
1
1
1
1
1
1
1
1
1
1
1
1
1
1
1
1
1
1.6975094
2.3439076
0.65743625
0.68707482
0.54008455
0.52802438
0.5953763
0.59305126
1
0.85000477
0.87838945
1.0260495
0.70832663
0.68748143
0.6376889
0.73059626
1
1
1
1
1
1
1
1
1
1
1
1
1
1
1
1
1
1
1
1
1
1
1
1
1
1
1
1
1
1
1
1
1
1
1
1
1
1
1
1
1
1
1
1
1
1
1
1
0.98528557
0.96859912
0.95605012
0.95952342
0.93311408
0.84866263
0.91121857
0.74891237
0.8721491
0.98282093
1.0277872
0.90732081
0.69538269
1.3631767
0.83047242
1.3913289
1
1
1
1
1
1
1
1
1
1
1
1
1
1
1
1
1
1
1
1
1
1
1
1
1
1
1
1
1
1
1
1
1.2234733
1.5515766
1.2977505
0.53490793
0.47316473
0.41707851
0.52659347
0.53611265
1
0.98319823
1.2387754
0.97542938
0.68008773
0.48117623
0.58573687
0.59354208
1
1
1
1
1
1
1
1
1
1
1
1
1
1
1
1
1
1
1
1
1
1
1
1
1
1
1
1
1
1
1
1
1
1
1
1
1
1
1
1
1
1
1
1
1
1
1
1
1.1267286
1.1308806
1.0580081
0.82048741
1.021518
0.88639207
0.84076506
1.3173933
0.53784125
0.93336476
1.0485518
0.75328953
0.55582114
1.0563211
0.94178826
0.88577788
1
1
1
1
1
1
1
1
1
1
1
1
1
1
1
1
1
1
1
1
1
1
1
1
1
1
1
1
1
1
1
1
0.68471433
0.80493622
0.51584192
0.57350217
0.47571618
0.42070256
0.44241336
0.32588361
0.99665283
0.88648513
0.66704214
1.0283611
0.59318924
0.60056031
0.5176937
0.36254051
1
1
1
1
1
1
1
1
1
1
1
1
1
1
1
1
1
1
1
1
1
1
1
1
1
1
1
1
1
1
1
1
1
1
1
1
1
1
1
1
1
1
1
1
1
1
1
1
1.0339053
0.88296995
1.3946774
0.60539468
0.78319939
0.65229031
0.69274852
0.59809096
1.1870367
1.4197599
1.1507215
0.86453918
0.90637287
0.86282752
1.0518063
0.853659
1
1
1
1
1
1
1
1
1
1
1
1
1
1
1
1
1
1
1
1
1
1
1
1
1
1
1
1
1
1
1
1
0.99789804
0.89195587
0.70560526
0.54991578
0.37984565
0.28018516
0.35463971
0.26351632
1.4122139
0.69249588
0.64705209
0.56990853
0.60795079
0.50284726
0.39657284
0.24260477
1
1
1
1
1
1
1
1
1
1
1
1
1
1
1
1
1
1
1
1
1
1
1
1
1
1
1
1
1
1
1
1
1
1
1
1
1
1
1
1
1
1
1
1
1
1
1
1
0.8640337
0.99788589
0.88809239
0.67640028
0.88462465
0.53789454
0.58482295
0.54571676
0.63902946
0.98665138
1.2093167
1.1519154
0.87880844
1.0988273
1.3683097
0.98523389
1
1
1
1
1
1
1
1
1
1
1
1
1
1
1
1
1
1
1
1
1
1
1
1
1
1
1
1
1
1
1
1
1.2967347
0.86478507
0.81058022
0.77431951
0.62155208
0.47256946
0.41663714
0.40051314
0.92405494
0.79219207
0.79389237
0.59263644
0.6858538
0.48421428
0.46834716
0.30875998
1
1
1
1
1
1
1
1
1
1
1
1
1
1
1
1
1
1
1
1
1
1
1
1
1
1
1
1
1
1
1
1
1
1
1
1
1
1
1
1
1
1
1
1
1
1
1
1
0.8863452
1.0426783
0.71271408
0.79629807
0.67308526
0.63051921
0.47042993
0.44709041
0.7964494
0.85205981
1.0974286
1.341409
0.88938119
0.81311444
0.71534126
0.76267017
0.96459677
0.74535848
0.41231101
0.42369937
0.30521058
0.28490238
0.24153546
0.17648613
1.137554
0.81857879
0.82819963
1.3958208
1.1092972
0.55889852
0.73196318
0.4866073
0.64317089
0.4315314
0.24775374
0.23193518
0.16115871
0.21134886
0.23286573
0.2242353
1.5031452
0.64733814
0.90274587
0.73484482
0.6191231
0.53770879
0.51931365
0.48352305
1.2820433
1.0386989
0.9360042
0.72506525
0.67649523
0.52464743
0.5425372
0.37283155
0.95820724
1.1448997
0.95503232
0.71988385
0.77128707
0.64518281
0.43290572
0.31077833
0.59301943
0.62205978
0.802524
1.1571984
1.0137098
1.223614
1.2506439
1.1764413
2.7667282
0.81275159
1.1847112
0.95253928
0.96196608
1.2002541
0.78113227
0.80649866
1
1
1
1
1
1
1
1
1
1
1
1
1
1
1
1
1.5201757
1.232889
0.71088655
0.66016898
0.6936691
0.54206896
0.47970698
0.43997093
0.97183258
0.76541824
0.73975832
0.58060796
0.68646274
0.72941823
0.54337927
0.51367155
2.3793295
1.5236738
1.1830616
0.86084985
0.71562089
0.53776756
0.65181943
0.66201456
0.47116686
1.0602333
1.1785633
1.0308542
0.98337734
0.91475268
1.3495907
1.0164043
1.2025214
0.67470612
0.37067467
0.22200379
0.18013614
0.25328224
0.21740543
0.17576445
0.92800142
0.8419602
0.62502718
0.54900297
0.33119088
0.34240205
0.34250807
0.31952821
0.94197524
0.66307278
0.60502934
0.46164102
0.52938441
0.53820437
0.57327846
0.50724063
0.98839288
1.1390609
0.81010274
0.7929919
0.70335652
0.63076069
0.65183825
0.54318631
1.6813639
1.1362693
0.76296502
0.88798828
0.62715155
0.67742172
1.0672829
0.50385985
1.1884582
1.2268552
0.97965537
0.8498283
0.8687411
0.69134451
0.61377354
0.40046051
0.99347415
0.98026315
0.89342476
0.90838638
0.76609825
1.232567
1.7063285
1.0361961
0.90523948
1.232088
0.87393165
0.77656346
0.71939917
0.95890064
0.93291567
0.83567264
0.57214575
0.49945023
0.32075766
0.20693701
0.16735749
0.22771051
0.20858388
0.19544939
0.69875392
0.77751681
0.74935009
0.77988825
0.72636178
0.74849382
0.50520077
0.40000488
1
1
1
1
1
1
1
1
1.0855445
1.0188243
0.90967972
0.82702696
0.84241115
0.75980826
1.3362702
0.64053452
1
1
1
1
1
1
1
1
1.5041915
2.0245775
1.0598325
0.96234564
0.74250605
1.0635001
0.70384007
0.60056524
1
1
1
1
1
1
1
1
1
1
1
1
1
1
1
1
1
1
1
1
1
1
1
1
1
1
1
1
1
1
1
1
1
1
1
1
1
1
1
1
1
1
1
1
1
1
1
1
1
1
1
1
1
1
1
1
0.92600454
0.67293561
0.6225712
0.47920762
0.3521722
0.15589388
0.15449297
0.13528348
1.1786746
0.69853976
0.49633774
0.47592708
0.31474407
0.34048329
0.33858816
0.22975171
0.43225799
0.29421241
0.16504871
0.16340552
0.18197181
0.14797551
0.14481035
0.07720393
1.2104955
0.37386425
0.32023452
0.18962065
0.14074285
0.084785235
0.09032725
0.093272318
0.63751462
0.78915566
0.32522077
0.22596653
0.23476051
0.20630088
0.17525671
0.11737934
1.3008338
1.014003
0.93142025
0.69863402
0.49415131
0.4186845
0.5087987
0.30793232
0.72110007
0.88856598
0.6985894
0.67084116
0.55875506
0.51631525
0.3258249
0.24498529
