0.93741209
0.99052339
1.1381752
3.0784433
0.86213806
0.9992719
0.96224076
2.276628
0.99436689
1
0.89983348
2.1995347
1.1931227
1
0.79677703
2.183773
0.89820074
3.9111377
0.92586954
3.1871277
1.1547454
0.34362656
0.67506036
1.5560257
0.66430933
1.1586459
0.77204212
1.5813904
0.97362689
4.896125
0.75682797
5.5682183
1.186876
0.84230299
1.089842
1.1195351
0.89113964
1.2986731
1.3449807
2.351854
0.98724074
1.5354035
1.0903617
2.2845143
0.84226628
2.6156664
0.69380848
2.9482641
1.2055879
2.6373089
1.0784423
2.8935191
1.2516004
0.28032278
0.35935803
0.60952184
0.97751957
1.1993097
0.98506191
0.98959043
0.76233517
2.3735077
1.467859
0.99999218
1.2023175
1.4022626
1.4097236
0.99241678
1.101665
1.2429003
1.2958599
1
1.8626182
0.9137304
2.3471684
1.3797091
2.5024318
2.274048
1.0284289
0.43062756
1.4362235
1.2840124
0.80699631
1.1153791
0.68944823
1.6851728
1.7942425
1.0234379
4.9503134
2.7684816
0.67810857
0.5649856
1.223029
0.97180202
1.27641
1.0180008
1.9727015
1.5790685
0.88929709
0.76108522
1.8078767
1.2172458
0.7474476
0.81891799
1.922631
1.1876311
1.1992034
0.8200197
3.1154006
1.6165023
0.79616983
0.26054494
3.4691497
0.699187
0.92009315
1.2306539
0.95970938
1
0.88968381
2.1800624
1.0282189
0.99971857
0.99985606
0.77757773
0.91542513
1
0.98402601
0.76629132
0.83951703
1
0.95011399
0.69267398
0.90345633
0.99077784
0.975694
1.1381034
0.97361691
0.80685331
0.99868656
1.2748203
1
1.189915
0.98678103
1.5130413
1.052837
0.77108084
1.0132527
2.2063524
0.7662147
0.6482819
1.0974019
1.151957
0.96211105
0.81802966
1.0436924
0.96527878
0.88826625
0.89534369
1.1613182
2.0608647
0.83812446
0.75889554
2.1435675
1.3389911
0.95737498
0.52445336
1.1456493
1.2190526
0.99257206
0.3569405
1.0274635
0.55334487
1.1233292
1.5600422
1.1945852
1
1.0747988
1.5702592
0.81228413
1
1.0570049
0.82507905
1.1404396
1
1.0794951
0.73357515
0.93392869
0.99999999
1.3943875
0.94049002
1.0784178
0.98748901
1.0072394
0.75188197
1.3146429
0.93989562
1.2047758
0.38336593
0.62449428
1
0.58459751
1
0.67286788
1.3772357
0.61853063
0.62129029
0.97785321
0.69306723
1.294644
0.99023904
0.74227705
1.1078257
0.73392883
0.90940757
0.86682238
1.0904066
0.97917997
0.77110962
0.82609024
1.0840165
0.65582928
0.98500627
1.4106682
0.75442414
1.1442367
0.40385468
1.349472
0.65112758
0.46482059
0.27310572
0.98067287
1.3216226
0.8331476
0.99883913
1.1212449
1.9083482
0.79896378
1
1.0394812
1.3772882
0.97426027
1
0.89261532
2.4620909
1.1461714
0.99999995
0.91039165
1.3880125
1.530799
1.1212636
1.2709332
0.84981122
0.99162329
0.89356776
1.6322601
0.66961703
0.62114325
1
0.62567641
1
1.1600067
1.9677006
1.0954797
2.1805886
0.78757657
0.68274754
1.208503
1.0790286
0.74129743
0.94527708
1.1226371
0.73187265
1.0423984
2.1559888
1.4997845
1.2295796
0.86708164
1.39236
1.0868072
1.4561569
1.1781865
0.94593398
1.4679483
0.86152931
1.0766747
0.39370075
0.67449577
0.080152661
0.91045214
1.2539973
1.3470523
1
0.99933407
1.4316377
1.058311
1
1
0.99328845
1.0648893
0.99772058
0.99845311
1.7580973
1.0747148
1
0.98397931
1.0977436
0.97482086
1.2256504
0.84268471
0.96734851
0.97778711
0.93873275
0.99269105
0.95900583
1
1
0.95070865
1
2.1195057
1.1844092
2.1891822
1.5355955
1.0096323
0.50333088
1.4895101
1.1647768
0.76762774
1.0193768
1.6717553
0.94797434
1.0262679
0.98859884
2.0841993
1.1423296
1.6393154
0.92334033
1.4591627
1.2574122
1.3602058
1.038058
1.9370891
0.86550765
0.9746519
0.37126452
1.7745338
0.40252576
0.89967444
0.89746269
0.94168817
0.99999234
1.0848861
0.83009705
1.0918218
0.99981135
0.98476897
0.92075139
0.83437422
1
0.88207259
0.73937083
0.82905223
1
0.79474183
0.61631596
1.4141718
0.96892181
0.84577902
0.75012969
0.9405585
0.99902687
0.75054265
0.914663
0.92518195
1
0.51352947
1
0.57056906
1.335749
0.59639365
0.84295115
0.87568361
0.70478691
1.0401142
0.86409321
0.90137502
1.0117514
0.60450854
0.84070835
0.9294898
0.89183272
0.76448494
0.59097859
0.62414445
0.88169069
0.56778523
0.68017011
1.1274744
0.85045748
1.0538921
0.76117804
0.94472396
0.99110604
0.51725789
0.83874618
1.03778
1.0236433
0.82252838
0.9999994
0.95364732
1.1382136
1.0745407
1
0.99981914
0.81690507
1.0749571
1
0.99817236
1.282731
0.83355577
1
0.97157987
1.0574195
0.96019727
0.99961873
0.8322867
0.96135171
0.89199057
0.99936863
0.93039078
0.97712003
1.0327108
1
0.43350119
1
0.94739729
1.0441658
0.60856605
0.67597677
0.76415119
0.43374916
1.0992061
0.92851574
0.97990118
0.90832719
1.0330536
1.0077071
0.88658791
0.89561958
1.0546881
0.77551776
0.63010668
0.94523959
0.7524861
1.1985022
0.93576102
1.108869
0.89969306
0.75704138
0.97752271
0.95823611
0.59874844
0.76160763
1.0647649
1.3670285
0.89474433
0.99999268
0.97133046
2.8585117
0.99390622
1
1
0.94938667
0.96315528
1
0.9995538
1.3285747
1.1154061
1
0.99998049
1.0671018
0.99457618
1.1776163
0.91972551
0.95478167
0.99999788
0.98855914
0.82358677
0.99971281
1
1
1.0527591
1
0.99332077
1.1891721
0.84379259
1.8270485
0.9026076
1.1177495
1.1189951
1.0861414
0.98749195
1.1813773
1.0287873
1.3691588
0.95905895
1.1881432
1.4592599
0.86479135
1.1612469
1.318182
0.81050492
0.69205134
0.98796328
0.96840451
0.8304398
1.0557814
0.86599365
0.99145511
2.1325885
0.86128375
1.113072
1.2411872
0.68032745
0.89797717
0.99997291
1.2804401
1.3634718
1.1108889
0.99857228
0.92856504
1.3369484
1.0629164
1
0.79042771
1.6459206
1.1291198
1
0.83253948
2.2673041
0.81540952
3.766445
0.57493569
3.10042
1.3333835
0.60229481
0.80860583
1.2981524
0.88365743
1.2683576
1.0849074
1.3193406
1.322377
5.5972364
0.72236501
4.4594188
0.97758452
1.0995633
0.81815291
1.0919093
0.94687013
1.4180593
0.73218399
2.055142
1.1630231
1.971346
0.86446095
1.9503275
0.8256965
3.4186042
0.69456198
2.5400789
0.85878492
3.0019565
0.72897174
3.2690679
1.2870886
0.40810605
0.45493449
1.264023
0.88610231
0.85641995
1.2457204
0.99682944
0.92624557
1.2919358
1.6582868
0.99984303
0.97740127
1.1729923
1.5559071
1
1.1761003
0.81048414
1.4881333
0.9945096
1.0655014
1.3184199
1.3597134
2.2582406
1.0886642
2.1158921
1.4889924
1.0527808
1.2685434
1.0739986
1.0203334
0.89434364
0.49131777
0.95234179
2.1650272
1.8564543
2.4664641
1.9435633
1.140693
0.96005618
0.91687354
0.89363692
0.9803837
1.5079162
1.5798455
1.317156
0.91439557
1.621406
1.7771021
1.2402763
1.4030241
1.3291281
1.8440553
1.012168
1.4809411
1.6690763
1.243483
1.3025
2.6412369
0.46614756
1.5944179
1.2330667
0.82401643
0.86491616
0.64457461
0.9772562
0.96357573
1.2391311
0.68736545
0.97274626
0.99946756
0.91589741
1.0344746
1
0.99744704
0.86245639
0.80194024
1.1275254
0.98897632
0.76940814
1.0342923
1.3069961
0.99996067
1.6777219
0.93209523
0.82408891
0.99932802
0.83811258
1
0.8129314
0.80754462
0.95420388
1.0690818
1.5387378
1.2747852
1.6245978
0.99935145
0.89983412
1.027616
0.88470463
0.97923276
1.1640507
1.492918
0.96260629
0.74962723
1.628615
1.2576054
1.1350936
0.71749674
1.0884661
1.4451739
0.92222249
1.4823726
1.0597862
1.0792848
1.0116941
1.0137076
0.49944626
0.95858976
1.7051784
0.97679863
0.76191421
0.9091056
1
1.1589374
0.88792716
0.59400276
1
0.7825892
0.86403159
0.89230192
1
0.72359413
1.1177674
1.067511
1
0.84252675
1.4503857
0.79708433
0.72619607
0.68812783
0.67746479
0.76752589
0.84895053
0.89549682
0.73002286
0.81187784
1
0.81977836
1
0.85627817
0.73933994
0.5227262
1.0903532
0.92959628
0.8572927
0.8933181
0.81322144
0.53685424
0.89405695
0.69497651
0.93608351
0.87047077
0.94505229
0.85842435
1.2034617
0.82387162
0.83875216
0.6148685
0.92884053
0.88584473
0.50130151
0.69820744
0.83895092
0.59663882
0.45041369
0.46587652
0.62732736
0.98790817
0.93263385
0.90764929
0.92826652
1.0123988
1.2377278
0.89347269
1
1.0336272
0.98811721
1.0900246
1
1.0355599
1.5546164
1.5375901
1
1.0460652
1.1110547
0.95247991
0.91733562
0.85813788
1.1640566
1.4043504
0.50579004
1.2669488
0.5694252
0.77147402
1
0.44883255
1
2.0177641
0.89951167
1.5845374
1.4216009
0.8104052
0.92423622
0.89362927
1.002304
1.6864073
0.98388135
1.4422255
0.92874401
0.81732889
1.0007839
1.0533406
1.3287715
0.98715166
0.9020058
0.98455368
0.91174477
0.83167393
0.70270999
1.0041205
0.71290575
0.93127847
0.021860729
1.3118971
0.41904149
0.91470076
0.88954693
0.77173396
1.1680024
1.1539124
0.87917716
0.85256527
1
0.99998837
1.1441263
1.3275091
0.9993155
0.9788369
1.1949314
0.89569352
0.97404748
0.9480032
1.056278
1.0839541
0.85341586
0.9027853
1.2562868
1.4425645
0.63999372
0.99298379
0.94473135
1
1
0.83960904
1
1.4415371
0.97739683
2.161647
1.274143
1.0794101
0.93555892
0.8836395
1.0161588
1.1162343
0.91945028
0.94058907
0.89209945
0.88791601
0.90701778
1.056706
1.3061075
0.74931674
0.93109263
1.4759387
1.4573588
1.0760147
0.95676077
1.6813976
0.76733479
0.89549303
0.015069737
1.0679818
0.4975837
0.97420915
0.80503879
1.0250657
1
1.1343685
0.8406185
0.67224296
1
0.94130195
0.97822687
0.8825497
1
0.93592375
1.047863
1.0648899
1
0.84296417
0.9863733
0.86946158
0.79001818
0.55042528
1.0061961
0.59668007
0.92592942
0.58181896
0.90400225
0.70301381
1
0.86502985
1
0.92529179
0.92187007
0.58754023
1.0930979
0.59098867
0.95147297
0.79615707
0.70493246
0.69985373
0.88503001
0.63044768
0.9201547
1.4149389
1.0212842
0.77502967
0.88144
0.85774521
0.88421958
0.56998674
1.1998139
0.95214078
0.73325593
0.82852981
0.74387093
0.5503399
0.8895977
0.60164294
0.99096181
0.97326521
0.90476076
1.0633198
1
0.91939005
1.5070195
0.79697408
1
0.97950938
0.80711522
1.0798306
1
0.98250527
1.440268
0.83495033
1
0.90423749
0.90519163
0.85142264
0.9758897
0.76332481
1.3059138
1.1447888
0.99830354
0.88329126
0.95148509
1.172357
1
0.4536403
1
1.4230556
1.0236435
0.96966617
1.6047688
0.87730843
0.87572325
0.88212871
0.83063904
1.0824109
0.92362824
0.89722119
0.70608679
0.7544118
0.84131827
1.2686026
0.96526744
1.04881
1.283161
0.92714912
0.76334446
1.124596
0.78559077
0.91429957
0.7262143
1.0198518
0.69807106
1.0374891
0.97623699
0.97624559
0.82401155
0.85447439
1
1.1366659
1.0262965
0.88088607
1
1
0.9877599
0.95452162
1
0.99656694
0.9117237
0.95530105
1
0.99689171
0.97625078
0.97065542
0.92354011
0.96905312
0.90666342
0.99533805
0.99784074
0.99999998
0.99216227
1
1
0.97127502
1
1.1812602
0.80995325
1.141556
1.1225217
1.0137129
0.95298423
0.9610004
1.172067
0.67190271
0.63346191
1.134289
1.0676763
0.8628199
0.78248875
0.95507827
1.0276294
1.1218831
0.84324856
0.93773689
0.77929703
0.90440584
1.207754
1.0602278
0.87289911
0.99031797
0.40069082
0.93042285
0.98270426
0.84824363
0.77798429
1.0243669
0.87785322
0.99781745
0.93773962
0.97889804
1.1991063
0.9772456
0.85089302
1.4777097
0.99552692
0.99984241
0.85053686
1.6563713
1.0076087
0.99999997
1.1785715
2.0188183
0.72718322
1.2035167
1.3258032
1.3763604
0.97974307
4.6673841
0.65021863
3.6727611
1.3920925
1.5550023
0.63281616
1.8755673
1.5238142
4.5321872
0.82661697
3.8947241
1.1242524
1.9489149
0.43153763
1.4921435
0.90364163
2.3943789
0.75975598
1.1530851
1.5298049
4.9142695
0.47829723
1.7910089
1.6916168
5.7585589
1.0806429
6.7821817
1.3812677
1.0053679
2.0454085
1.4850973
1.6142718
7.1473858
0.51196377
5.5493239
1.2315152
0.68374677
0.97834907
0.99978732
1.375531
0.72304102
1.1434065
1
0.88363234
0.92822736
2.5451065
0.9999395
1.7797675
0.68480017
2.5308256
0.99060975
1.9778681
1.0047035
4.9103225
1.2337642
5.5291812
1.2407496
2.1249409
3.9614645
1.5525136
3.5379448
1.201671
1.5790284
0.65666437
1.9286637
6.4746355
1.4759518
5.1084186
1.2364262
1.4140787
1.0983293
1.2112699
0.85671897
1.1406875
1.4562168
1.9006544
0.77604269
3.5835702
1.2889529
2.6261492
0.72865059
5.711966
1.6152683
8.4746767
1.3884606
4.747176
0.89978503
13.755138
1.1166731
3.5006448
5.1454596
3.7892473
3.9994656
1.2029722
1.0965897
0.98430599
0.99971551
0.90735319
0.89224121
1.2543916
0.96184803
0.99982982
0.97138723
1.1345105
0.9998084
1.1302527
0.89899485
0.79645697
0.96553647
0.88133203
0.91150739
1.9506761
1.182399
0.99068584
1.3952061
1.0996491
2.4210559
1.0809953
2.6902759
1
1.4887765
1
1.6163134
1.1119962
0.86997538
0.90152027
0.86415793
1.4067847
2.3049272
0.85652541
1.324612
1.2974487
0.97498248
0.7748884
0.69434754
1.5231959
1.1108313
1.3255088
0.78939023
1.3959607
1.2838559
1.0446451
1.0383793
0.96069621
0.78454403
1.4873496
0.96886141
1.272658
2.5776432
1.0150074
2.5031321
1.1594206
0.66407987
0.72360626
0.99985054
0.59044323
1.2973094
0.90078842
1
1.1415514
0.89530815
0.79243141
1
0.60161756
0.91151657
0.82983468
1
0.84710583
1.2950185
0.64484991
0.62085291
0.76740186
0.4887239
0.85490173
0.94124288
0.63984957
0.85758901
1.3829611
1
0.72075407
1
1.06441
0.96646913
0.44701749
1.0055816
0.84422845
1.2207535
0.51315892
0.83180058
0.89836411
0.91091361
0.84102744
0.45718199
0.7596155
1.3970417
0.47261944
0.93098373
1.6720054
1.8532251
0.65661622
1.9270405
0.96996621
0.25687054
0.98929259
0.30328201
1.1795865
0.64938332
0.40863984
0.67662448
0.97068452
0.75980084
0.91161043
0.99980108
0.93270327
1.1095715
0.99700769
1
0.9459899
0.83151562
1.0948988
1
1.021228
1.8499829
1.0132688
1
1.3654413
1.4476547
1.1615357
0.75041393
0.92647119
0.93188019
0.71227032
1.4682081
0.78935733
0.85172901
0.99477357
1
0.79059992
1
1.9616921
1.7009267
0.90196059
0.67999507
0.97365695
1.1278409
0.72820805
0.57715749
1.48492
0.785844
0.83729102
0.51491083
1.0966856
0.93428906
0.67459761
0.61046227
2.1508546
1.4223653
0.96278226
0.71446818
1.0793992
0.10606717
0.92875039
0.27027232
1.0791023
0.81071332
1.0348853
0.53544543
0.88277879
0.72323248
1.0020263
0.99999999
0.8750896
0.88037447
1.559274
0.99999997
0.93516069
0.95635761
1.1597892
0.99996882
0.94726813
0.82215102
1.1507971
0.99279757
0.81353045
1.0291517
1.2596336
1.1360772
0.85879573
0.80562202
1.2340375
1.1017124
0.95193489
1.0318739
1
1
1
1
4.1537896
0.8837947
1.5678949
0.53126596
1.3668937
0.83062908
1.3746448
0.58359518
2.0142293
0.83530801
1.2201034
0.6758545
1.1322884
0.75912495
1.4678703
0.60436575
2.8434274
0.68675502
1.4454109
0.71097631
1.6376933
0.048416128
1.5029346
0.14940273
0.91824062
1.1013641
0.76612925
0.67643994
0.69828131
0.80010262
0.67897734
1
0.8477914
1.4199364
0.65304574
1
0.91970055
0.9559578
0.73926358
1
1.1277441
1.06627
0.71440051
1
0.76843775
0.94856331
0.76693165
0.97422808
0.53386898
1.0617297
0.84676965
0.85754945
0.5106687
1.0566945
1.3438393
1
1.1011539
1
1.3958698
0.82984175
0.50949914
0.91184579
0.8327163
1.1794706
0.39274644
0.68048079
1.1489781
0.76311529
0.76077466
0.53095678
0.89110614
0.97403003
0.7497294
0.57437973
1.5140098
0.84155875
0.47553946
0.89812451
0.85074405
0.84244356
0.77382659
0.65956193
1.1756934
0.90678554
0.36080174
0.78929237
0.82883954
0.6225825
0.68190009
0.99998341
0.85826262
0.6289921
0.87913541
1
0.99623666
0.92442702
0.72873735
1
0.9623688
0.88130001
0.75621535
1
0.97228564
0.93584859
0.94332186
0.9922941
0.6376658
0.95411606
0.97498449
0.99928515
0.78651451
0.98310317
0.92779561
1
0.47839303
1
1.1015326
0.97793416
0.79694055
0.60038771
0.77669677
1.1972993
0.6102745
0.78358997
0.82511555
1.1196786
0.68848131
0.75258806
1.2866659
1.1898362
0.61546969
0.52828412
0.98144044
1.6769318
0.78549263
0.87321649
0.94819479
0.62728537
0.78040322
0.26843655
0.93559656
1.1169066
0.578779
1.2171113
0.91953674
1.0044059
1.3188522
1
0.96519391
0.84683599
0.97471624
1
1
0.99126288
0.66573424
0.99993782
0.99792822
1.4109276
0.74383293
0.9994921
0.93421323
1.1272887
0.89571341
0.8784143
0.93917469
0.93735315
0.99015701
0.93109816
0.98326528
0.98774467
1
1
1
1
1.2057148
0.90024255
1.1892556
0.67238505
0.93696737
1.1802248
0.78377126
0.81889618
1.0031999
0.99550062
0.671324
0.68550215
0.99043094
0.49337501
0.82723954
0.70482082
2.7740041
0.94757398
1.0772885
0.71583763
1.4266999
1.0023267
0.75733682
0.22122984
0.99394855
0.38483368
0.78048542
1.1046093
0.8825842
0.80877177
0.96746621
0.69548993
0.99989746
0.79804749
0.98209775
0.74173598
1
1.2883956
0.91135738
1.0326409
0.99010453
1.0115157
1.2907914
0.86272623
1
1.0581791
1.607376
0.5243667
0.60057412
0.7056147
1.2641713
0.62253219
1.9384129
0.61717022
2.2474978
1.0213322
0.94114062
0.79815571
1.236093
0.92850582
2.6787448
0.64985476
2.6799274
0.79410946
1.085832
0.83452097
1.2057217
0.75099697
0.99140027
0.8981747
1.6493287
0.76818355
1.4175839
0.79659175
2.4162709
0.96164006
2.4178892
1.4848707
2.7396406
0.42612371
0.713555
1.141133
0.78182482
0.80408963
2.5148241
0.58541322
3.4310969
0.92492691
0.81837141
1.3559839
0.98298426
1.0037356
0.95631646
1.0768232
1.1822749
0.84237727
0.98204639
1.3317686
0.99207939
1.4331754
1.0419892
1.539983
1
1.8244979
0.9242371
1.6224423
1.0662473
0.92524367
0.96227414
2.9983076
1.5470233
1.1923672
1.6869505
0.78869927
0.83893348
0.7552385
0.87392725
1.3752348
1.2672048
1.7627538
1.0519173
1.0428515
0.91378542
1.1216383
0.89445881
1.3878059
1.3015042
1.2638462
0.7383508
1.1754742
1.0700647
1.1374197
1.045268
2.0915976
1.1427837
2.9295923
0.94650586
1.2387908
0.65957938
2.0734809
0.72877778
4.7162459
1.5856299
0.88507672
2.2071639
1.0384871
1.0142322
1.154968
0.9998076
0.99763446
0.99740728
0.82849428
0.91744186
1
0.79596578
1.0786483
0.99759516
0.99765794
0.84392061
1.2580838
0.99949693
0.99963605
0.99642977
1.2045298
0.89451194
0.99165723
0.70248813
1.3435435
1.4134663
0.99156222
1.2332044
1
0.87492224
1.0017345
0.5647515
0.95776149
1.0357217
0.98624389
0.72040575
1.205431
0.85572278
0.85933281
0.85097627
0.86355266
1.3883939
0.94274524
0.85571251
0.8938872
1.0818856
1.451521
1.0562204
0.85955556
1.0765554
0.84649321
0.8830661
1.3218244
0.54156765
0.95786967
0.54183758
1.5600091
1.5227951
1.0247576
3.0020448
1.0561759
0.91903394
0.80070852
1
1.2323216
1.1097921
0.8089169
1
1.5750053
0.9781165
0.95376879
1
0.87015965
1.165478
1.0328738
1
0.91311202
0.90358323
0.58440436
0.89158601
0.53064686
0.85548243
0.64051744
0.71713103
0.78573079
1.004971
0.67409881
1
0.77908719
1
1.0358684
0.87769486
0.75611526
1.3139353
0.85749108
0.9003097
0.73524238
0.92377011
0.91777392
0.66046194
0.65073662
1.714107
0.74186865
0.64175178
0.77230006
0.75432409
1.0286613
1.0881727
0.90955914
0.99220575
0.79633819
0.50647136
1.052888
0.66695542
0.73292006
0.26236698
0.58093913
0.73055918
0.8678832
0.94674569
0.70144695
0.99957734
0.95108527
1.5747424
0.99543213
1
0.94458439
0.96507706
0.77303519
1
0.7503089
1.4117193
1.4325093
0.99999996
0.73100251
1.0891579
0.85932776
0.66200469
0.64637527
0.63258259
0.97493178
1.1678546
0.69739437
0.73774004
0.69372662
1
1.2997995
1
1.3341289
1.0721527
0.87739602
1.3520663
0.91450436
1.0964254
0.96201645
1.0607385
1.2564667
0.8553433
0.71503235
0.85996361
1.4252464
0.93621775
1.0028911
0.82574332
1.1694194
1.2334578
1.2490058
1.2871604
0.93991651
0.18281773
0.88326361
0.19968109
1.4127193
0.53428427
0.86571885
0.69173322
0.92940956
0.99802094
0.97015675
0.99930261
0.97491659
0.92809417
1.168433
0.99966989
1
1.0455705
0.81170081
0.99997279
0.99815767
0.83992827
1.19157
0.99977736
0.98607652
1.1748593
0.93629269
0.75931741
1.1406742
0.94645332
1.3164981
0.79859939
0.98538333
0.97794695
1
1
0.9031113
1
1.2066007
1.0184051
1.0571246
1.3327391
1.094125
1.1298248
1.0635955
1.1220445
1.0432893
1.0562562
1.1735696
1.2056274
0.93215942
1.0255771
1.2295522
1.0419402
1.169859
1.2543093
1.7416566
1.6306009
0.75397145
0.12690397
0.93493165
0.21577277
0.96853354
0.82285933
1.1543775
0.88384771
0.92550503
0.98945549
0.83982156
1
1.0971912
0.9538139
0.76495127
0.99998834
0.97623194
0.99764654
0.87943741
1
0.82728086
0.99500586
0.87011479
1
1.1544815
0.99827476
0.48379385
0.99318309
0.71315779
0.99628427
0.77441007
1.1345836
1.2115097
0.9913021
1.2063205
1
0.86001108
1
1.1733824
0.71958562
0.67674598
1.1535755
0.95896784
0.87151749
0.69053956
0.69790646
1.1911143
0.57305061
0.91678043
0.89453948
0.73470131
0.69663957
0.73302849
1.1166031
0.75691007
0.89057744
0.87863398
1.0367803
0.60197502
0.89937094
0.80049674
1.1908942
0.86374793
0.95578669
0.87960844
0.91049099
0.83285517
0.92218544
0.68356343
1
0.83710005
1.0830704
0.98836035
1
0.99968388
1.2933123
0.75909003
1
0.96160851
1.0885125
1.0835936
1
0.94755687
0.94956043
0.67112042
0.99758416
1.1461477
0.98788217
1.0752629
0.98294442
0.92608036
0.99338984
1.0469405
1
0.64269084
1
1.1028039
0.99252749
0.86079296
1.0130114
0.98433841
0.91940332
0.84351971
0.95334481
0.7626109
0.83552315
0.96102794
0.76872076
0.90086878
1.1272154
0.79856018
0.86328464
0.99797259
1.1399936
0.92109534
0.90210681
0.84458791
1.0203549
1.0103323
0.78618837
1.3037028
0.83071069
1.1647405
0.95873018
0.81352612
1.0313414
1.2517961
1
0.99458536
0.93311496
1.276064
1
1
0.9192054
0.86190546
1
0.98767844
0.99329993
0.75191447
0.99928056
0.99722019
0.99808684
0.95019337
0.96490634
0.98060346
0.99992424
0.99047777
0.99571357
0.99816972
0.99874238
1
1
1
1
1.0424261
0.54562745
1.1915892
1.015995
0.84772249
1.0139336
1.2324256
1.1428271
0.98402355
0.76283676
0.62967798
0.89121688
0.80737039
0.92241911
1.3838134
1.2659843
1.4577324
0.80316357
0.91445424
1.4145478
1.0000801
0.36679213
1.0444944
0.83792633
0.96655151
0.74019286
1.2587144
1.0637883
0.86043276
0.89413392
1.110956
