1.3462369
0.99861671
1.1761751
3.2281929
1.1543743
0.9948115
1.0577588
2.5284476
1.0909455
1
0.77861906
2.0342129
0.96271188
0.99916416
0.83849832
2.3612821
1.2103817
4.3490093
0.77468125
3.9427112
1.5929457
0.60616795
0.80418438
1.3457535
0.38447909
1.3977358
0.73529227
1.6573699
1.5963686
7.9344981
1.07214
6.931246
2.1278857
1.2647048
1.0208188
1.2487409
0.83470267
1.7240721
1.666768
2.5147664
1.170693
1.9765306
2.5936645
2.1050448
1.3414218
3.9697617
1.0228508
3.2430339
0.66733366
3.2353912
0.54967362
2.4877808
1.5184233
0.31129334
0.47571829
1.0965584
0.82429419
0.80774453
1.2977252
0.99934349
1.0145318
2.0582925
1.4442695
1
0.98275435
1.8565845
1.1821225
0.99999398
0.85025981
1.4095368
1.3227763
0.99999395
1.5571239
1.6583085
1.9399179
1.689776
2.1051932
2.6358153
2.0503086
0.52143013
3.0100996
1.7691653
0.68529469
1.4250938
0.67858918
1.6791971
2.5745686
1.7016645
7.4793474
2.5446284
1.0092462
0.77313947
3.1712315
0.96636818
0.9528539
1.5001226
1.615147
1.5583546
0.88107971
1.1504957
2.1624863
1.3419401
2.0106668
1.1943352
3.5338163
1.2308047
1.2053829
0.94108435
2.0588315
1.4111643
1.1978466
0.22208382
2.8642527
0.60490651
0.77043437
0.69593465
1.2719087
1
0.98215709
2.1380742
1.0277977
0.99692891
0.99946736
1.1289434
1.0545876
0.99999822
0.99901695
1.139107
1.0137369
1
0.98048729
1.1264603
0.86561188
0.98712641
1.247197
1.4807802
0.85739663
0.64073331
1.2124912
1.945024
1
1.3121442
0.83037556
1.6418226
0.9472402
1.2038864
0.90345573
1.7652204
0.58149329
0.9158947
0.9698976
0.96152
0.95945238
0.91340423
1.0638621
0.91306576
0.93894788
2.0675
1.2337675
1.9100024
1.0071919
1.2691081
1.396763
1.231122
0.96174118
0.69080733
1.065161
0.9175729
1.1289726
0.34924024
1.1556542
0.62284529
0.89991967
0.91803467
1.0465168
1
0.73559109
1.9835596
0.84421367
1
0.96247181
0.5809327
0.97989101
1
1.0755545
0.84676515
0.8267704
1
0.65019752
0.86527691
1.7135821
0.85947182
1.1069157
0.65557581
2.0025947
0.84849711
0.90116752
0.32273289
0.97639902
1
0.94180757
1
0.80159967
1.7451764
0.75504416
1.0618457
2.1279464
0.9907288
1.1856987
1.1187866
0.91218079
1.7873649
1.1698803
0.95411267
1.2075483
1.5707318
1.1456113
1.257841
1.2815626
1.5623973
0.9273352
1.1869601
1.2620489
1.1184502
0.97170365
0.38320204
1.8570073
0.69128306
0.85841295
0.10201191
0.74365909
0.81199618
1.103148
0.99821669
1.3371388
2.2309441
1.2345099
1
1.1674833
1.7473759
1.0754968
0.99967745
1.050542
1.5834903
0.97042004
0.99999999
1.1854303
1.5541859
1.5521084
1.2138243
1.1353534
1.3891948
0.96774827
0.94190096
0.8569003
0.53507685
0.96537685
1
0.34715878
1
1.0842652
2.7978771
0.80405032
2.2477457
0.89339778
0.84718269
1.1086104
1.0906863
0.98346791
1.5799263
1.3251187
1.2825794
1.0382523
2.1117132
1.5964328
1.173552
1.1956384
1.4107284
1.1852488
0.95281086
1.5893962
1.2258848
1.2393384
0.96254288
1.2794147
0.35296402
1.384522
0.062256079
0.84261842
0.8676266
0.748879
1
0.98711486
1.8270708
0.94917114
1
1.0387949
0.77829414
0.85513473
0.99963154
1.2000365
1.1045836
0.94450249
1
0.95160338
1.5760125
1.1627266
0.91639254
1.3069454
0.96806868
0.98796342
1.1955016
0.99250263
0.88237762
1
1
1.0497244
1
1.8261502
1.6406622
2.028654
2.1944293
0.72623518
0.87765386
1.7852332
1.214152
0.80156489
0.93095488
1.7482714
1.0494015
0.91813534
1.2783356
2.7646714
1.2517819
1.4569058
1.0817544
1.9531567
0.95675784
1.0724043
1.478127
0.7263244
1.0452028
0.98428382
0.56452617
3.0026806
0.56195457
0.76168754
0.74569236
0.97707481
0.99997094
0.95254753
0.73757501
0.94350795
0.99925904
0.81766112
1.0785371
0.87537721
1
1.1544801
1.0789179
0.95549783
1
0.796671
0.68102164
1.1987193
0.99607942
1.1737379
0.50900018
1.5535851
0.99665862
0.84728745
0.71649712
1.6931852
1
0.79636481
1
1.0450963
1.8383909
0.7542475
0.89215779
1.0230549
0.95525555
1.01375
1.0885689
0.97883734
1.6805941
0.81046013
0.71312392
0.93748781
1.3900805
0.82928996
0.7133664
1.2190166
0.74243787
0.67676484
0.70552679
0.9474328
0.75644618
0.71064079
0.70964717
0.97024805
0.98969522
0.78042183
0.57683985
0.84085157
1.1432465
0.68023631
0.99999308
0.96734851
1.1940494
0.96106702
1
0.99122739
0.98304229
1.095034
1
1.0862604
0.75241919
1.278085
1
1.323907
0.94906085
1.123019
0.96536565
1.1210557
1.0455254
1.33204
0.99982707
0.90019111
0.97485559
0.9234235
1
0.31656715
1
0.81059824
0.96362106
0.79069601
1.5020413
1.0731343
0.89908613
1.2169391
1.2989249
0.89005574
1.1656139
0.83151084
0.79779139
1.0857878
0.95979133
0.99497336
1.2433327
1.0314228
1.5632847
0.84148374
1.3499078
1.1468404
1.0182262
0.32279212
1.174888
0.99024353
0.98268451
0.59986486
0.55276799
0.99127882
0.92817108
1.0441004
0.99989919
0.98584723
0.99221331
0.99389646
1
1.0451849
0.90114066
0.97893735
0.99999998
0.99992842
1.007958
0.93710132
1
0.97223566
0.95191417
0.99772427
0.99968768
0.90536073
0.97617283
0.99996019
0.9978994
0.99283796
0.89048705
1
1
0.92353562
1
1.4223028
1.8996754
0.90541883
1.518949
0.967637
1.6756963
1.4609093
1.659266
0.97256673
2.2445601
1.4833197
1.221172
0.98316176
1.9618001
1.2778448
1.1259825
1.0173952
1.7367448
0.73758302
1.3436152
0.99485731
1.1133911
0.82779866
1.1660436
0.99817316
0.96125688
1.3954004
0.97183473
1.0800334
0.64997112
0.83819245
0.99975017
1
0.86358536
1.2756774
0.87654336
0.99996862
0.87122849
1.9363935
0.82602555
1
0.9365655
1.4317245
1.3215049
0.98710707
1.0309039
1.8090571
0.84194971
3.7735775
0.67084037
3.0902028
1.2520854
0.56634173
0.62470704
1.30655
0.79245087
1.0537497
0.68157189
1.2100025
1.061567
5.2076266
0.74581533
4.9798668
0.83262881
1.0608658
0.92878609
1.1252245
0.68612804
1.3104274
0.83175309
2.1865775
0.82659528
1.3209312
1.1482609
1.6796696
0.89477341
3.8728033
0.75628306
2.7858579
1.0323819
4.233369
0.82852873
4.1881823
1.2576543
0.35359679
0.42778776
1.6924193
0.84980289
0.88169016
1.0832832
0.97710524
0.82138995
1.3002497
1.2830133
1
1.1498824
1.264458
1.7655901
0.99994146
1.8539891
1.2942617
1.8377773
0.9996628
1.201369
0.78819032
2.065851
1.6730837
0.99983801
2.1714946
2.346848
0.79637665
1.7633026
1.1771353
1.0501512
0.83448326
0.61340296
1.1276754
2.0887524
1.9448613
3.4345932
2.4814572
0.82727616
0.93163525
1.0131571
0.93399385
0.90971123
1.4530913
1.5150055
1.3398186
1.0290615
1.163374
1.5600015
1.1147886
1.3356253
1.4247035
1.5034633
1.3290989
1.0075258
1.52271
1.4920606
1.6608699
1.9429917
0.51599954
2.2234525
1.6248006
0.80872447
0.86759034
0.52899314
0.99999994
0.89863628
0.891542
0.78525545
1
0.99814034
0.83273875
1.0047733
0.99984314
0.99893723
0.87685883
0.84179259
0.99988951
0.98646936
0.88788124
0.85705181
1.6888021
0.96555322
1.3180617
0.90542499
1.1353264
0.9999724
0.96557119
1
0.82868425
1.1323511
0.96651101
1.0330834
1.5548253
1.3858009
1.6176177
0.95667101
0.94436281
0.74928862
1.1636155
1.6398654
1.3093219
0.82932041
1.2569046
0.71467498
1.5405226
1.306998
0.99764456
1.1805957
1.2173587
0.92366848
0.99877951
1.5742493
1.5343441
0.67593765
1.3130155
1.1214963
0.40204386
0.98881963
1.6018991
0.98897624
0.78847897
0.73322398
0.99970743
1.3004124
0.78280604
0.73508592
1
0.89491441
1.3124385
0.71140399
1
0.65431017
1.0384515
0.9004796
0.99856376
1.2219077
0.85895632
0.68847804
0.76826862
0.67004886
0.70545205
0.66098662
0.78655792
0.59202721
0.98476307
0.77874157
1
0.82791172
1
0.89438323
0.81825997
0.57837951
1.3913949
0.79905673
0.81305525
0.81803478
0.93391051
0.71016608
0.79071323
0.71194289
0.80175695
1.0531884
0.79054086
0.91642275
1.280353
0.87152495
0.85423802
0.64602459
1.0126598
0.83126915
0.45662889
0.72331197
0.89829689
0.57880149
0.45922676
0.65398444
0.93893518
0.89155721
0.95638776
0.68334919
0.99987734
0.90038385
2.01795
0.6567774
1
0.94380756
1.068024
0.92509494
0.95666715
0.83985442
1.3325351
0.77114078
0.95821072
1.0013558
0.99305375
0.98199851
0.81315405
1.0265804
0.7355609
1.1869116
0.43926873
1.8372929
0.71106115
0.8613369
1
0.41748895
1
1.5372883
0.76213048
1.708607
1.4461331
0.85244606
0.84275786
0.88084863
0.95985596
0.82147859
0.78689976
1.3113879
1.2426999
1.3856202
0.78744135
1.3574465
0.84783653
0.96300469
0.80394724
0.95660098
1.0626441
1.3876176
0.70761955
0.69075027
0.76976766
0.97327645
0.020861859
0.83155035
0.2159647
0.8173302
0.91086783
0.93655091
1
1.1887001
1.4542241
0.98613466
1
0.98532546
1.4319215
1.0146421
0.95161986
0.97023371
0.89647569
0.64628901
1
0.98723696
1.1379098
0.82864843
0.86580815
0.98355126
1.0428808
0.94141315
0.77874491
0.98860072
0.99373288
1
1
0.85507123
1
1.5725844
0.8778259
2.5857578
1.7257852
1.1558687
0.81243018
1.0303614
0.90768941
1.4543991
0.68620959
1.1973687
1.4817339
1.122908
0.73789978
1.7399458
0.96445099
1.4636936
1.0973236
1.7131416
1.1398317
1.1202782
0.95344323
1.6954381
1.1659311
0.95096915
0.014113464
1.3777198
0.64832445
0.87463472
0.88483844
0.90150331
1
0.87787251
0.69382701
0.69495068
1
0.95217948
0.91791689
0.72363725
0.99999999
1.1413829
0.87271084
0.88887278
1
0.6252507
1.0402459
0.5484321
1.0053318
0.55816989
0.87693177
0.65184831
0.99633932
1.4224207
0.98624352
0.58176437
1
0.6780873
1
1.0020071
1.1785683
0.59260771
0.96232881
0.70396405
0.85690644
0.80249477
0.79553284
0.73959508
0.81198358
0.62415102
1.5925462
0.85538711
0.73795511
0.79563476
1.3881242
0.71819409
0.83954931
0.57438465
0.6268941
0.67369279
1.0714733
0.6482132
0.82452906
0.64769925
0.87890616
0.61886455
0.98781298
0.84997979
0.91380763
0.66807999
1
0.94144066
1.0352822
0.94396587
0.99996835
0.9662447
0.94479873
0.74978457
1
1.3731431
1.121933
1.2002774
0.9999804
1.0551876
1.2429521
0.68426199
0.94362994
0.79630389
2.4097701
0.77318029
0.99611111
1.0888883
0.999575
0.79076203
1
0.51510103
1
1.1336419
0.75556946
1.083316
1.0445912
0.90743837
0.75874039
0.78238982
1.1687771
0.80282961
0.78014559
0.79820016
0.92558419
1.1397922
0.90559722
1.2463475
0.70413629
0.95865474
1.1934572
0.81009556
0.89735343
0.85637069
0.95519432
0.64359476
0.80100515
0.93884492
0.76989107
1.0752646
0.90551742
0.75337801
0.82663542
1.0801846
1
0.99135127
0.98153539
1.1189929
1
0.9598227
0.96955951
1.682845
0.99999663
0.99998713
1.6208929
0.7773017
1
0.99998758
0.94492735
0.92468006
0.7870316
1.0833458
0.9184523
0.99696476
0.98958888
0.99759917
0.99974425
1
1
0.9999998
1
1.2757803
0.84681133
1.6448316
1.3784615
1.0099505
0.94814103
1.1868414
1.2279528
1.0291987
0.83726645
1.1712132
1.4032024
0.95275039
0.75648921
1.1888024
0.66401309
1.0751684
0.89589073
1.4045903
1.1886084
1.0552617
1.1863475
1.3590203
1.0273507
0.88642134
0.58119035
1.1616384
0.94527332
0.88386256
0.75469654
0.88611434
0.85712252
0.92657284
1.2288023
1.2423018
0.82593131
0.98074512
1.154711
1.1356031
0.64389245
0.99152469
0.70398447
1.9439859
0.90778337
0.99577098
0.94861611
1.8922513
0.58840445
1.1192164
1.0172339
1.3845057
0.64569328
4.4740223
0.81403177
4.2774629
1.0998876
1.7700023
1.030519
1.3775542
0.71332178
4.1400109
0.87764544
3.6453514
1.0792874
1.4382215
1.3208508
1.4769581
0.734446
1.8925994
0.88381105
1.5903335
0.81834546
2.7114673
0.65293211
2.117952
0.88691237
2.167648
0.84568223
2.9500975
0.77828962
1.0867037
0.74295838
1.0434008
1.2118796
5.6361361
1.118286
3.216218
0.73755938
0.77841522
1.1184033
0.98944456
1.2733981
0.9189126
0.95122197
0.99844107
1.2399508
0.81688201
1.5940191
0.99775005
1.7505253
0.87141202
1.9538758
0.99436984
1.3824699
0.9455089
1.9373787
1.8756447
2.6663492
0.86543102
1.118748
4.6196702
1.8788742
4.6479613
1.1937343
1.7052685
0.80482878
1.3694867
2.9547027
0.88069911
4.1647247
1.2706319
1.0008535
0.45417703
1.4837481
0.73845162
1.0717577
0.84714279
1.3198407
1.0278403
0.6404055
0.74320842
1.3076994
0.72299615
2.9893461
0.4234178
3.6677199
0.62356571
1.8300423
1.0482002
2.8341983
0.81192968
1.0391895
3.9142949
2.7098088
3.1193307
0.73158796
0.93650329
1.3139074
0.99965237
1.0512535
0.80067455
1.0095377
0.99842545
0.99924513
0.69549847
1.1190802
0.99987509
0.99910057
0.75179855
1.0642537
0.99927764
0.95712593
0.63644839
1.0961889
1.6450711
1.0071659
1.0106597
1.1042396
2.0289174
0.8756485
3.4944469
1
1.6919557
0.92065101
1.2406471
1.2852475
0.48733909
1.5949913
0.91028183
0.88967214
0.53030668
1.1631806
0.64284237
0.91073408
0.60038935
1.1062208
0.66640407
0.79839734
0.50641202
0.89757136
0.60568951
1.4833526
0.29169114
1.1676128
0.5096451
0.97160208
1.0199979
1.584751
0.62056404
0.9772249
3.0421571
0.9865719
2.3085143
0.83250088
0.86175803
0.65602717
0.85939864
1.2306709
1.0243498
0.7831233
0.99270608
0.98687414
1.2852435
0.95756257
0.96460674
0.77455555
1.0949596
0.66722695
0.95830408
1.094749
0.75142491
0.55983292
0.8721687
0.73150172
0.38982347
0.79831324
0.8947944
0.78943583
0.26081567
0.55790293
1
0.70729107
1
0.65763072
1.7275055
0.74324236
0.68211075
0.71567063
1.0338882
1.0930351
1.1530437
0.51971046
1.157965
0.8144219
1.0437015
0.85875092
0.92866666
0.6296638
0.92389228
1.2967911
1.3214047
0.95419335
1.204392
0.76437677
1.1663966
0.61137764
0.81294462
0.72475567
0.74744015
1.0398482
0.21551497
0.83728754
0.86534203
1.1007581
0.89503029
1.1143964
1.3007004
1.018036
0.98656944
0.97526733
1.1921802
0.95293375
0.94073331
0.91682195
1.4680993
0.66826486
0.95176542
1.627704
1.2343812
1.4255073
0.91878109
1.3788993
0.47385046
0.932623
0.95905382
1.0708069
0.92146996
1.0844449
1
0.54096881
1
0.8017137
1.8994413
1.1064649
1.4041295
1.0839722
1.1480508
1.2191149
1.266402
0.69807623
1.1639731
1.0130443
1.0193817
0.8042128
1.3986571
0.80608369
1.106708
0.94384751
1.2469988
1.4076359
1.2138745
1.0229148
0.45594418
0.86917588
0.28429979
0.84870256
1.0324448
1.4525851
0.6404908
0.79537312
0.92070027
0.8850693
1.1824718
1.1642241
1.0233628
1.0977208
0.99876746
0.99999984
0.73762075
0.94037339
0.99702094
1.1946573
0.94753013
0.67578584
0.99142481
0.98314422
1.0795415
1.1517267
1.0168656
1.2138668
1.0831948
1.1446146
0.97649725
1.1502252
0.86439062
1
1
1.0448788
1
1.410063
1.0194672
3.17203
1.3144767
1.208431
0.63909152
1.9288831
0.93070256
1.0538007
0.67842125
1.7281097
1.1852466
0.77143751
0.78407282
1.3191064
0.80308955
1.4434847
0.31056669
3.0610574
0.76892714
0.94024873
0.3521611
1.8234071
0.31069347
0.98568533
1.2488302
1.3876698
1.1909782
0.64057432
0.87877994
0.68753529
0.96561879
0.91013641
0.60487381
0.8589611
0.99883595
0.92564294
0.60707428
0.70416285
0.99130833
1.0185899
0.72000528
0.59310224
0.99502513
1.1218529
0.75119193
0.76472618
0.99371471
0.67230102
0.65894433
0.91459405
0.97941539
0.79999608
0.56015857
0.35139989
1
0.63907241
1
0.61122234
1.7798898
0.773226
0.65637881
0.70048353
0.93797993
0.93202565
0.74788162
0.95702558
1.2380479
0.68907245
0.79059587
0.53395972
1.2405355
0.70614809
0.89012263
0.63121421
0.91485958
0.96952963
0.83577452
0.61499839
0.97675516
0.54451799
0.78177624
1.1793747
1.0297951
1.6513881
0.62984653
0.64416395
0.83860066
0.68140336
0.97154985
0.94136256
1.047168
1.1374714
0.99674014
0.99040946
0.6561232
1.0556065
0.99782152
1.2063898
0.95940418
1.1818197
0.98631404
0.91576323
0.88132064
0.96624327
0.99878425
0.98178133
0.88183157
1.0851166
0.99903243
1.0924389
0.96001025
0.99657546
1
0.4203718
1
0.72449763
0.94064406
0.80050683
1.0330355
0.99189395
0.86573543
0.85030094
0.89688813
0.9055364
1.3991377
0.59134049
1.20671
1.1549175
0.96198158
0.76392645
0.71540246
0.63942495
1.1555088
0.81844406
1.489522
0.98884721
0.93987803
0.83977109
0.48595645
0.95583695
0.9424936
1.1133495
0.79335651
0.62038798
0.88504306
0.74367221
0.98858359
0.99378589
0.92985702
0.66538714
0.999532
0.99885214
0.98017322
0.92817201
0.99597228
0.99891937
0.97594244
0.95777548
0.99632917
0.98635233
1.2922833
0.99239684
0.99623559
0.8324515
1.239323
1.1984715
0.99789088
0.99219445
1.2078384
1
1
1.0232858
1
0.69175827
1.0412283
1.3757633
1.8508024
0.99979182
1.4210826
1.308381
1.1835581
0.8519015
1.8487103
0.90133705
0.66876213
0.8541086
1.3302855
0.79476863
1.0098694
0.64736317
1.1055975
1.2925454
1.4555935
0.98398742
0.91518211
0.74642036
0.7306866
0.98901913
0.92567574
1.0203717
0.89775075
0.67135042
0.77623842
1.2676617
0.86123205
1.5250763
1.0934423
1.2862396
0.66119227
1.2182367
0.99658684
1.5231715
0.68134824
2.5585368
1.0963248
2.1138939
1.1843195
2.0219043
1.0564898
1.7549055
0.65403295
0.68832283
0.8127828
0.67501594
0.69585501
1.6453893
1.0810348
2.620758
1.0408941
1.2389554
1.1158794
2.0401422
0.84251451
3.0574765
1.2123221
2.6313966
0.83383998
0.9996244
0.9881463
1.302226
1.1449833
0.98102638
1.2411303
1.1735631
0.844642
1.5315528
1.0670222
1.9878842
0.79891433
1.9217465
1.0840983
2.2098353
0.51125213
0.76400205
0.71776921
0.86677477
0.98798
2.9675922
1.1871654
2.2951498
0.98171646
1.0964934
0.78820812
0.90396813
0.95979721
1.3508074
1.3618386
1.1717341
0.99997288
0.98426149
1.264237
0.88784962
0.91264006
0.88432355
1.3864093
1.1334749
0.98432933
1.2304692
2.1937683
0.77149219
1.2422731
0.58081041
1.1227934
1.9380799
1.9112685
2.2919686
1.3221865
1.0030073
1.3264775
1.3528027
2.7165998
0.93792808
4.0550857
1.3650602
0.93989557
0.84728719
1.0376458
0.9084725
1.8866346
0.83465732
1.7787953
0.84849357
0.61777935
0.96324182
1.3975538
0.95282395
2.018564
0.8833251
2.6604161
1.0192509
1.1144003
0.78836034
2.8466901
0.75871074
4.1282287
1.5441804
3.8905924
1.9612051
1.036398
1.2159429
1.0029889
1.3206868
1
1.1529324
1.0564539
0.87688467
1
1.3440377
1.0247564
0.91197161
1
1.0010548
0.96505632
0.78282919
0.9886042
0.94954245
1.2696115
0.68496902
1.1261255
0.94453694
1.3753615
1.004112
1.184424
2.3550236
1
1.0433252
0.92728181
1.1403505
0.85403211
0.72856584
1.080228
1.0503745
0.95895873
0.81982181
1.1858355
0.83658299
1.4359294
1.0598608
1.0054926
0.63903792
1.0467682
1.0007099
1.0111463
0.98358969
1.0074599
0.84431017
0.94509068
0.61110234
0.90709972
0.77155896
1.0219912
1.2568949
0.67516675
1.1420903
1.5545133
1.768411
0.94176227
1.1326776
1.2779204
1.2278212
1.045753
1.5987831
0.95622912
0.90480871
0.9652573
1.5013012
0.9616693
0.83155765
0.90474664
1.5038227
1.1984492
0.76532093
0.87959577
1.0963429
0.69471434
0.28853117
0.99406628
0.48746142
0.78606549
0.27015409
1.1095029
0.47448889
0.75916909
1
0.88181952
1
0.93948261
0.67934883
1.106375
1.1827891
0.87734996
0.96958264
0.97422151
1.3463245
0.80344171
0.80328761
1.0295982
1.4003129
0.80434194
0.56241657
1.0528952
0.81729941
0.92782089
0.83756002
1.0749427
1.0847132
0.63344706
0.35126953
0.81643068
0.71286191
0.73213895
0.30002012
0.9942597
0.48978758
1.0291649
1.1063848
1.1614073
0.89992011
1.2993633
1.1611351
0.94011152
1.2954448
1.1207037
1.0272467
0.85630662
1.2320382
1.1533919
1.1602255
1.1019194
0.80851407
0.96951072
1.1195102
1.0918158
0.23984
0.89907368
0.60255455
0.91343127
0.55395685
1.5528209
0.75325428
1.1838347
1
1.0674546
1
1.1839928
0.88329736
1.56468
1.1133719
0.9603443
0.95534451
1.0242758
1.0447434
0.85465205
0.84348886
1.1593621
1.1064848
0.86299839
0.99008548
1.2114638
1.1533188
1.100017
0.95265686
1.4614782
1.2349513
1.0697102
0.095281627
1.2111744
0.26932074
1.1695727
0.73562544
1.2530669
0.62809043
1.0054624
1.1307994
0.81163567
1.1453383
0.99892276
0.92613042
0.91778856
1.0548622
1
0.80795778
1.0284577
1.0068219
0.98641289
1.1706861
0.83973331
0.80694918
0.96015034
0.98426303
1.4316504
0.56996778
1.3091905
0.90170946
1.0179177
0.61626227
1.1205833
0.80712877
1
1
0.94317649
1
1.6016205
0.93421317
1.8415502
1.2573213
0.98477701
0.94388736
1.0757924
1.1512716
1.0140876
0.93586826
1.6101345
0.63616213
1.1095811
1.1201208
1.6137897
1.1345208
1.1467093
0.76246901
2.5609757
0.77935768
1.2178415
0.05689336
1.0550057
0.47154765
1.4832696
0.87580817
1.2266382
0.78307407
0.93589381
1.0898714
1.0792922
0.80250629
1.0079866
1.3236827
0.61305354
0.89328781
1.1415746
1.06703
0.88364488
0.90482742
0.97831662
1.0056481
0.97992173
1.0279153
0.91037375
0.66338682
0.75456622
0.6761389
0.96386971
0.93632209
0.62319204
0.34299031
0.62655986
1.0104023
0.77807424
1
0.91726477
1
0.99134455
1.0891909
1.0805592
0.89572859
0.8939521
0.89579329
1.031619
0.87926797
0.95742539
0.9028342
0.8630539
1.0242072
0.86232934
0.77700951
0.96716868
0.9360529
0.93095534
0.98775061
1.0138742
0.73431329
0.62286084
1.0880978
0.58122009
0.97295862
1.5787724
1.0176762
1.314068
0.82418379
0.94297174
1.0812669
1.1486834
1.0171608
0.89802703
0.88837644
1.2157405
0.89625014
0.99979417
0.91866545
0.67208595
1.2807004
0.98683372
1.4122468
0.97374969
0.71508451
1.1271381
1.0173068
0.87300891
0.93091345
0.52946623
0.87711728
0.9721912
0.92540592
1.5795122
0.95841829
1.2385938
1
0.60059563
1
1.1592257
1.0969953
1.0500454
0.99941936
0.93458733
0.93378372
1.1060425
0.94532401
1.0382931
1.041905
1.2030685
1.2093053
0.96042424
0.93074149
0.88213618
0.6140322
0.63864236
1.0062386
1.0403321
1.0893879
1.0845112
0.56361332
0.71200579
0.86542295
1.2776894
0.83429867
1.5419989
0.8602435
0.95143782
1.1393417
1.2285293
1.0746387
1
1.0121968
1.1135747
1.0091109
1
0.98463645
1.2315722
0.89060478
1.0000015
0.88783725
1.0837677
1.0675308
1
0.76258027
0.94180587
0.98760736
0.85971107
0.96972616
0.99663252
0.96686226
0.99999999
1.148716
1.1892784
1
0.70190809
1
1.1739005
0.63606757
1.2704265
0.894133
1.0597191
1.0387311
1.1241441
1.2516439
0.93905733
0.74207181
1.0799478
1.3960055
1.0270821
0.91419675
1.1154571
0.89132763
0.96020485
0.5988985
1.1931345
1.1913576
0.82157286
0.36874353
0.9408983
0.98438145
0.6529385
0.98553129
0.92642639
0.9075672
1.0149652
0.90033968
1.0622517
