0.86346193
0.5005001
0.97624443
0.96441978
0.88346596
1.0159418
1.1402376
1.4727522
0.9485678
1.7077406
1.0267766
1.1881997
1.1663622
1.0070278
1.1184402
1.1413189
0.80164635
1.105658
1.055502
0.98625473
0.83794621
1.0377595
1.1376919
1.1547357
0.87743713
1.4097829
1.1989477
0.58021104
0.79822745
1.1888307
0.98042708
1.1319795
1.0088235
1.3269114
1.4478775
1.221113
1.263916
1.4405143
1.240021
1.0768223
0.51283646
1.1391291
0.95078169
1.2663192
0.72820738
1.0310909
0.97221892
1.1907214
0.91683407
1.0395895
0.73046969
1.3066118
0.88356272
1.1655192
1.0586878
0.98889612
0.66775365
1.1413944
1.3094834
0.85739302
0.91818076
1.1210465
1.030893
0.84990198
1.2479404
1.2290814
1.301491
1.28139
1.5048581
2.4271281
0.68933107
1.3542581
1.055007
1.626201
1.0593872
0.71187144
0.93797223
1.5143411
0.77367372
1.040731
0.85927283
0.76461486
1.2450335
0.93914084
0.9467303
1.77712
1.0426747
1.0261304
0.92940219
1.1309232
0.89866623
0.90199521
1.013396
1.1530925
1.034076
1.2574523
0.52596205
1.3281062
1.765403
0.58834897
0.92701442
1.0911332
1.0284894
0.9538644
0.89502989
1.0590146
1.1392855
0.93148086
0.8704621
0.9960445
0.92903641
1.0253545
0.74223751
1.1472074
1.3598721
0.92275193
