0.80725418
1.1040072
1.20491
1.5875582
0.80617991
1.4533268
1.0353633
1.3803874
1.0120495
1.3250114
0.70067987
1.0464598
1.4469846
0.75367081
0.93548681
1.268083
0.85342077
0.81277861
1.1227731
1.1193967
1.3105084
1.0465737
0.7836311
1.2448259
1.2943496
1.4996457
1.0109605
0.70274548
0.9442516
1.1771252
1.0247982
1.5328341
1.0048189
1.3265297
1.0686827
1.0816104
1.0037077
1.0113899
1.0491252
1.1286473
0.74803449
0.86309911
1.2499007
0.97908175
1.0831995
0.83131332
0.88998696
1.1854742
1.1285339
0.94413583
1.2171867
0.92724732
1.0667823
0.95708409
1.1616254
1.2950609
0.98864476
0.7242853
0.66741071
0.88742101
0.72507357
1.2843535
0.88139741
1.2647525
1.1606778
1.6468186
1.2812175
0.9451632
1.2525813
1.6065259
1.4391194
1.4421807
0.76550768
1.4351854
0.75142736
0.79917379
0.79481275
1.1334831
1.0708661
0.96641514
1.2922924
1.1262408
1.4325328
0.80389023
1.1226908
1.5542524
0.89856612
0.56743588
1.0518514
0.87123074
1.0247216
0.84258249
1.2067665
0.59317203
1.3684254
1.0998249
0.71129329
1.2651615
1.4910021
1.1272805
1.076234
0.89101401
1.00354
0.98074269
0.92174944
1.0246236
1.0815502
1.1200824
0.90732124
0.96412551
0.99171965
1.1128144
1.0463129
1.1083549
1.376997
0.94529144
