1.265717
1.4581474
1.4897034
1.5013641
1.2659039
1.6951982
1.3241709
1.7737801
1.2991222
1.7201334
1.4286172
1.1090831
1.1336074
0.91243032
1.1376541
0.72179851
1.2310163
0.68636592
1.6388722
2.4105729
0.71754305
1.1093286
1.3842632
0.53030151
1.8057559
1.1613081
0.67088712
0.95088189
1.374132
1.0505276
0.92261963
1.5405453
1.2204581
1.3827719
0.98993053
1.3395609
1.0940032
1.3557389
1.1686381
0.95618606
0.47100533
0.76187457
0.82476784
1.1973771
0.81268021
1.0639578
0.65045913
1.3345981
3.0505102
0.94072483
0.93343288
1.2990639
0.69917848
1.1738998
1.1112479
1.1408435
0.50242861
1.0433552
1.2854576
1.0176073
1.1648349
0.91242554
1.3716064
1.3033832
1.5723409
1.6827399
1.6580497
1.3481933
1.58824
2.1487728
0.68115291
1.0201782
1.0630113
1.970975
0.72794826
1.0568025
1.022107
1.5288681
0.92388912
1.2503072
1.4896862
0.97846766
1.5176039
0.92038892
1.4363199
1.7065747
0.87306871
1.0354802
0.77557795
0.99593492
1.4725233
1.3045267
1.1490521
1.2466775
0.98812522
1.2160635
0.48926803
1.146741
1.9486748
0.70002802
0.9245903
1.3635938
1.2424067
0.93485853
0.9342284
1.123405
0.89197363
0.9715341
0.8064984
1.3057501
0.9240534
1.083611
0.73226058
1.1749004
1.3818204
0.96236671
0.75556101
1.0838417
1.2339451
1.5061592
1.0381705
1.5596993
1.3680695
2.0383065
0.83652749
1.6701328
0.85746646
1.8348333
1.1238437
0.9881736
1.1322319
1.2928466
0.99143012
0.9741801
1.6725433
1.0118372
1.1048978
0.9784731
1.1212786
1.2221414
0.89430002
1.4971318
1.3451484
2.011742
0.80046416
