1.0358014
0.95674125
0.76073494
0.79323854
1.4528082
0.99966465
0.84665884
1.7181372
0.75544068
1
0.67992189
1.1776699
1.2148979
1
0.94783215
1.9157508
1.0191023
3.3021771
0.79530327
4.0114029
1.1053624
1.1062926
1.0942409
1.6894689
1.4567296
1.1784825
1.0274287
1.5005503
1.7633559
6.5103384
1.0914137
5.7833874
3.6541982
1.918662
1.6006992
2.9536539
1.0451436
0.24352145
2.0993809
1.4254598
0.87482117
2.5600395
0.94804436
1.6026865
2.0322336
8.2123307
0.98548853
10.352388
0.78614423
10.419173
0.73018926
5.7389614
1.5068385
0.71142841
3.9129245
0.80082492
0.83974665
1
1.7315204
1.1003147
1.3323949
0.6215692
1.8248088
1
1.1396298
0.98528973
2.6471502
0.9987247
0.91553347
0.65230908
3.5417572
1
3.0994785
0.95652192
4.14188
1.3821975
2.4262911
2.4866918
3.1408078
1.5365893
2.3149339
1.5233422
0.82458917
1.2284267
0.74356543
1.6839409
4.2904402
1.8263176
8.4203478
1.8049162
1.7288716
0.56859388
1.3905242
0.60797642
1.0307649
0.42248082
2.1598064
1.2504104
1.9262577
1.1110567
2.6733211
0.76524888
2.4520797
2.1974191
3.7220034
1.8670558
2.0160171
1.6682363
2.0095914
1.856541
6.8444527
0.8454988
12.434002
0.74676319
0.95098967
1
1.176179
0.98465025
1.2070929
0.73111512
1.0456728
0.99326661
0.99998351
0.9215894
0.82399488
1
0.94200298
1.0719443
1.0832802
1
0.83481505
0.60736238
0.64356495
1.5191329
0.87821063
1.6880011
1.1490443
1.1829563
0.97988449
1.0735235
1
0.77220569
1.2445349
0.98658265
0.98066314
1.1495134
1.1136291
1.2880831
1.6888107
0.33200088
1.1365569
0.44817019
0.86141029
0.73560364
0.44405954
1.2977315
1.4587724
0.72200521
1.1058669
0.62942679
0.52582742
2.0086219
1.0402113
1.3374822
0.913254
1.4333977
0.61870044
1.1632583
0.96887562
0.64331515
1.0748194
0.73991777
0.93102733
1
0.52229446
0.93121592
0.664263
1.1143923
0.57698963
1
1.0371969
0.76035542
0.77390923
1
0.80837945
0.90867885
0.5907986
1
0.56657956
0.99902174
0.60907913
0.80697037
0.58124672
0.48244848
0.6764425
0.88575107
0.58185951
0.47897827
1.6062685
1
0.97920996
1
1.2914189
1.687191
0.71603103
1.8400587
1.1564042
1.4888843
0.92568101
1.1251701
0.80533888
0.34355795
1.5321581
0.3474585
1.6742426
1.2003526
0.92874013
0.43637215
1.1627434
2.0531169
0.83604221
3.5353803
0.76565628
0.81189869
0.60771305
0.64340802
0.985938
0.19968128
1.0412496
0.11286147
0.71601121
1
0.6600653
0.71436223
0.87668977
1.0659391
0.96369329
1
0.98600906
0.60449986
1.0361101
0.99462269
1.2628945
0.82242091
1.3232727
0.99859871
0.98094111
1.275933
1.5400761
0.67439039
0.64678119
0.81326115
0.64202536
0.89090399
0.87450217
0.60125751
1.2706676
1
0.55945968
1
1.0332417
0.97967839
1.2969397
1.2479222
0.79231203
0.72804457
1.0495174
1.0082574
1.0060336
0.031282757
1.2891433
0.01473168
1.2784741
0.92439788
1.1785918
0.8795679
1.3409137
1.6077574
1.1129518
1.4213341
0.57014929
0.56362085
0.76606507
0.9017554
0.98031028
0.049042091
1.7148653
0.045698728
0.70974557
1
0.56826618
1
0.73449582
0.83193047
0.96549617
1
0.99995544
1.2805192
0.6485732
0.99957659
0.9264892
1.0692601
0.49534134
1
0.78989586
0.79782785
0.67061204
1.14066
1.0845216
0.77587433
0.96908889
1.0964363
0.99211929
0.84916537
0.999788
1
0.94911567
1
1.6234934
1.1824914
0.92209963
1.1874385
1.1096977
0.58545041
1.3324872
0.88847789
1.0518241
0.028079421
0.78640804
0.02998223
1.6033014
0.84274044
1.1188944
0.69777179
0.5996811
1.2331002
0.72452548
1.3210375
0.65920066
1.4371244
0.37655469
0.50523491
1.5710634
0.12400184
1.4477273
0.17483779
0.75635727
1
0.61391723
0.99985503
0.8786273
0.73560447
0.50810569
0.89574669
0.87430642
0.89299999
0.9701273
1
0.66826487
0.69064591
0.56045874
1
0.71592447
0.93534516
0.63429249
0.9943255
0.70421702
0.72501374
0.50172734
0.99300815
1.0310508
0.92326885
1.1659928
1
0.82104172
1
1.0095901
1.2101567
0.54558359
1.2001059
0.81814471
0.88330257
0.78875014
0.68241369
0.82969484
0.70823291
0.96387787
0.66323212
1.4443488
0.59202045
1.032257
0.32350772
1.3299109
1.9866159
0.89646471
1.2760108
0.75784955
0.96650266
0.31944309
1.1739704
0.62956265
0.91409055
1.0996701
0.85384204
0.61202192
1
0.60917091
0.9988525
1.236726
0.7456417
0.63612145
1
1
0.84060121
1.0980548
0.99792278
0.79531238
0.89926388
0.68371197
1
1.1118007
0.92108711
0.68042406
0.92549848
0.83127386
1.0466663
0.79007825
0.99999809
0.9598861
0.97174659
0.90549137
1
0.62292639
1
0.71506461
1.8296804
0.89481605
0.86839923
0.71859557
0.68791319
0.71815266
0.75107926
0.92911834
0.27915146
1.1385253
0.088019376
0.89231358
0.84149513
0.96759578
0.63088406
0.87803071
1.7058318
1.2667047
0.78793662
1.1159925
1.2443992
0.69266038
0.55448393
1.0351769
0.632182
1.1413647
0.58654218
0.52637295
1
0.76222904
0.99930362
0.98501199
0.73977133
0.71817322
1
1
0.88556799
1.0840784
0.9990849
0.98759528
0.77007997
1.1037751
1
0.91388957
0.75028304
1.1582737
1.0254611
0.93998351
1.0017315
1
0.98266591
0.99951568
0.98282892
1
1
1
1
1.3373059
0.66140898
1.1402506
1.1364932
0.5451908
0.72050178
0.75848312
1.104204
0.89791248
0.046605723
1.031698
0.07485204
0.69439071
1.8120971
0.75212851
0.9045442
0.8724079
0.83121794
0.67377034
1.043952
0.98826356
2.2759515
0.52353995
1.4562321
1.1283861
0.79207992
1.0808499
0.56820259
0.61332084
1
0.29879951
1.275003
1
1.0713377
0.93806384
0.89758136
1
1.0261769
1.0688752
1.0938351
1
1.0937805
1.7296375
1.0709153
1
1.1669189
1.7410014
0.83549093
3.6411385
0.62833851
4.4204634
1.3293523
1.0824677
1.1042858
1.0746831
1.2030156
1.091605
1.0444234
0.97709385
1.2972317
4.3218147
1.128448
3.8108347
1.1185009
1.7634314
0.97701407
1.6451833
1.0487059
0.40499037
1.437267
0.7684539
0.91325887
2.3771477
1.4939015
4.2874719
1.1613812
3.5072306
0.80044202
2.8884415
1.2861363
3.0618771
0.63620893
3.1023598
0.82188856
0.70080602
1.0434499
1.2973376
1.0311465
1
1.7982123
1.0985843
1.1029621
1.2130667
1.1709548
1
0.99579174
1.0407976
2.1276733
1
0.9949327
0.78779753
1.6508768
1
0.91884988
0.92256653
2.8695639
1.242359
0.8185267
2.0496877
3.3703726
0.75469014
0.96384073
1.0957452
1.0534408
0.83267375
0.63932125
0.64382547
1.3903156
1.7224046
2.4063244
1.5911465
1.7709356
1.3165807
1.2139906
1.1948526
1.3719416
0.49805203
1.0922699
0.54059759
1.4509835
1.5813924
1.4363912
1.4760516
1.2181343
1.8290406
1.5054735
1.6932956
1.2918211
1.5248266
1.5734968
1.5512912
2.0859153
0.74896382
1.4351342
1.615305
1.1136328
1
1.0243555
0.99538453
0.99524472
1.1673295
0.80006356
1
1
0.95349058
1.4832711
1
1
0.82030875
0.78841484
1
1
0.9899382
1.0475768
0.98699395
0.97432752
1.045694
1.3941214
1.071116
1
0.96395609
1
0.77700549
1.005563
0.82359084
1.187415
1.397547
0.97350511
1.3783715
1.2044113
0.81959663
0.85521673
0.87544699
1.0011161
0.559321
1.2276378
0.9562125
1.0640374
1.5085014
0.90210102
1.3131142
1.4360046
1.2799837
0.96384955
1.0261963
1.7174154
1.3243349
1.2003025
1.0585636
1.0975565
0.76405326
0.99793353
1.0628536
1.0928142
1
1.094624
1
0.94265805
0.99113139
0.80695693
1
0.80978151
1.1228839
1.0293228
1
0.88261167
0.89773822
1.1578052
1
1.02363
0.89751716
0.94930203
0.88141998
0.99412362
1.0703566
0.71837177
0.63094101
0.94669907
0.83342727
1.2197181
1
1.1163791
1
1.2885358
1.4066951
0.79660384
1.6318013
1.3695626
1.5751936
0.76137998
1.3421692
0.91583651
0.58827116
1.2793843
0.72130921
1.0218931
0.78510336
1.0312508
1.1941011
0.9566182
1.3008378
0.81909375
2.2739954
1.2761164
0.69937898
0.87030772
1.0187244
0.51566571
0.58840372
1.2422353
0.61834873
1.0130267
1
0.93539236
1.1172262
0.96744218
1.1300744
0.95167235
1
0.87044343
1.1907288
1.4021884
1
1.0106834
0.91630511
1.157374
0.99931521
1.2661271
0.81756127
1.1014335
1.6419434
1.0322956
0.6391563
0.70653976
0.79254912
1.2399614
0.66346283
0.92127748
1
0.65827331
1
1.578524
1.5128596
1.3119375
1.8457317
1.4886414
1.4683098
1.1385489
1.5692451
1.052012
0.063344587
1.0990376
0.12140906
1.3119281
1.5614978
0.92691845
1.0102785
1.1691015
1.4122818
1.0857387
1.8942181
1.461008
1.4515923
0.92444763
0.88818296
0.70221182
0.050332093
1.7792087
0.3602866
1.1449664
1
1.2723162
1
0.98896292
1.0422589
0.78658106
1
0.9953272
0.97959678
0.90225076
1
0.99807816
0.95634427
0.82261453
1
1.1060893
0.99236749
0.79807339
1.1171205
0.93428589
1.2248185
0.88163563
0.77608529
0.99889485
0.98565699
1.000921
1
1.054157
1
1.0345957
1.5704975
0.78501409
1.2496276
1.3576356
1.2246943
1.0104516
0.84835998
1.2282682
0.17846599
0.70416503
0.17879944
1.7616837
1.3775755
0.90276727
0.80478277
1.2493344
1.3960682
0.89393224
0.86584157
1.2496703
1.3535885
0.96177429
1.3306272
0.83591453
0.23386552
0.96392041
0.71949783
1.2014075
1
1.0597879
1
1.1249703
0.93915096
1.1350888
1
0.96861148
0.99954445
0.90874795
1
1.1812561
0.98660967
0.92999874
1
1.0094799
0.99034097
0.88144158
1.1827635
1.140823
0.97962996
0.68948895
0.98946714
1.4473568
0.99504024
1.1601305
1
0.96614999
1
1.0559218
1.2022378
0.82363616
1.1340635
1.4793643
1.2556368
0.83641875
0.54094518
1.4205366
0.53344431
1.0015207
1.1643173
0.9860007
0.68579262
1.1419575
0.73739888
0.77371669
0.74627842
0.7588729
0.9917988
0.92051129
0.72396949
0.93342184
0.94223002
0.4923501
0.80667798
0.96518229
0.99950524
0.97040615
1
1.049602
1
0.92685519
0.87431435
1.0461964
1
0.99879598
0.99466256
1.5085067
1
0.97750408
0.96309635
0.78678896
1
0.95602213
0.99204052
1.1749017
1.171917
0.92927928
1.0276313
0.70790912
0.99998914
0.99124641
0.9810465
0.99350753
1
0.74153894
1
1.1501223
0.9933445
0.82043774
1.2476984
1.0754865
1.7966392
0.86110267
1.3291521
0.85899596
0.46159331
1.2119354
0.25181678
0.6715551
1.2833488
0.97040052
0.50740579
1.0136784
1.128836
1.5692455
1.1979506
1.258896
1.0421271
1.0536786
0.82771233
0.83902024
0.90272201
0.9952607
0.8002112
1.1925996
1
1.0175972
1
0.99453892
0.83375195
0.81548319
1
1
0.9859935
1.1389818
1
1
1.0848236
1.0699321
1
0.93827727
0.99485768
0.99986427
0.85231446
0.99928479
0.99683103
1
0.99844335
0.99963423
0.99805993
1
1
1.0274378
1
0.88608617
0.82827156
0.93539861
0.83575873
1.291399
1.2086773
0.79422916
1.1884581
1.0349067
0.34113004
1.1029555
0.58027419
0.92606035
1.4609086
1.6670289
0.91311777
1.5144536
0.9427441
0.9319339
0.73295422
1.4749203
1.1071476
0.93341421
0.85190555
0.99218256
1.040633
0.99465326
0.91416569
1.3817255
1
0.84929866
0.73063507
0.99273176
0.93455173
0.71500048
1.016633
0.99948243
0.88605993
0.85420417
0.76010505
0.88365109
0.89364642
1.6038596
0.66902504
0.99999995
0.78653991
1.8971367
0.6600685
0.95972217
1.2133906
1.4209264
0.83046049
3.2209299
0.70302547
3.4732987
1.3148801
1.849309
0.91050653
2.7862133
1.0949569
3.134706
1.0006258
2.1791001
1.5183216
2.1363505
0.99055248
1.1750648
0.79625968
1.6202286
0.99206553
0.93687974
1.6227408
3.2893689
0.68135357
1.6480753
1.2771802
4.0819773
0.99709166
4.1074264
0.75794332
0.59975999
1.4215332
1.039836
0.9633613
3.7395951
0.67158203
3.8186903
1.2189806
1.3967762
1.2171593
0.95326688
1.0134736
0.70480643
1.5446892
0.99995327
1.0159299
1.1060304
1.7136464
0.99999999
1.6183909
0.77318258
1.5643359
1
1.6447824
0.74988695
3.7026382
0.89588633
4.8893554
1.0503576
1.6582566
4.2074545
1.6300919
3.1382203
1.0706457
1.8228961
0.78064012
1.8750975
6.006968
0.93188551
8.0038768
0.90680295
1.8676573
0.63309021
2.0197628
0.70547814
4.1470248
1.1026827
1.819469
0.69911946
2.9336503
1.1288377
3.6268708
0.80607974
2.9373485
1.6701415
4.913336
0.80662012
4.8203356
0.6591785
10.247961
0.76077221
1.3355758
3.2945621
3.5548265
3.7019349
1.2265429
1.177485
0.9521723
0.99999999
1.0663827
0.95051943
1.0866384
0.99983928
0.99990596
0.86218559
1.607488
0.99976123
0.99163441
0.66032514
1.3345676
1
1.2691534
0.88573277
1.0379002
1.0933403
1.030025
1.2487314
0.96763851
2.8094248
1.0725813
2.2122762
1
1.9177157
1.0045003
2.2397947
0.8776421
0.62108142
1.5442401
0.60955938
2.1936077
0.67523453
1.4027155
0.73573385
1.5015726
1.0938135
0.80963514
0.85998556
1.3887076
0.93832037
1.472674
0.57953626
1.3866331
0.79786438
0.95394836
0.79932528
1.1696598
0.77880647
0.91953357
0.75661172
0.93561898
3.2121561
0.71145497
3.2301207
0.98066112
1.0781802
0.71659661
0.99954827
0.79068149
1.0939251
0.80961207
0.99953275
0.98794999
1.3900738
0.58903961
1
0.58979728
0.99446804
0.75588501
1
0.61338186
1.013719
0.52909374
0.70866644
0.80185264
0.81918405
0.70341635
0.71966459
0.55671984
0.96357285
1.9007128
1
0.71695525
1
1.262324
0.9161271
0.6333694
1.1337333
1.145612
0.94004622
0.9180282
0.80669678
1.3008469
0.76201539
0.76538297
0.55335062
0.73736504
0.98715909
0.62019418
0.65628043
0.88843752
1.1536133
0.53962809
1.1910751
0.85572166
0.4710557
0.88908805
0.21955668
0.7288354
0.43376897
0.32854499
0.45801433
1.2317216
0.72385408
0.70445347
0.99986463
0.76947434
1.0640544
0.85835591
1
0.98210725
1.1735629
0.9565121
0.99789419
0.9606542
1.0622804
0.85178594
1
0.56364977
1.3232066
1.3580743
0.87750844
0.97942124
1.0028827
1.3148588
1.1528267
0.88662623
1.2180732
1.2070237
1
0.60994949
1
1.3555739
1.6861277
0.83481718
1.1243682
1.1960832
0.85999683
1.3507576
0.88896035
1.17463
0.84485059
0.91806694
0.68855157
1.2892595
0.99144492
0.81307154
0.62364614
1.2549077
1.1144967
0.87615638
1.0334774
1.1506059
0.18705146
0.93296524
0.16818994
1.0269818
0.94964618
0.78226361
0.68015617
0.99157565
1.0747555
1.10385
0.99999999
1.2348954
1.1284778
0.89272516
1
0.99983664
0.93140837
1.1403364
1
0.99043674
1.1653859
1.3044556
0.9999954
1.0610778
1.1669094
1.2636232
1.3866113
1.0590051
0.96869729
1.4201504
0.79769035
0.97867293
1.0284384
1
1
1.0845806
1
1.8039238
0.81359041
2.1427462
0.80704678
1.4485337
0.8354843
1.9092904
0.95649949
0.91089797
0.9752904
1.0545961
0.61742291
1.5189397
0.92524363
1.5962668
0.65686472
2.1548398
0.78181559
1.1213276
1.1497236
1.3218563
0.19121288
1.8140278
0.12742157
0.94830566
1.0009152
0.83975736
0.85533188
0.85792838
0.50547545
0.72138677
1
0.7274059
0.95377582
0.81219514
1
0.96701976
1.1010296
0.70285775
1
1.1062492
0.95648793
0.72728867
1
0.7426178
0.9435583
0.878604
0.86437448
0.52555228
0.89391138
0.52702757
0.97772825
0.54291233
0.93216149
0.93808689
1
0.72451254
1
0.92719885
0.77899025
0.62754204
0.89365128
1.8346679
0.86189489
0.72338113
0.70101737
0.7631017
0.63033099
0.91909766
0.71101516
0.81014734
0.66687459
0.50308936
0.45467352
0.75043089
0.69315714
0.40924446
1.1478769
1.1022225
0.86189166
0.65794888
1.0293682
0.92412224
0.91196423
0.55218881
0.91390816
0.92169225
0.81732291
0.77343562
0.99984552
0.78297511
0.3816681
1.5838165
1
0.92575058
0.95599866
0.90057701
0.99888048
0.98513752
1.1001611
1.0287198
0.9999067
0.70019649
1.0907189
0.83159725
0.97563081
0.99082485
0.99828182
1.3489586
0.99850751
0.78677797
0.92261567
0.96710149
1
0.54027996
1
0.59127512
0.88777629
0.70107073
0.95381828
1.4691276
0.85660365
1.2205089
0.78701459
1.1379312
0.89039588
0.73753865
0.88090133
0.84328206
1.0778942
0.74613251
0.82931131
1.0557216
1.1110321
0.44900216
1.2382525
0.7540353
0.86890151
0.84121812
0.38213858
0.91387533
0.65209485
0.57984322
1.6081009
1.0194869
0.98383508
1.6746284
1
0.98550773
1.1170745
1.1360762
1
1
0.95795049
1.0239628
1
0.99999708
1.0545743
0.88703141
0.99999722
0.99056307
0.96238127
1.3443007
0.95958867
0.952401
0.83172121
0.96973281
0.99265027
1.1464036
0.99767185
1
1
1.0585543
1
2.0316443
1.1481811
0.98197851
0.85190167
1.2166256
1.0516389
1.2142126
0.91681092
0.72125497
0.69467174
1.0647701
0.80399435
0.83048587
1.3529944
0.83157059
0.6479516
1.3577841
1.0992066
0.89992886
1.2157196
0.9649239
0.81784528
1.3674741
0.14137816
0.99604108
1.0894283
0.8416302
0.93584056
1.0076117
0.81094333
0.81264126
0.82392198
1
1.3376385
0.9377092
0.88133126
1
1.0965292
1.4146428
0.7398934
1
1.0174002
0.97861058
0.62379575
1
0.72277608
1.0718121
0.52481999
0.89454974
0.69429938
1.451561
0.58493208
1.5038936
0.68702399
2.1395048
1.2137949
0.98571235
0.8663668
1.0506979
0.8345462
2.3637453
0.8199292
2.26879
0.87897305
1.0694631
0.94016963
1.1903821
1.4122068
1.1412239
0.77331008
1.6617948
1.1239065
1.2647183
0.90322901
1.6812751
0.57771537
2.2620408
0.91775997
2.6243646
0.43969531
0.57117079
0.90818462
1.1448195
0.73274607
2.487341
0.93665514
3.45794
0.87287969
0.97843772
1.1962598
0.99500614
1.0840195
1.1526326
1.7487337
1
1.2007649
0.80937105
1.2672091
1
0.98076171
0.75660045
1.6523068
1.205505
1.6749877
0.78187863
1.74275
1.1849405
1.0763351
0.72234079
2.552919
2.1222525
1.1021435
1.8833978
0.93186367
0.91381835
0.84034423
0.93515175
1.8207581
1.0988179
1.7017163
0.69533653
1.2657689
0.92091375
1.0344391
0.87400543
1.385791
1.2158104
1.09351
0.77175247
1.8236537
0.97751387
1.1708282
1.0233556
1.3934503
1.2311869
2.275841
0.99824065
1.4524294
0.52102817
1.1944079
0.86256011
3.6898721
1.5830098
1.4463293
1.7251646
0.98682637
0.93439379
1.2373494
1
0.97502349
0.81611093
1.3801365
1
0.99997624
0.91635585
0.84803984
1
1
0.77859004
0.73759741
1
0.99999996
0.99093278
1.2854073
0.868507
0.98085777
0.69343148
0.97819918
1.4954967
0.99249745
1.6637406
1
0.48843737
1
0.51660215
1.6929186
0.9016024
0.84407519
0.81675222
1.0953594
0.88492538
1.0748638
0.71024178
0.92374059
1.47731
0.89809275
1.0242172
1.0116317
1.0553063
1.4691276
1.0346371
0.88619852
1.1232042
0.82162096
1.3369751
1.1185685
0.4813691
0.96643565
0.75777375
0.9055789
1.1857832
1.6414161
1.1922322
1.0501075
0.82237046
0.69283931
1
0.74827723
1.0491981
0.76639501
1
1.2196439
1.2615163
0.69923106
1
1.2324621
1.1567227
0.80750501
1
0.73668756
1.0770801
0.56689602
0.90197701
0.86830056
0.75516775
0.6780959
0.58899287
1.5127376
0.79475776
1.0976373
1
0.80948925
1
0.7104853
0.8035755
0.6257834
0.92357158
0.69734098
0.79440129
0.82434582
0.89567222
0.83065411
0.74879164
0.65986461
1.4000616
1.0610708
0.69666136
0.81609101
0.58094358
0.75621035
0.88846317
0.81937835
0.92339225
0.57884748
0.61047843
0.85858231
0.69724921
0.79238311
0.28011019
0.72070084
0.82684808
0.84891835
1.0455602
0.74972434
1.1855315
0.73338323
0.84557182
1.3534593
1
0.97155106
0.64659765
0.83036229
1
1.0122727
1.3637924
0.92209419
0.99829895
0.90117363
0.99971324
1.1795609
0.6249729
0.71743393
0.99094937
0.86660162
0.66586889
1.0981383
0.66696161
0.93722843
1
0.94195944
1
0.92811303
1.1635156
0.8583911
1.354384
0.87712599
1.0662974
1.0808708
1.0033898
0.94331798
1.0191636
1.2746755
1.0754862
1.367476
1.000962
1.0388889
0.95479703
0.85790907
1.0501513
0.89952614
1.3427773
0.64374031
0.170837
1.0621897
0.11160216
1.2009973
0.54566621
0.97310148
0.76054101
0.95554374
0.99096885
0.87636802
1
0.9831824
0.97511902
1.0341365
1
0.99998026
0.99534733
0.95768268
1
0.99830181
1.1403273
0.82163314
1
0.95901964
1.1697904
1.2461755
0.97592131
0.9573703
0.74218113
1.0178782
0.83534437
0.98980531
0.88508848
1
1
1
1
0.57065521
0.93985074
1.641508
1.3733438
1.0137397
1.2025844
1.4029394
1.1380895
0.97013345
1.3267683
0.97881345
1.3790529
1.0995956
1.0667103
0.69844092
0.88461916
0.87448619
1.1682038
1.5322673
1.3551855
1.0559537
0.098759239
0.93940414
0.18688869
1.3509109
0.78503219
0.80735723
0.70832475
0.99317314
0.87300207
0.73845379
0.99909761
0.79095633
0.96485757
0.63691589
1
1.1271458
0.98658234
0.9508962
1
1.086606
0.97077882
0.98799883
1
0.77411592
0.9768236
0.63395888
0.99304158
1.2492872
0.98783208
0.69769084
0.98765018
1.0910319
0.9908656
1.324062
1
0.59957222
1
0.79601808
0.89347003
0.66824257
0.94160651
1.0176392
0.71838596
0.78466884
0.91393577
1.0097971
0.69496889
0.64197425
1.4417981
1.1137796
0.7310167
0.84309384
0.97459843
0.86132291
1.0089563
0.63666885
0.86702992
0.7001368
1.0364168
0.77768978
0.83206311
0.85414668
0.79357721
1.0831057
0.91982781
0.82206867
0.83112944
0.8740525
1
1.2595672
1.0712283
0.63004023
1
0.99308756
0.99671222
1.1097873
0.9988843
1.1257173
1.334394
1.3057046
1
0.93322298
0.97800513
0.7400246
0.99802286
0.84381947
0.99483203
1.2398482
1.1200243
0.97180726
0.9752163
1.0021592
1
0.95170582
1
0.89268551
0.77494148
0.8082334
1.0539995
0.8375184
0.81989122
0.80975511
1.0528026
0.80870829
1.0211832
1.2816598
0.90495999
1.3728818
0.79523113
0.99932789
0.76347444
0.93099212
0.97053859
0.60659614
0.64453309
0.73673587
1.0527447
1.0737737
1.0355597
0.97627305
0.62735479
1.0777747
1.2892142
0.76300039
0.91328943
0.9364897
1
1.0055454
1.2505573
0.92051671
1
1
1.2043118
0.93912318
1
1.1235409
0.98349314
1.1270737
0.99367907
0.99000035
1.0601144
0.966751
0.95177418
0.98511637
0.9926274
1.1904819
1.1776185
0.99681389
1
0.94599737
1
0.98201038
1
0.98459627
0.59185175
1.1281413
0.86497294
0.81869235
1.2794828
1.3417485
1.1379188
0.78017458
0.83690491
0.79318955
0.89696674
1.2475997
0.84283181
1.2843347
0.77931772
0.86912114
0.83776008
1.0821091
1.0795486
0.79454192
0.73179994
0.84487103
0.76934127
0.93023712
0.51163622
0.97948269
0.95827727
0.87767082
0.87194405
1.1430139
0.98714592
0.99100056
1.0803184
1.8941472
0.6434434
0.99485036
1.0031283
2.0316745
0.70984958
1
0.84731011
2.5663173
0.66188398
1
1.3806352
2.1665309
0.55309882
2.9586805
1.1848244
4.8093425
0.90723115
3.7386115
2.3764386
4.5998804
1.736278
1.4200279
0.86172825
1.6348419
0.80988343
2.4835447
0.77752318
2.7945378
1.4690737
0.89853388
0.74587958
0.69391227
1.2923046
1.7364704
2.3322536
1.3188183
1.1433115
0.9177651
0.74142948
1.3945832
0.60336076
2.4309263
0.74075476
2.4683939
0.61765207
2.4334735
0.71626331
3.8931221
0.54606636
4.4919961
2.1186526
4.8299916
0.49011623
1
1.7500447
0.99703222
1.6492347
1.4836692
2.6400952
0.9796805
1.1354213
1.1228889
3.0536268
1.1857106
2.2743349
1.4078787
4.4657203
1
1.5605933
1.9845113
2.8005826
4.3067902
1.3171292
5.2492636
2.6594824
3.8985705
0.98723199
3.7129585
1.7136597
1.1683598
1.1259015
1.4877003
6.0285706
2.3994538
4.5564706
2.3119224
2.2746168
0.66716425
1.5703314
0.44999263
1.1633588
1.407464
2.6388288
0.69463204
0.93539451
1.4403028
2.6866744
1.1586127
2.6305522
2.0072738
2.4822696
1.9002125
2.7242734
1.8433822
3.161093
4.3980021
7.1825197
4.4125331
3.8193927
4.0625847
0.98539558
1
1.5311422
0.99878114
0.91391355
0.9171078
0.89246584
0.97822956
1
1.2341345
1.2889594
1
0.99690279
1.1747627
1.1091781
0.99845502
0.96908675
2.0603263
1.3080389
2.8131701
0.87140667
4.422035
1.089976
4.3607699
0.97515911
2.9929126
1
0.82386535
0.99998416
1.2620922
1.4315326
2.7225156
1.393469
2.1001226
2.9729825
0.43754743
1.794379
0.39387914
0.82045978
1.0603599
0.87180438
0.6866945
1.1966474
1.2788732
1.8168959
1.1105542
1.1378279
1.4433431
1.2919103
1.759505
0.82454859
2.2435979
1.4563448
2.7138854
1.3524118
4.6239666
0.94846076
4.4806847
1.2335543
1
0.5337907
1
0.91163172
0.82561105
0.53078225
0.99982547
0.83553391
0.78013139
0.54834643
1
0.80988448
0.76028813
0.65203873
1
0.49862305
0.77110345
0.49186466
0.83132192
0.6107992
0.57694364
0.61177932
0.99626875
1.1171527
0.63192509
0.96267775
1
0.52162224
1
0.5792004
1.0127377
0.39029263
0.89458806
0.87520408
0.66942322
0.31605586
1.2540608
1.1415672
0.70400521
1.52322
0.58180203
0.7367169
0.31065766
0.35296309
0.45229495
0.711378
0.60423799
0.33590587
1.0514065
0.34613061
0.47676255
0.41850971
0.85678766
0.58444479
0.89725219
0.72187547
0.95595526
0.34028381
1
0.78683677
0.99204611
1.0504623
1.4186182
1.0144054
1
0.98407407
1.2587698
0.72904704
1
0.87907286
1.2548032
1.3140285
1.0000003
0.84333265
1.3645627
1.4634394
3.2742306
0.94759073
1.9983722
1.2318585
0.99994607
0.70067248
1.3702289
1.1820186
1
1.4851942
1
1.2651482
3.4189778
0.93459878
1.275586
1.8490674
1.4863402
0.51452821
1.2035832
1.5815644
1.2221937
1.3219866
0.44996301
0.75822215
2.0006143
0.81169299
0.89461315
1.1849917
2.4164064
0.86466711
1.7393818
1.3614008
3.0228339
1.1303791
2.5608844
0.90089945
2.7295543
0.90487204
1.6985536
0.72293971
1
1.0659697
0.99899963
0.97450053
1.0924008
1.7505409
0.97689711
0.99796609
1.2080144
1.2110064
0.98424556
1.334869
1.1906104
1.2338034
1
0.96137513
1.8054704
1.9045747
1.8876614
1.3301982
1.4058985
0.95390809
1.4670869
0.97689115
1.1700539
0.99999999
1
0.9982561
1
2.11208
2.6796301
2.3034739
1.743825
1.5502634
0.61278954
0.79638334
0.58372075
0.79377281
0.96983219
1.2590816
0.64744761
1.3429519
1.1264738
2.2367836
0.48038926
1.3424806
1.9075634
2.1501891
1.7335321
0.91416538
2.3616466
2.9961438
1.6542596
0.88369034
2.5635534
1.6771942
2.3578454
0.80152713
1
0.46461738
0.99985209
0.89402831
0.58308009
0.89972102
0.99999053
1.1208626
0.74326893
0.6787258
1
0.95527113
0.51693454
0.68043473
1
0.91799167
0.77049337
0.67342137
0.98616616
0.46580122
0.68593169
0.7919301
0.99460884
0.58040667
0.85083532
1.3051559
1
0.28181486
1
0.93410976
0.88116086
0.42623316
0.74087039
0.90861961
0.44158326
0.29638306
0.6325896
1.1733172
0.28350666
0.84904355
0.70220549
0.81579433
0.52716067
0.34390343
0.59973053
0.99160502
0.86913079
0.34771662
0.96214568
0.64092443
0.88534533
0.40040393
0.87273405
0.65155337
0.93988695
0.54945283
1.0135971
0.35124223
1
0.59890574
0.99968487
1.0919096
0.57494916
0.67715396
1
0.99700285
1.0101662
0.74943847
1
0.99569621
0.7664962
0.81856731
1
1.0479128
0.78174013
0.90041804
1.3211705
0.62895405
0.85884019
0.99362617
0.99689406
0.68317004
0.97036708
1.0046169
1
0.89547194
1
1.4898362
1.4620385
0.38897257
0.96145136
1.3681633
1.0827055
0.37064295
1.2468416
1.1209352
1.0537499
0.99665723
0.43114284
0.93099598
1.5091366
0.52596102
0.80049143
0.87325652
1.4424554
0.59449604
0.97767308
0.83322468
1.1126515
0.53473924
1.3649321
0.85997639
2.0829563
0.75886628
0.78437703
0.88533857
1
0.63074182
0.99842504
0.99717917
0.92770284
0.89905344
1
0.99962203
0.81659829
0.96520041
1
0.99653015
0.84783909
1.0092704
1
0.99185729
0.87769677
0.98709945
0.95505537
1.0988133
1.1480818
0.9938285
1.2092943
1.2018465
0.98538462
1
1
0.99999999
1
0.91417238
2.9079996
1.1741639
1.1323729
1.7248267
1.2391168
0.60330191
1.3548496
0.88321717
1.1635986
0.90489034
0.64158705
0.9763799
1.4044536
0.57419001
0.41073134
0.97944653
2.0400399
0.78818062
1.2870731
0.923958
2.1637748
0.95845216
1.1466909
0.99540913
2.0422358
0.80649103
0.82190649
1.5698571
1
1
