0.92614357
1.069293
0.88737456
1.8525903
0.98886285
0.92908738
1.2817932
2.2311044
1.0331179
1.1814195
1.095964
2.6187039
0.81227709
0.96898863
0.90879236
3.059116
0.82616057
2.2034837
1.0750265
4.0533045
0.58560846
0.48014673
0.66186221
1.4388906
0.55152598
0.63024072
1.2907043
1.3181686
0.79002853
3.1345697
1.5095958
4.0185284
0.91106201
0.74941845
0.81273504
1.1099014
0.61445178
1.7104279
1.4926057
2.5518522
0.63718003
2.5899879
1.4392304
3.1661749
1.5274326
1.8563731
1.6273516
3.8656009
0.81856454
3.0710236
1.5915883
4.2239316
0.54255167
0.32677193
0.46434342
1.0450509
0.62939818
1.1113209
1.727397
0.85949516
2.2153294
1.3762166
1.2822727
0.97964194
1.2104078
1.0789685
2.5389948
0.99104316
2.2328324
1.3620642
2.6211082
0.98838003
2.748564
1.3635198
2.4247345
1.1304242
4.0114086
2.9639437
1.0787241
0.81846252
4.1090777
1.2223188
0.69420135
0.60155083
0.96143033
1.6133329
1.9053468
0.36338465
4.8571038
1.5868036
0.74453884
0.53924376
0.96657807
0.80312305
1.0212236
0.56593794
2.5556777
1.2019435
1.2427306
0.61933708
1.8874311
1.4789472
4.5154762
0.37950445
5.5752823
1.3282805
2.2822057
0.75431961
4.3547673
2.241907
0.81848006
0.3826927
5.0968839
0.83868368
1.030463
1.2208782
1.0417375
0.97532036
1.1104106
1.3651438
0.82270059
0.99626991
0.99999466
0.90799541
0.90972539
0.99137213
0.99991685
1.0018562
1.0562586
0.99914688
0.98279925
1.0848913
1.2613889
0.90862635
1.2144688
1.74949
0.94228571
0.85046832
0.99648923
1.2395614
1
0.57063793
0.64709183
1.2872409
1.0402727
0.25547844
2.1771042
1.7386177
0.82381182
0.51304207
0.96169642
0.85465093
0.74350148
0.57698019
0.68124978
1.1723385
1.0046046
0.56221621
0.87868901
1.4605845
0.97170301
0.31403757
1.1685989
1.3687821
1.1078716
0.52094407
1.4711868
1.9154632
1.0512546
0.91327658
1.5408002
0.82273719
0.9266207
1.5611549
0.81749866
0.76298726
0.93881359
1.3713208
0.7443862
0.95355239
0.7673904
1.0466473
0.81230744
0.96765019
1.0127119
1.2290847
0.83074185
0.96178959
0.70578457
1.956519
0.81167094
1.0141962
0.95735811
0.81171948
0.65780961
0.9153672
0.82535492
0.30432101
0.44510825
1
1.0082948
1
0.62013974
1.0727455
1.2017775
1.709993
0.58103554
0.67921763
0.8219363
1.2157423
0.70498237
0.99772225
0.96228491
1.524618
0.34967453
1.0412699
0.64165801
1.287944
1.0941196
1.2284987
1.0991558
1.4551569
0.51500585
0.75322297
1.2263556
0.65350396
0.39592904
1.0445499
0.70757842
0.46004511
0.41568393
1.0871546
0.78113448
0.77727362
1.1318046
1.5825664
1.3779526
0.966626
0.98107323
1.2061417
0.72688615
0.9444602
1.0504005
1.7379766
1.4728428
0.91551212
1.3265661
1.3739323
0.66040602
0.88030418
1.6780115
1.0803735
1.1377105
0.86874844
2.33288
0.55498926
0.85806323
1
0.84705458
1
0.80027219
1.096825
1.3315226
1.6322995
0.55994224
0.76987253
0.82147147
1.074065
0.44326278
0.85756045
1.1493615
1.4036653
0.45420115
1.0147981
1.4198565
1.6207152
0.68518599
1.1758265
1.3204764
1.8215326
1.0174676
0.83830725
2.9356247
1.3000261
0.63672284
0.3381271
2.0856306
0.34828785
0.55118117
1.1197424
0.92133715
0.95401276
0.97956069
0.86172847
1.2734664
0.99537089
0.99985561
0.84707852
1.0151815
0.99488836
0.99857425
1.1934026
1.1949684
0.99284565
0.98784849
1.0503036
1.1334331
1.1027683
1.3206052
1.7761662
0.99621498
0.99148248
0.98245643
0.86193049
1
1
0.89320836
1
1.5298189
0.68966327
2.9589881
1.1231073
0.50687204
0.53147922
1.3569245
1.033719
0.82500553
0.8296889
2.3268075
1.2690807
0.92356618
0.79969128
1.4570671
1.5639073
0.88163072
1.0368521
4.1027692
1.4203404
1.1786667
0.965821
1.4331877
0.81202747
0.96929692
0.92485674
1.8018317
1.1838943
0.81038046
1.2851888
0.6373508
0.9202434
1.1067954
0.79702175
0.7958353
0.99546125
0.97218054
1.1553881
0.64042943
0.99099424
0.85433313
0.53781519
0.74223737
0.9940646
0.80633043
1.1063954
0.85233282
0.98662457
1.0013992
0.76941988
1.2042821
0.99786146
0.83963207
0.89052082
0.34069448
1
0.69289568
1
0.61107334
0.72537291
1.1609484
1.5146529
0.44263129
0.72150646
0.80173446
1.0062616
0.61838344
1.3939141
0.85739456
0.95194949
0.65042037
0.74115935
0.75533315
0.70978871
0.7741581
0.96329973
1.6852197
0.82735226
0.57057346
0.83938565
1.2359761
0.79045139
1.0289449
0.99377236
0.59740116
0.99391633
0.81712008
1.2461066
0.82990323
0.95247504
0.92991882
1.077225
0.93173732
0.99842679
0.98463573
1.3788764
1.0589635
0.99554388
0.95818572
1.2798108
1.0807978
0.99744665
1.1813779
1.2385289
0.87400089
0.99668997
1.4075251
1.010134
0.98586271
0.99773941
1.1285357
0.98750548
0.90868136
1
0.92356702
1
1.0602011
0.88181444
1.1199594
1.4438039
0.43754323
0.63255
0.80207037
1.0584161
0.77217735
0.69807165
0.63935752
1.5261804
0.68467385
0.71263898
0.86027372
1.3456596
0.77518315
0.86661507
1.3013026
1.7619081
1.0754572
0.7987736
1.00813
0.76562678
0.957179
0.98827126
1.2128656
0.99526991
0.66802634
1.1379095
0.85497896
0.9869974
0.99755744
1.3581152
1.4538746
0.99932169
0.99998919
1.8478166
0.96912416
0.99821246
1
0.72746521
0.94713711
0.99851988
1
0.97176087
0.99812931
0.99565018
0.92074747
0.94040425
0.9999587
0.99972413
0.9979632
0.99986048
1
1
1.2980417
1
1.161665
0.90545899
1.4363561
1.1267181
0.84478351
1.3981799
1.2859298
1.6261665
1.3142229
0.69417207
1.8422455
1.1658106
0.87902902
0.99987631
1.2182782
1.7979201
1.1925376
0.94697223
2.5470085
1.4971707
0.99095625
1.0048235
1.0454698
1.0659483
0.99559469
0.99235026
0.84493415
1.097779
0.94264189
1.6300601
0.87994008
0.74011905
1.284585
0.90082718
1.7521588
0.80918894
1.2375425
0.94453471
1.9798468
0.65922931
1.2567365
1.3179915
2.055856
0.67080569
1.5995354
0.98407908
1.9313553
0.77384532
3.3384582
1.1673964
2.2965638
0.50778976
0.59039832
0.59764638
2.2334817
1.3163357
2.152617
1.7796086
1.4742233
1.1852527
1.7201175
1.3723603
1.8814184
0.93295361
0.89855183
0.8864723
1.802732
0.66824034
1.3571739
0.78382371
1.5110592
1.1901101
1.0306004
1.7605531
2.100195
1.0306205
1.4688907
1.4356785
1.8388327
0.96760806
3.504347
1.7251396
2.4338642
0.26891599
0.7113972
0.62559355
3.2450739
1.4812229
1.6519795
1.11847
1.0721472
1.1664987
1.4186851
1.3139164
1.2570403
0.99614121
1.362869
2.517624
1.2932266
0.98708391
1.2580878
2.3095706
1.3066914
0.99834412
1.3570893
2.8309327
1.6173738
3.6874843
2.0539569
1.8255755
0.63738439
2.410304
1.7704374
1.5064182
1.2528176
0.85070817
1.0419642
3.6326287
0.71955416
4.0149559
1.1834495
1.0302868
0.85243882
1.0106749
1.4325673
0.91491668
0.94538042
1.079831
1.6069963
2.0962412
0.9528172
3.3637833
1.580063
2.9104123
0.7936405
3.5920211
1.614046
3.5853675
1.3665341
4.634106
2.0865846
1.4618209
0.47383952
2.017008
2.0745686
1.679795
1.7772677
1.0302749
0.87859204
1
0.84710847
1.5749677
0.70061683
1
1.3331108
1.0339375
0.99083265
1
1.0562636
0.98980147
1.0786117
0.99997561
0.83440666
1.9061674
0.75641221
0.97689447
1.2364844
2.7316259
0.63355829
1.1199948
1.0426488
1.06411
1.1265082
0.81041843
0.91222667
1.5081344
0.58007878
2.2179984
1.0882609
1.1733247
0.96668554
1.3235715
1.3852017
1.0012045
1.2327428
0.95628001
1.202539
1.4523461
0.75947686
1.7608057
1.343774
1.6615408
0.76220623
2.6045678
1.3718092
1.4212237
1.0657126
1.3875869
1.5484498
1.3892947
0.44896107
1.0655285
1.5144292
1.5642952
1.5844792
0.86106721
1.147875
0.97676379
0.79923207
0.7913174
0.95118715
0.95163316
0.87740862
0.6013811
0.71868037
1.0561489
0.80294417
0.77357406
0.60175365
0.91674015
0.70521798
0.88670623
0.32077679
1.1921493
0.74458437
0.43021081
0.23704975
0.87202259
0.65638509
0.96353737
1
1.3702034
1
0.97557646
0.67778521
1.0146412
1.3400821
0.87902671
0.98262813
0.91327246
1.1201992
0.64108387
0.79963614
0.6363399
0.97744414
0.85997086
0.52542607
0.89691082
0.93485861
0.92221948
0.68189364
1.1528736
0.8898638
0.97179198
0.4011546
1.0380847
0.70561922
0.51740012
0.22150483
0.58460045
0.78673681
1.123997
0.96686444
0.96690098
1.2052423
0.85919769
0.88504473
0.76198624
1.1590893
0.97983452
0.81243562
0.99977945
1.1160357
1.0504589
1.2210684
1.079409
0.85427265
1.1518285
0.88139384
1.2076337
0.81932121
1.0784326
0.71378702
0.90773773
0.057450676
1.157433
0.45016735
1.2213022
1
0.72607653
1
1.327299
0.98354553
1.3669141
1.1123498
0.95248608
0.9664026
1.0669179
1.2868177
0.79443333
1.1199794
0.9202678
1.0874117
1.0930055
0.98930026
0.90704516
1.5686008
1.1462401
0.96041322
1.6121752
1.2526016
1.3496484
0.59917183
1.5906364
0.79245643
1.0456684
0.00730468
1.0030381
0.15837677
1.1447786
0.99819717
1.3447852
1.0009191
0.9753743
0.78717931
1.4855865
0.88317538
0.99510998
1.1427554
1.5620708
1.3902977
0.9985941
0.67461425
0.95170891
0.83072497
0.99647367
0.72187857
1.2600563
0.69476044
1.068239
1.0300929
1.4308531
0.53880665
0.99208618
0.87449844
1.0809183
1
0.93473037
1
1.2399881
0.88024867
1.8338799
1.2296839
1.1237551
1.000296
1.4481707
1.0846281
0.66000337
1.1555708
1.5142777
1.1129665
1.2682647
0.96725592
1.2440942
1.3087982
1.2355688
1.135576
1.7447487
1.0334672
1.2982537
0.79272506
1.0927503
1.067897
0.84986059
0.20302352
1.4099659
0.69420052
1.2732775
1.2049359
0.81161713
0.96807843
0.95624682
0.67193283
0.76449019
0.6639715
0.81260977
0.95644013
0.87183752
0.75010164
1.1339326
1.2327517
0.72069471
0.60621686
1.0216168
0.86227029
0.7492104
0.68575336
0.63599661
0.69278578
0.44147575
0.73387956
0.72024287
0.86033581
0.90494739
1
1.1497844
1
1.1180513
0.73749192
0.82349038
0.67988976
0.84522505
0.90185607
0.89008406
0.67201085
0.61820504
0.6298226
0.62663459
1.0891118
0.97958054
0.70622194
0.94943308
1.0454158
0.90866134
0.70155793
0.94473766
0.69548016
0.97227694
0.51705345
0.98736446
0.95500994
0.6995103
0.7582927
0.68621357
1.162348
1.1831857
0.91854316
0.84916042
1.1988212
1.0373304
0.91496504
1.1911831
1.0521211
0.9718058
0.83038598
0.95151102
0.77492216
0.9992929
0.7306827
1.008077
1.1283201
0.99140872
0.7594058
0.69776037
0.9398275
1.7234446
1.0497918
1.1721053
0.87954918
1.3267921
0.96461714
1.2149108
1
0.62196135
1
1.0784036
0.60756508
1.080252
1.2557726
0.89023704
1.0054469
0.95738615
0.93410559
0.5703411
1.3654646
0.8362413
0.96652325
1.0701938
0.82473719
1.2974727
1.2814229
0.93557374
1.1409176
1.114272
1.6426302
0.94228462
1.1739043
1.3794311
1.0037389
0.8170154
0.67764257
1.1892486
0.82721284
1.1216798
1.0110174
1.0332968
1.0595488
0.94931241
1.1089903
0.93527906
1.2582232
1
0.9127726
1.3468875
0.79778161
0.99985936
0.7649951
1.1364067
0.7990507
1
0.98793507
1.005394
0.88634831
0.98724473
0.89298805
0.93768224
0.99219281
0.96012653
0.99717063
1
1
0.98816638
1
1.1842204
0.81782606
1.2597966
0.77977194
0.94633414
1.086431
1.2855611
0.82022279
0.67256448
1.0566694
1.2596808
1.3368458
1.0257317
0.90183713
1.4027745
1.1803047
1.0275114
1.161724
1.1420978
1.0690275
1.1872243
0.92208471
1.1081494
0.97179207
0.6407675
0.80067453
1.0068802
0.97059353
1.2797073
1.1843904
1.1581365
0.95936408
0.98263323
0.79357808
1.6637418
0.74377648
0.98598655
1.0081509
1.4503754
0.74759947
0.99109427
0.92041925
2.2128708
0.78514237
0.99478684
0.91587314
2.425916
0.66879788
1.775682
1.1030656
0.99316667
0.87944687
4.4382632
0.74862052
4.3911149
0.78409894
1.8057288
0.83260771
1.3048639
1.0458305
5.1125501
1.171133
4.1938903
1.0552565
1.4453976
1.1641597
1.7309904
1.031191
2.27848
1.496968
1.5606186
0.51884649
2.4573829
0.99579973
2.2526196
1.0036307
3.6115915
0.72958624
4.1800863
1.2004432
0.74265666
0.90845543
0.67828781
0.74544006
6.1313423
1.2876801
4.1544091
0.79801545
0.82141876
1.1289131
0.99133988
0.75438519
1.0185547
1.2931623
0.99864751
1.0690174
1.0721138
1.3353033
0.99500893
1.0127834
1.0343873
1.75748
0.99040881
1.6785278
0.85671038
2.3513999
2.1005221
3.5009764
0.9419753
1.0567872
3.8622611
1.8925951
4.500097
0.76527
1.6070031
0.42207412
1.4598004
4.5707389
0.8051577
6.4592147
1.1621379
0.72192244
0.34883052
1.2906692
0.6561846
0.86239471
0.70198868
1.4952554
0.80498007
0.58998163
0.66858782
1.7670883
0.86363245
3.86663
0.17524281
3.1566499
0.59368716
3.8181875
0.52347145
3.3995952
0.7130081
0.94878293
5.3129436
2.9504546
4.1352923
0.70777765
0.95197832
1.093512
0.99995706
1.065404
1.0481683
1.1301475
0.99499406
0.99996927
0.87018123
1.412336
0.99955235
0.99046018
0.91576792
1.3123338
1.4219708
0.87423242
0.5918028
0.89899146
1.2635351
0.96641049
0.63983968
0.93715707
2.4637409
0.95379406
3.9668502
1
1.3763641
0.93133163
1.4849638
1.5002224
0.41716947
2.1335101
0.88256385
0.73042742
0.28909947
1.173013
0.48282338
1.2548868
0.46500749
1.6077908
1.1446103
0.91137409
0.45850585
1.3196761
0.56465195
1.9215946
0.18444604
0.88686468
0.47493668
1.065038
1.0297902
1.0810611
0.9297385
0.9783162
2.7355766
1.2283369
3.3359518
0.61234365
1.0550713
0.80852154
0.93600054
1.2496338
1.4526908
0.71365496
0.99507756
1.0420601
1.1686979
0.74461343
0.97484995
1.083622
1.338582
1.0568042
0.97584304
0.80478574
1.2590282
0.74892116
0.94718608
0.88020513
0.4264027
0.83634116
0.83028562
0.7916271
0.60052344
0.6371979
1
0.84153666
1
0.95304872
1.7690157
1.0302286
1.0778908
0.80268194
1.2249689
1.1291007
1.507345
0.95124715
1.3338617
1.0055734
1.2306099
1.0034287
1.1965065
0.97761214
1.0521999
1.0356639
1.7847224
0.73836416
1.6902032
0.99810023
0.87217154
0.72106348
0.52160347
0.34679342
0.86157239
0.91579436
0.53854484
0.79449839
1.0676704
0.65108576
1.1250818
1.2076899
1.5761791
0.76949857
0.99474387
1.1837817
1.4959045
0.64625227
0.98925839
0.97186671
1.6419348
0.71677064
0.96078214
1.1169278
1.0977484
1.3127173
0.9730175
1.166752
0.68547257
0.8207801
1.3005273
1.3489315
1.1812306
1.1774799
1
0.31044795
1
1.2024115
2.5677451
1.3975624
2.0753982
0.780822
1.425737
1.2258974
1.4216467
0.92827382
1.2781688
1.137263
1.2206287
0.9917389
1.2377251
1.0547839
1.0207779
1.6676126
2.1573509
0.90273454
1.6744391
1.5601115
0.54231608
1.2043212
0.55028399
1.0069437
1.1183478
1.303277
0.82355508
0.74608742
1.0690704
0.75336858
0.99130605
0.97468613
1.0848747
0.93959292
0.99849587
1
0.96972601
1.1510967
0.99712875
0.99144892
1.5229377
1.1209619
0.99439462
1.0587365
0.99342525
1.4236484
0.85072794
1.4115156
0.51455805
1.0957936
0.96734741
1.1920844
1.8885478
1
1
0.85960692
1
2.0863027
1.136524
4.2373518
1.4944526
0.84603883
0.45105899
1.640006
0.89683345
0.87816666
0.54002256
2.0959564
0.7012087
1.2806886
0.80120139
1.5111869
0.73924382
1.5763585
0.33034441
2.8729186
0.787938
1.1832163
0.49760685
3.7539314
0.62012652
1.1838175
1.4659023
1.1403804
0.93115805
0.57389628
1.0175655
1.0091592
0.99266877
0.92233557
0.97825563
0.79622524
0.9990398
0.98387099
0.79313467
1.0305085
0.99739921
1.0768251
0.98142665
1.1422145
0.99892249
0.75577039
0.7988851
0.8274913
0.998321
0.74640007
0.49951555
0.68873368
0.99562688
1.2296884
0.84000934
0.56665065
1
0.66507663
1
1.1011365
2.4774589
1.1066466
1.3006443
0.33631076
0.9374783
1.0106894
1.0244027
0.99862954
1.1824204
0.92433376
0.91177488
0.52337697
0.95435641
0.87300863
0.88383031
0.63312066
0.96954154
0.74899494
1.7749522
0.9645656
0.99454329
0.71778991
0.77244917
0.90423552
1.0936166
0.65178051
0.71134893
0.80365853
1.0045339
0.9004405
0.9828648
0.91651063
1.0261587
0.96656405
0.9996199
0.99894941
1.0548878
1.0341146
0.9964091
0.97348965
1.0684704
0.71104995
0.9986393
0.90300509
0.59445975
0.91769552
0.99878738
0.86539108
0.90552719
1.1488969
0.9999283
1.3061627
1.2837586
0.99999555
1
0.46926233
1
0.73157438
2.2157012
1.034905
0.91936363
0.72936766
0.7845918
1.0963885
1.145742
0.87660391
1.0916633
0.9961898
0.97138543
1.025463
1.1305797
0.83965246
0.75421498
0.99793672
1.5306259
0.74172099
1.159378
1.1472041
1.1268834
0.79096395
0.8442549
0.966251
0.97046658
0.85721116
0.87042693
1.1067476
0.99634063
0.7668601
0.99265625
0.99204609
1.0277989
0.9866458
0.99987504
0.99932936
0.80846781
0.95435915
0.99988192
0.99921026
0.98050907
0.98128418
0.99954162
0.99175137
1.105086
0.98520293
0.99213829
0.96556444
1.0687925
0.99810881
0.99632544
1.11031
0.97772104
1
1
0.98844732
1
1.2668039
1.2640568
1.400917
0.9579191
0.66440247
1.4279098
1.1898018
1.4594932
0.94089217
1.0286997
1.2931287
0.88620316
0.81153748
1.1933676
1.0217926
1.5244756
1.117607
0.96394956
1.1994125
1.1865961
0.97775831
1.0987793
1.0665914
0.88163926
0.99829521
0.93416381
1.413672
1.1024837
0.88950069
0.83628037
0.93954516
0.91166486
1.1563832
0.89308904
1.3267518
1.0943412
1.2710377
0.99050957
1.2535606
0.92149355
1.3655539
1.0412834
1.9679706
0.84799298
1.2080314
1.0007466
1.927474
0.698427
0.83263001
0.95171042
0.70690176
0.61708262
2.0194087
1.1993745
2.5368358
1.1250913
1.2352782
1.090467
1.6775264
1.0524156
2.8868525
1.3810507
2.9902153
0.86081994
1.0376028
1.0471759
1.4390094
0.97572717
1.0982277
1.1906546
1.3069006
0.82862202
1.4900052
1.011006
2.4213976
0.91327892
1.9548726
1.1855743
2.6973492
0.52312101
0.92425286
0.91637764
1.1657619
0.71952153
2.8483441
0.95999831
2.4427402
0.89038131
1.1048591
0.87598145
1.1726699
0.996462
1.04155
1.319254
0.7999196
0.93252607
1.2624575
1.1584418
0.87929481
1.1426681
1.2791107
1.7856665
1.100596
0.97166266
1.0087622
2.6687209
0.94242339
1.7768333
0.72098477
1.3461994
1.641692
1.9684601
2.4496311
1.2772736
1.2212293
0.97595462
1.7176536
2.6992468
1.1390062
3.7530662
1.8819175
0.96659956
0.90950987
1.0662461
1.129284
1.6932503
1.1334712
1.5925088
1.5109876
1.1327053
0.986926
1.4036211
1.1423113
1.9960994
0.90286281
2.980382
1.5105664
1.5500863
0.84883382
2.9706199
0.94551754
5.9096439
1.5605313
4.2223072
2.6190629
0.93419265
1.1141664
1.017229
1.0196535
0.99992983
0.67226787
1.0647065
1.4353347
1
0.84254964
1.0809171
0.88786018
1
1.1666065
1.0233216
1.166364
0.99941069
1.2109265
1.4814934
1.031123
1.2153901
0.79407457
1.1935616
1.672293
0.99895132
1.7482938
1
1.1766318
0.83503819
1.48372
1.3339762
0.78805462
1.2084131
1.7287715
0.86116409
0.89509022
1.0224552
1.0470102
1.4026808
1.0509764
1.5141839
0.69783756
0.86359434
0.88230889
1.2256576
0.75221258
0.76426784
0.76073276
1.4499862
0.5958669
0.86244801
1.0303809
1.0091039
1.2101446
1.0176382
1.278113
0.87411499
2.2776076
0.97773929
1.1931829
0.88385578
0.92900624
0.8720278
1.1379547
0.82441949
1.3514171
1.1960584
1.1595404
0.88665988
1.0112003
0.9521597
0.88050197
1.7585493
1.2123014
1.0227546
0.93675497
0.8099669
0.44112497
0.89533212
0.73330924
0.60269135
0.24865182
1.1106604
0.5051713
0.93418239
1
1.0510584
1
1.0080016
0.81882629
1.288329
0.89737434
0.90634525
0.98768328
1.0244574
1.3890358
0.89444144
0.69745831
1.1207503
1.3381553
0.89345087
0.71062491
1.0196354
1.0247267
0.92657672
1.0076434
1.1633073
1.3783383
0.70613071
0.26769266
1.01935
0.46258422
0.73492996
0.47303022
1.1494715
0.58775229
1.0200852
1.1488286
0.89614783
1.055786
1.0284309
1.3428521
0.90638536
1.7103188
0.99403626
1.3154565
1.0216471
1.222076
0.98830567
1.1191305
1.2844612
0.96368557
0.95164916
0.87858498
1.0538489
0.28948314
1.3727537
0.41327141
1.3859207
0.90186439
1.5822169
0.65283079
1.0583668
1
0.73015639
1
1.4689148
0.9146901
1.7682821
1.4404417
0.98299923
0.99317631
1.0719235
1.0038028
1.0561247
0.9265439
1.3345809
1.1947666
0.99987795
0.93431157
1.0700524
0.9889674
1.2522676
0.93922977
1.3678652
1.6317353
1.1259635
0.12502927
1.2652419
0.35764146
1.4920316
0.58438686
1.2060726
0.66737359
0.98223829
1.1425868
1.3618092
1.1704929
0.99999998
1.2541499
0.82746844
0.96818754
1
0.7495034
0.99388311
1.0575019
0.98737585
1.1508867
1.1893554
0.98030908
0.99989827
0.86860479
1.142218
0.52726453
0.98304406
0.84305689
0.97893394
0.75644095
0.98337344
1.4545825
1
1
0.81366349
1
1.6264583
0.89289784
1.987169
0.89840804
1.1438997
0.9967737
1.2343974
1.3615581
1.0547119
1.0257841
1.7505495
0.84201312
1.2173798
1.0680951
1.4286533
0.99511801
1.4155402
0.94501584
2.1099735
1.2239452
1.5950334
0.081333325
1.0542232
0.41151398
1.2929165
0.62334648
1.0098502
0.8169928
0.9687684
1.1303351
1.280585
1.2501194
1.0574475
0.91227838
0.84727963
1.0956782
0.98948534
0.68482511
0.98368307
0.75537382
0.98244861
0.73898165
1.5261343
1.0682688
0.89310497
0.99005295
0.67671749
0.74751351
1.0607321
1.1028181
1.0271331
0.7677863
0.97041756
1.2757667
0.80704133
1
1.2285248
1
1.0592025
1.1522729
1.1851782
0.76289475
0.86866764
0.9726729
1.0578926
1.0025913
0.88320291
1.035263
1.068591
1.211638
0.7657741
0.90054684
0.89186305
0.70275124
0.89678511
0.75838504
1.042576
0.91846332
0.68885694
0.74903038
0.63626271
0.95915015
1.0183148
0.78632033
1.1883327
0.89311137
0.93975886
1.0229413
0.95150877
1.1589907
1.0607558
1.1606917
0.71313746
1.1060889
0.99736721
1.1267574
1.0876972
0.81066789
0.99965489
1.0528027
1.2340582
1.1163998
0.90175649
1.3499155
0.75445388
0.92755734
0.99845993
0.98396842
1.0496889
0.98557679
0.95958481
0.96078205
0.92370055
1
0.76757999
1
1.2073203
1.2743718
1.2337343
1.0250528
0.87576264
1.0779145
1.1045647
1.2027303
1.1261727
0.77316674
1.1371648
0.92467542
1.0170006
0.72955772
0.95422707
0.78993578
0.98941911
0.62421995
0.86939222
1.0637232
0.96506769
0.439668
0.68989566
1.0129441
0.96702482
0.72960876
0.95637608
1.0504356
1.0742236
1.1705073
1.1083234
0.99981478
1
1.2883778
0.956624
0.95181219
1
1.1392245
0.86956827
0.91427123
0.99999999
0.79560725
0.94995593
1.0654306
0.97676939
0.91120121
0.78498611
0.96915595
0.95485197
0.97410539
0.91420415
1.1857559
0.97294683
0.96663257
1
1
0.97096693
1
1.1329693
0.75492014
1.5252946
1.1861445
1.1806118
1.073874
0.9625117
1.2456816
0.96855175
0.59633388
1.6321368
1.1003341
0.75492721
0.81427752
1.3142525
0.96716229
1.2001171
0.75275273
1.3905047
1.3974221
1.1938148
0.59235064
0.88012636
0.69906572
0.93264203
0.71088035
1.2460739
0.93556381
1.022495
0.87523276
1.0165746
