0.78791646
0.47731416
0.88160555
1.0528612
0.92475248
1.1070154
1.1274207
1.2378212
0.76835148
1.7288209
0.79431836
1.2978174
1.2320854
1.0758642
0.9696741
0.91664096
0.79984052
0.93014167
0.95610784
0.83579632
0.74977742
0.91656571
1.1060679
1.0624412
1.4354147
1.3982367
0.90697886
0.69782873
1.198787
1.142248
1.0026127
1.1340943
1.4860434
1.3751614
1.3582821
1.1123023
1.511693
1.2796382
1.3050045
1.0289463
0.51381706
1.2905795
1.0180625
1.2693611
0.74859348
1.0964322
0.99258024
1.2867635
0.89590834
0.92706893
0.89945702
1.3891966
0.88879778
1.3842458
0.94378176
0.97349465
0.70433314
1.1535936
0.62060635
0.87485022
0.61245202
1.0194527
0.77299962
1.1564694
0.80489319
1.7563137
1.1277337
0.87933419
1.1821337
1.5956818
1.1291112
1.1918375
0.85598625
1.157609
0.5712751
0.73992266
0.85887031
0.83016319
1.1520301
0.87827633
0.82574389
1.2335417
1.5895802
0.86891132
0.76165143
1.9683086
0.78101062
0.55147954
0.90085701
0.81021954
1.0677242
0.87395737
0.99797362
0.74210469
1.2454036
1.1094887
0.70662798
1.1414951
1.4329759
1.0381398
1.1416667
0.94186219
1.1904208
0.95560782
0.94808658
0.93476565
1.0227374
1.0343128
0.88417792
0.97310036
1.0670654
1.2215632
1.2169807
0.99634312
1.417819
0.9054194
