1.110507
1.1070674
0.77019492
0.98097424
0.88343101
0.99075592
0.82934609
0.99661141
0.83879793
1.0718877
1.133147
1.0918262
1.4198937
1.1872073
1.0021166
0.85574543
1.001876
0.96438496
1.0154342
0.92617474
0.93378082
0.89073689
0.89126041
1.1962122
0.73199729
1.0323208
1.3894222
1.2640205
0.90446568
1.0928037
0.92907444
0.99729368
1.0673447
1
0.68413189
1
0.74925971
0.99924192
1.0514887
1.1407248
1.101764
0.79203214
1.0359761
1.292099
0.84743908
0.99104789
0.71772158
1.0665896
1.1585545
1.1140048
0.82239901
0.84935676
0.79065582
1.2661697
0.78161186
1.0569655
1.0921673
0.8112679
0.91956519
0.99525816
0.74688751
0.98102515
0.87813487
1
0.74348498
1
0.83856864
1
0.80634183
1.0495248
1.0423138
0.82689696
1.2252178
1.2390227
1.0135085
0.72953088
0.9005087
0.93972659
0.93096354
1.2489352
1.1490736
0.9022316
0.72388829
1.254342
1.1215273
0.91069539
1.1138585
0.92918298
0.9717839
1.0721438
0.85240786
1.1165098
0.87013139
0.99449148
1.1918444
0.99613828
0.73998754
0.97723765
1.0127843
0.93134308
0.9029558
1.1666398
1.2373673
1.2790221
1.0764456
0.95027567
0.87630714
0.95732706
0.77751973
0.79125926
0.75894073
1.0641865
1.2481777
1.2243358
0.94406652
1.0372819
1.0576394
1.1366518
1.0031511
0.99493774
0.96822539
0.59972499
0.93367817
0.77566501
0.99842524
0.75904997
1.0922261
1.0359742
0.98089243
0.97869104
0.81151495
1.0504313
0.77334119
1.4834149
1.3168978
0.91899527
1.0475534
1.019176
1.088155
1.0141637
0.84037093
1.0044913
1.0644924
1.0296955
1.0136663
0.97565034
0.66172673
1.204255
0.96521998
0.99387643
1.0845908
0.57968358
0.88013064
1.2702187
0.98298082
0.77061834
1.1900605
0.92571859
1.1192096
0.67734079
1.1759439
0.98723922
0.8539515
1.0857931
0.87172199
0.64267155
0.978692
0.86254856
1.1732212
1.1351022
0.88915947
1.1717593
1.0333817
0.74834166
1.0381594
0.802514
1.2789643
1.4046152
1.0432136
1.0568028
1.0798191
0.69311542
1.4390341
1.0213878
0.83400673
0.78289437
0.90043906
1.0024364
1.0956475
0.90761506
1.2709392
0.66670594
1
0.6408289
1.4398759
1.2352976
1.2652911
1.4964894
3.1376405
1.1839039
2.9304015
1.4439206
2.239854
1.1438875
1.1008665
1.4287389
0.31799332
1.3878123
1.6577807
1.0995422
0.99468205
0.8462037
0.67684578
0.96888865
0.86257612
0.77674659
0.74475925
1.1103594
0.74345676
0.97026505
0.6870363
1.2106776
0.3024489
1.5867835
0.81847017
1.1047314
0.95392852
1.0505199
0.46798118
0.93140725
1.0838187
1.0782106
1.0989339
1.1524618
1.0052932
1.0583373
0.32890237
1.432993
0.92732452
1.0446057
0.61590866
0.57098811
0.75068988
0.87318101
0.68353382
0.70096712
0.79152464
0.68909375
1.1802261
0.75836372
1.185061
1.22422
1.0307463
1.1824482
1.0655103
1.2537777
0.83742465
0.92188309
0.77705102
0.98103131
1.2582142
1.033883
1.1893879
1.0357824
1.2171917
0.87889151
1.698773
1.0560124
0.78805607
1.0274586
0.6600102
0.75353355
0.69073632
0.81079862
0.85741331
0.94214015
1.2824009
0.83079705
0.99655041
0.78779951
0.88006416
1.4227085
1.14948
0.95886385
0.72969502
0.92452749
0.9837715
1.0912717
0.87726868
0.90191892
0.93028377
1.1432358
0.88877894
0.95978764
1.2970015
0.94919219
0.74824394
1.42899
1.0745735
1.0347184
0.91032432
0.73809939
0.77923961
0.62043306
1.0106508
0.81688424
0.63643135
0.81560927
0.82756121
0.89538812
0.76215555
1.4600637
1.2712347
0.48547997
1.0079609
0.93427455
0.98653039
1.1168905
0.89374773
1.1053026
1.0503082
1.1955175
1.0936807
1.0582452
1.1341383
0.96100921
0.94695837
1.661473
0.93995687
1.007485
0.78972809
0.56669743
0.79408965
0.67827083
0.9658526
0.84059753
0.99925484
0.83374889
0.7839255
0.75596199
0.82354539
1.0794579
0.84554786
1.2543512
0.99818962
0.9220025
0.86339947
0.89613181
0.39857892
0.84669662
0.998725
0.96567753
1.5173762
0.96053349
1.0264029
0.88548939
0.85940906
1.1202403
0.90321313
1.0814059
0.91926957
0.56605892
1.066414
0.74117343
1.1326651
0.60416085
1.1388129
0.92937886
0.9249003
0.93210928
0.94362502
0.95089811
1.1054281
1.276529
1.014441
0.93009864
0.97006974
1.1090407
0.72617614
1.1846944
0.79664595
0.9911336
2.0133618
1.0887123
1.0159222
1.509176
0.66092444
1.1465559
1.0626463
1.1205103
1.2174358
0.71898915
0.89001263
1.2524073
1.1008972
1.0943552
1.025585
0.84246668
1.0149224
0.53168207
1.0533079
1.516462
1.1493738
0.61907934
0.82706727
0.59121111
0.91785345
1.1410126
0.93148294
1.2225615
1.0448355
1.2824488
1.2580758
0.87128369
0.96890765
0.62332866
0.74563213
1.5601561
1.1225954
0.9089732
0.84954421
1.1523911
1.1412648
0.973952
1.0992604
1
0.88971296
0.95063092
0.95903967
1.1076472
1.7044467
0.96150929
1
1.1798617
0.82207856
0.90295226
1.1199489
1.0188752
0.97683864
0.98365004
0.9483632
1.1118572
0.84938139
1.2322853
0.63116857
1.0819098
1.3979528
1.2341932
0.94733977
1
1.2670476
0.99862641
0.91603766
1
0.7787797
1
1.155183
0.99790733
2.1278123
1.063889
1.7403945
1.1044643
1
1.4212866
0.72039062
0.88415695
0.99802026
0.97467665
1.129267
0.71158859
0.86289176
1.1954792
0.86296895
1.2142837
0.7088452
1.0764836
1.9124852
0.69577269
0.98677188
1
1.0475838
0.96686145
0.76852673
1
0.94080639
1
0.87267027
0.99010523
0.99570335
1.0940365
1.8716468
0.9917429
0.99995931
1.1500272
0.92582787
0.94195145
0.8555482
1.0064797
0.87756361
0.92842295
0.99257292
1.1108191
1.3024745
1.1093375
0.8068418
0.89216484
1.4581691
1.0156339
0.98155126
1
1.0204639
1.1638079
0.87616586
0.9977577
1.0696517
0.98601069
0.92953915
0.97974941
0.99417125
1.4075239
1.2614017
1.0411661
0.97648741
1.4345298
1.1785677
0.95307943
0.93072534
1.0438536
0.89171686
0.93802617
1.353257
1.3243506
1.5014036
1.0624825
1.0461174
1.1527833
1.2137303
0.953524
0.99143968
1
1.1891465
0.88969195
1.4528891
0.91655555
0.97089754
0.92263075
0.811795
1.0201727
1.5932581
0.83970257
3.7122128
1.1661371
0.80022242
1.7404329
1.5319818
0.81795165
0.98841296
0.94053252
1.3627907
1.4031445
1.0183591
1.1432694
1.0628174
0.89982746
1.0009138
0.93577345
1.4640753
0.90481125
1.0197629
1
1.2102257
0.62579827
0.7379288
0.97197954
1.4425728
0.66364126
1.39391
0.70103385
1.0215221
0.63610142
1.1357021
0.90757711
1.0301454
1.2369258
0.88742308
0.66053091
0.97928062
0.92612562
0.75774812
0.96840468
0.95424445
1.1964113
0.91438834
0.68042554
1.2272166
0.71748189
1.7971502
0.83032527
1.0516909
1
1.1683847
0.74313966
1
0.55701089
1.0386305
0.83678344
1.2511057
0.78437062
1.1344234
0.82675354
1.3052206
0.69306078
1
0.9426095
0.67132385
1.0040342
1.0931011
1.1344639
1.4241181
1.367745
1.0876766
1.4107547
1.0365279
0.85448994
0.7384739
0.88957444
0.70252348
0.58075985
1.0019641
1
1.1305011
0.7624751
0.96382029
0.96232028
0.94637731
0.86775435
0.98678924
1.0241633
1.8040215
0.9985351
1.4342574
0.94472157
0.77736857
1.9286146
0.9175006
0.89912492
1.0014273
1.1064747
0.8897883
1.0537314
0.96167475
1.5094737
0.58534216
1.1896876
0.65622606
1.0725518
0.6438777
0.97693089
0.98348636
1
0.74449418
0.91356217
0.87893239
0.97969983
0.96579194
0.92946942
1.1979609
1.0220938
1.3350485
1.1239444
1.5574558
1.0535743
1.160922
1.1166337
1.5085172
1.1538593
0.91194255
0.90704549
1.6007165
1.1302944
1.0158111
0.96486603
0.93164599
1.1220526
0.89007985
1.0937335
0.98837849
1.0674102
0.96833016
1
1.0459997
0.91623826
0.78075378
0.91299473
0.86365007
0.8395016
1.0652037
0.79943094
1.0794704
0.93458171
1.8107633
1.4391669
0.95089774
1.2155553
0.9182819
0.69892942
1.0201061
1.0947434
1.0192819
1.7856435
0.9286023
1.0490318
0.76705822
0.9343622
1.4250268
0.95711271
0.8506336
1.4191502
1.0686444
1
0.76621001
0.84501646
0.82229707
0.93916554
1.2351965
0.92779515
1.227286
1.0194464
1.5518914
0.83535754
2.2474735
1.4611774
1.1268325
0.51319942
0.98750796
0.97296109
0.96413326
1.0632274
1.0434866
1.2171721
0.834537
1.140258
1.3053226
0.99641543
0.94039498
0.92857489
1.0423703
1.3912728
1.0252817
1
0.94739091
0.61031943
0.88536223
0.577083
1.508336
0.80021955
0.5632862
0.77563319
1.5846604
0.84240085
1.2131316
0.83310862
0.85980589
1.3026388
0.63088029
0.74717207
0.81302669
0.92768671
0.62794645
1.2314494
0.67969395
1.4517242
0.65281945
0.82208456
0.95463175
0.84637753
0.30488103
0.9506848
0.90619125
1
0.95133193
0.81543524
1.5913449
1.090773
1.1196265
0.89311872
1.5317319
0.97663194
0.97076674
0.90870251
1.3747217
1.2824796
0.94781239
1.0758344
1.3430518
0.86343693
1.0282031
1.1049104
1.1093764
1.503057
0.8382809
1.428165
1.1769357
1.1704256
1.2179414
1.2283901
0.67980312
1.1190921
1.0543682
1
1.161995
0.91371127
0.93755681
1.122605
1.4899261
1.0660855
1.1381674
1.0170148
1.1396731
0.78008603
1.0310789
1.1761512
1.2591698
0.63107246
1.0590701
0.63793881
1.0964558
1.0799379
1.1513817
1.0016781
1.2673912
0.74348973
2.8324737
0.8435289
1.890524
0.87510021
2.3321574
1.2468784
1.097097
1
0.9947849
0.89832657
1.0746017
1.3553526
0.88512468
1
1.0298735
1.1505596
0.78854527
1.0589929
0.97974637
1.0235908
1
1.2759189
1.3064604
1.1264187
1.509111
1.0850369
1.0011736
0.98765397
1.2090871
1.2119561
0.81232526
1.2399015
1.0106164
1.1612366
0.975098
1.1611493
1.0475853
1
0.80509267
0.98054168
0.99985791
1
0.98746188
1
0.99120409
0.95075607
1.2057862
0.86102056
1.1072903
1.028078
1
1.4135815
1.1385972
0.98127483
1.1742401
1.0084682
0.95581819
0.82551485
0.88081612
1.2925138
0.76859462
1.2271347
1.1504239
0.95695809
0.9966024
0.74782998
1.0551663
1
0.83736456
1
0.98986959
1
1.0529195
1
1.0989245
0.96920308
0.96702319
0.90141062
1.1240172
1.6605385
1
1.1991673
0.89639826
1.0546515
1.4542465
1.0348148
0.92856117
1.0187056
0.98582408
1.22344
1.0827353
1.0636033
0.83764784
1.2634921
0.99160647
1.2015951
1.0507202
1
0.83671229
0.99172641
0.98607077
1
0.98948178
1
0.99875713
0.90048406
1.1393714
1.1711556
0.98131442
0.78806538
1
1.4451896
0.99518111
0.95505339
1.1282418
1.0908289
1.0920343
0.97926153
1.0676545
1.3386799
1.1158394
1.0925248
0.99348215
1.0416785
1.1088975
1.059096
1.0282729
1
1.1718378
1.0071802
1.6158722
0.71963746
1.337116
0.64609817
1.30455
0.79773836
0.90719632
0.74418363
0.96264535
0.92611537
1.0064073
1.6422487
1.1225931
0.83451915
1.2570507
0.98292936
2.745693
1.3091009
1.1837333
1.2274232
1.2135962
0.87409232
0.94833247
0.9019762
0.97960355
0.74332597
0.97961277
1
1.0519965
0.92022163
0.99149112
0.95022389
0.8598378
0.73020933
1.1250782
1.0107234
0.93743172
0.69944112
0.977051
0.95937201
1
1.1202836
1.2684186
0.72746013
0.91841968
1.1309083
1.3782713
1.0884373
1.2845084
1.2063152
0.82939224
0.82208641
1.126597
0.71583976
0.95878761
0.75883243
0.99437708
1
0.84808809
0.58509674
1
1.1529094
1
0.74717387
1.0137077
0.73878649
1.005597
1.0416498
0.99893437
0.70854662
1
1.4147383
0.63011027
1.0050081
0.82819599
1.4874939
0.9650189
0.7547908
1.300288
1.088369
0.34927106
0.57637014
0.92494922
0.73041728
0.78308419
1.1676953
0.90139585
1
0.71201844
0.73680024
1.1636166
0.99314261
0.89548562
0.6455359
0.96018296
1.0091688
0.98060097
1.0317877
1.1499262
0.6368
0.63122927
1.900407
0.74163935
0.90266754
0.91819023
1.3332902
1.0872881
1.1182176
1.0655309
1.7657065
0.60472813
1.3630174
0.83545187
1.2650429
0.56914526
1.0050574
0.996064
1
0.72189657
0.65993505
0.90295162
0.81169828
0.87854125
1.1211663
0.93705593
1.1292385
1.8536841
1.0231365
1.2371754
1.0809916
1.274396
1.1189692
1.2221469
1.1916128
1.1026666
0.94374301
1.7731477
1.1139335
0.91987882
1.0795941
0.84571063
1.1360318
0.87336611
1.0919225
0.85175211
0.71960628
1.0022815
1
1.432448
0.60565899
0.97318303
0.894924
0.93546381
1.2308544
0.94900536
1.0133196
0.87175707
1.05545
1.2479642
1.1263687
0.94253023
1.2447209
1.2082884
0.84712241
0.91948447
1.0588891
1.3135761
1.2189927
0.74826027
0.93171449
0.72443674
1.0008458
0.98548233
0.69359464
0.80519206
1.2798833
1.017719
1
0.91969374
0.51743133
0.97632438
1.8098107
0.87357982
0.59186504
0.98201724
1.2534298
1.0799006
0.84510236
1.0823792
0.96552807
0.99680573
0.61698976
1.2510973
1.119028
0.99548036
1.1701698
1.5693457
1.117996
0.85731894
1.0409694
0.76891979
1.0530232
0.84439513
0.81257398
0.96195463
1.3956166
0.97742286
1
0.83926777
0.45552994
1.0320124
0.88767945
1.4106135
0.74150139
0.92521085
0.85982877
0.89226988
0.7514311
0.90570334
0.79424138
0.8177846
1.414092
0.94699344
0.78893282
0.84118948
0.99900494
0.86775661
1.1267809
0.72963969
1.1184969
0.51736057
0.83785677
1.001424
0.75673728
0.49559512
0.85690928
0.84691735
1
0.77408258
0.82132856
0.97268967
1.2696527
1.0946916
1.0912161
0.92890867
1.2435022
0.9417141
1.3333072
0.92707065
1.0852893
0.99931015
1.5537804
1.1302214
0.94838671
1.0740207
1.0062379
1.7693742
1.7477588
1.2124135
1.3719076
1.6475435
0.95737675
1.4016952
1.1132702
0.84544223
0.86614045
1.0856832
1
0.9541185
1.3490985
1.1376583
0.983748
0.96313286
0.81166184
0.91806709
1.0178821
0.96751211
0.74204764
0.97004183
1.0432536
1
0.52130988
0.87778919
0.57064481
1.0763615
1.08222
1.4496728
0.78962354
1.3414154
0.7251672
1.1721254
0.64966896
0.82260453
0.71164261
0.9828962
1.0342776
1.0592762
1
0.97389072
0.9982635
0.73611324
1
1.0787501
1
0.99421581
1
0.81395506
0.85078284
0.95289404
0.51399199
1.035914
1
0.96955973
0.80408892
1.4267468
1.0914156
0.45760135
0.71720289
0.75783128
0.60896971
0.94939686
1.2410091
0.9345581
0.57650746
1.4530198
0.46701499
1.0569281
1
0.97475956
0.99986372
0.77106121
1
0.86943209
1
0.85041992
1
0.79946607
1.1172756
0.95200936
0.69180902
0.93629326
1
0.92000384
1.2799632
1.191592
1.0333741
1.0539393
0.91137194
0.79649272
0.87729218
0.7686027
0.89796659
1.1165286
0.87978023
1.2605656
0.616396
1.0290799
1
0.95264912
1
0.95187949
1
0.67689307
1
0.64110272
1
0.93316433
0.75846586
1.0622989
0.59941232
0.96818244
1
1.0270239
0.71099521
0.86305058
1.0546718
1.0375252
0.99339419
0.57919442
0.65226136
1.1640253
0.81843733
1.0295415
0.43005087
1.1292907
0.26790243
1.0910529
1
0.83772889
0.98981126
0.71721814
1
1.0341404
0.99990763
0.97867963
0.99629583
0.89497708
0.58025162
0.70399501
0.74239058
0.75306752
1
1.2494784
0.7492947
0.90889325
1.0493533
0.92503943
0.81417798
0.72020448
0.87348523
1.1084381
0.77597341
0.98697708
0.73074992
1.1488304
0.26650322
1.0508378
1
0.97472717
1.0765571
1.2557496
1.1229395
1.2153291
1.5417918
1.1151499
0.91746466
0.95398982
1.0617201
0.8436436
0.46103392
0.8298813
1
1.076928
0.68979374
1.0271676
1.0801334
0.92486329
0.68090792
0.85552032
0.68584612
1.0024132
1.3082034
0.81990311
1.0025305
0.76839356
0.35399888
0.97654404
1
1.0166836
0.82554165
1.4112329
1.2063873
1.1235605
1.1414933
0.90762652
1.1936497
0.92010337
1.1305641
0.80059523
0.81340104
0.95583061
1
1.0856091
1.265077
0.87139011
1.0065783
0.95119093
0.88413677
0.89896835
1.0221808
1.0125869
0.9623882
0.84138803
0.86657419
0.98447607
0.65516469
0.95365538
1
0.80650458
0.75744604
1.6991119
0.98380702
0.83953239
0.85937543
0.84979235
0.71764791
0.85889079
1.2007325
0.80113052
0.79882753
1
1
1.3751792
1.2518944
1.153848
1.3083964
0.21067578
1.7920603
0.69213188
2.2712092
1.461082
1.8443301
1.0023783
5.4518391
0.0094824416
1.3457139
1.2904665
1
0.84546005
0.97222831
0.73733925
1.0034332
0.83768682
0.86425171
0.80918874
0.81929162
0.74300324
0.30514946
0.77551833
0.41377639
0.88790373
1
0.7264047
1.5102545
1.097287
1.1027063
0.57406749
0.78394673
0.89713658
0.81028288
0.92833012
1.2792747
0.9265681
0.6073553
0.52978729
0.48693345
1.0775173
1
0.72805651
0.56677356
0.67879034
0.75192719
0.86252843
0.71474296
1.005437
1.0395001
1.4257221
0.91077013
1.2597804
0.32818206
1.3407967
1
1.1528489
1.0530679
0.93853996
1.082402
0.87945818
0.83557482
1.1486016
0.88853535
1.0982951
1.0364352
1.4182017
0.50931982
1.1838468
0.42555652
1.1053264
1
0.53221923
0.78786236
0.86608554
0.90495461
0.79283022
0.60241246
0.43736256
1.1150199
1.1163279
0.58870772
1.0675534
0.83989149
1.2838509
1
0.53509058
1.2467713
1.0293431
1.1367079
0.94298566
0.97673483
0.9880607
1.138729
1.0844438
0.69162724
1.8897098
0.72402514
2.222227
0.80634369
1.0575664
1
0.99187271
0.87668283
0.90897598
0.71601944
1.0549639
0.73089407
0.70579749
1.0482216
0.96537986
0.85793035
1.0463989
0.6318971
1.2360646
1
1.0230208
1.1442277
1.0085667
1.1240724
0.91949393
1.0657011
0.927982
0.87430399
1.1517911
1.1534741
0.97712331
0.52186777
0.92598802
0.51019326
0.98177287
1
0.65131795
0.44672202
0.84889027
0.63181243
0.78340461
0.3614923
0.9026688
0.65152152
0.79289341
0.3636407
0.77391843
0.4155542
1.0495132
1
1.1707105
1.1105531
0.83151025
0.91537004
0.76516514
0.67893448
0.74339269
0.73271969
0.81047407
1.0590902
0.87203244
0.74259785
2.4650218
0.45154698
0.96169032
1
0.71096637
0.62873114
1.0037232
0.7602409
0.76183404
0.68283425
1.2068671
1.1978602
0.64226247
0.64840411
0.83634999
0.60653653
0.90554124
1
0.99700722
1.2943633
0.84129862
1.1511094
0.92066829
0.91183492
1.0689667
0.77426856
1.1885948
1.0487005
0.87023049
0.8198018
0.64529973
0.58924997
0.91650799
1
1.0108142
0.71892631
0.89025235
0.50822418
0.97477986
1.0047553
0.86551863
0.69914344
0.99120065
0.32943083
0.9409568
0.54140742
1.0082075
1
1.1401675
1.2926689
0.79257572
0.91611569
1.2611824
1.1465512
1.0930916
1.2760067
1.0686335
1.095757
0.73306661
0.75449505
0.73129251
0.62052088
1.0205871
1
0.68214743
0.99166353
0.64147398
1
0.64145205
0.99747033
0.7780531
0.98787043
0.49691873
1.1559702
1.0051685
0.96058695
1.1239
1
0.92473462
1.0020288
0.92878544
1.0329497
1.1602579
0.88868732
0.69171313
0.82868728
0.7665469
1.2386801
0.81855921
0.91171507
0.92456231
0.81306527
0.97399598
1
1.097208
0.99609976
1.0245037
1
0.73167452
1
1.0988751
1
1.1034552
1.1538733
0.96887443
0.96030224
1
1
0.60515213
1.3133789
0.7173063
0.94999495
0.87562818
1.1059765
1.1489873
1.1246148
0.68306388
1.4828152
0.61010019
1.1392385
1.5821292
1.3647517
0.86463652
1
0.65067007
0.99520401
0.9770445
1
0.58142749
1
0.49493623
0.99384618
0.59416214
0.66175855
0.903905
1.1066971
0.99565991
1
0.61432622
0.43200848
0.97350339
1.0873764
0.62069401
0.82489174
0.7723484
0.61108417
0.66064579
0.70265293
0.53550532
0.38674687
1.0844205
0.55323481
0.97360086
1
0.64739433
0.95399836
0.75474926
1
1.23269
0.99951972
0.87137976
0.99580597
0.70007838
0.70086782
1.7076991
1.2965675
0.89137809
1
0.67006619
0.70581513
0.90941129
1.0649293
1.059109
1.0860827
0.89810919
0.7683185
0.69869409
0.86640954
0.78040644
0.55115688
1.873398
0.56896938
0.90410097
1
0.77156354
0.86648955
0.52691318
1.0662143
0.82258483
1.0648371
0.6627545
1.0124694
1.0172717
0.68084764
1.437731
0.55314365
0.58037065
1
1.1805067
0.81020573
1.0522269
1.1486044
1.3475493
0.96633036
0.82353403
1.0619715
1.0052528
0.92063465
0.62287419
0.71533373
1.8149913
0.44133013
1.0531219
1
1.1004084
1.0009683
1.4570324
0.89136372
0.988844
0.88305895
0.75398223
1.1462385
0.99004802
0.54511897
0.81669497
0.79663713
0.9714379
1
1.0169335
0.69238822
0.84787289
0.94003094
0.61575432
0.99146782
0.99895642
0.74832078
0.95881686
0.81856999
1.618358
0.81211069
0.89321186
0.60946047
1.0019193
1
0.58940738
0.57975127
0.95636656
1.0752776
0.78456234
0.73766372
0.78002197
0.77690264
0.53277593
1.0864714
0.53487247
0.56203847
1
1
0.29498479
0.89024841
0.93811445
1.5481984
0.83555988
1.7854702
0.92354585
1.2035261
0.44221443
0.72034874
0.39444876
1.1523797
0.39060278
0.93280901
1.2546842
1
0.79184177
2.587646
0.54222884
3.0611568
0.861812
2.7171047
0.73166734
2.2473819
0.77068675
0.72926764
1.2580502
0.26995214
0.76662128
1
0.625624
1.5260428
0.95624936
1.1621652
0.94639368
1.1156252
1.1946434
1.0428549
0.64793119
1.2859282
0.70968734
0.82148181
0.58043552
0.96504087
1.0675651
1
0.61088448
0.64293986
0.91442257
1.0060163
0.67378057
0.63013315
1.0479687
1.1505998
1.159552
1.1016615
1.0346657
0.74200084
1.7576737
1
1.1571393
1.2291909
0.97548266
1.0916271
1.0324624
1.0784001
1.0485825
1.0570596
1.0227549
1.1431105
1.1814606
1.7881383
0.91900481
0.71733862
1.0161319
1
0.70668643
0.58135239
0.86138201
1.5315444
1.4062256
1.0306887
1.1565383
0.7666389
1.1913599
0.9474271
1.5683525
1.0011784
1.2808668
1
0.80201073
0.89892445
0.96701587
1.1263297
1.2190045
1.0270686
1.1083376
0.9896011
1.1320356
1.0316875
1.3898489
0.93492034
1.0088936
0.87251835
1.0359367
1
0.88681692
0.84695366
0.61243597
0.82471246
0.66903439
0.60117957
1.0065882
1.1174711
1.0308551
0.88527582
1.3017949
1.3127523
1.2690243
1
0.95706927
0.93735168
1.0118389
1.2324065
0.97832073
1.0450633
1.0307395
0.9652169
1.0280246
0.97199849
1.0124344
0.76648433
0.79171229
0.57843903
1.0705744
1
0.76934978
0.58731043
0.62451062
0.98117088
1.1368541
0.68070385
0.73316142
0.95400937
0.87016543
0.87122245
0.96851077
0.58540291
0.58509071
1
0.72110501
1.0227102
0.73402678
0.96777054
0.81983725
0.85349371
0.72493492
1.1174601
0.73857257
0.90153066
0.60921941
0.96339515
0.49165422
0.63820624
0.94339297
1
0.86219762
0.99055366
1.2076353
1.0439353
1.1329513
0.88145
1.3725528
0.99794322
0.67644452
0.930131
1.603765
0.93750265
1.0657985
1
1.1582334
1.0590068
0.96362176
1.2622919
1.4295636
1.3374205
0.86534252
1.2606419
1.0353955
1.2575564
0.89743656
0.90817571
1.1604376
0.67040746
1.1449524
1
1.1131299
0.84616381
0.83773986
0.62067734
0.93524777
0.78191114
1.0633341
1.0078328
1.3788506
0.52985775
1.9457351
0.82619827
1.1806845
1
0.89234523
0.55244283
1.0495636
0.74114278
0.89292039
1.1196576
0.92663581
0.86679318
1.2089486
0.96997577
1.1675847
0.85127442
1.2862812
1.3311721
1.0211952
1
0.54751206
1.383879
0.87453708
0.99951609
0.94220711
1
1.0900335
0.97263616
0.9348242
1.2494048
0.95446434
1.5552458
1
1
0.80554841
1.4938362
1.4208773
1.2143396
0.87559028
1.2678767
1.0270179
1.1286128
1.0332396
1.3067106
1.0918361
1.3895505
1.0705706
1.4091304
1.1461314
1
0.91078458
0.9993515
0.98744968
1
0.96194827
1
0.96135935
1
1.146759
1.1003714
0.99947063
0.99571983
1
1
0.82647272
1.2704621
0.97036585
1.0342963
1.2366466
1.0358505
1.1767424
1.4328807
0.89776702
1.2098541
0.83261977
1.0521992
0.99903624
1.5905112
1.0381294
1
0.56219372
1
0.84257685
1
1.2326243
1
1.0118259
0.99613927
0.85080746
0.65097301
0.96399972
1.0081333
1
1
0.88757807
0.51127206
1.1039879
1.3485904
0.97197841
1.0238761
1.065645
0.94363005
0.46268349
1.0540178
0.70027619
0.54291717
0.64081104
0.6032129
1.1806065
1
1.4382398
0.98272458
0.94919404
0.99916324
1.0595421
0.9997593
1.4393673
1
0.86677306
1.0597789
1.0623896
0.97799556
1
1
0.94655798
0.82748143
1.0481795
1.1796107
1.1970475
1.1054291
1.0123465
1.065822
1.0894285
0.94188418
0.59845947
0.95927075
0.98733348
0.78651839
1.0320553
1
0.88785319
1.1900779
0.83102261
0.83461205
0.90309192
1.1651437
0.87041614
1.2854733
0.9617774
0.76706438
0.97385022
0.88588882
1
1
2.3971421
0.89349662
1.1028069
1.1663265
1.2885255
1.1825494
1.0322392
1.3509916
1.2207469
0.91487706
1.0592862
0.77238579
0.9717771
0.31236077
1.1061794
1
0.84832374
0.85159155
0.99659055
0.92891297
1.3208225
1.0351495
0.94613077
0.93423427
1.0789389
0.72312805
0.92645983
0.91076837
1
1
2.4479996
0.69970023
0.79219451
0.88495014
0.94874558
0.79378926
0.78912959
0.8903387
1.515704
0.64065948
1.3655036
0.59299996
0.93440503
0.65755092
0.97865051
1
0.80104455
0.94183141
0.9848437
0.88913608
0.89737504
0.7116741
0.99681051
0.62516565
0.86651308
1.5027997
0.96817798
1.0493529
1
1
1.1282684
0.77847115
1.678281
1.2190682
1.8199755
1.1676146
1.7824433
1.4617528
1.5110114
1.2731268
0.72439734
1.3335076
1.0033761
1.152623
1.6328434
1
1.064803
2.0101732
0.97218647
0.99711411
1.0726775
2.411016
0.94604209
1.7119391
0.83023922
0.9302552
1.4167264
0.65876187
0.74354861
1
1.0300851
1.1176959
1.181724
1.3246954
0.97063623
1.310774
1.0977946
1.2824492
0.94725669
1.3710101
0.93865163
1.0167065
0.65818487
1.6065233
1.149553
1
0.75326297
0.7077455
0.78364145
0.83450887
0.90119081
1.0928843
0.58056228
0.7426204
1.6048939
1.1717838
0.88823694
1.5045242
0.9995223
1
1.0078778
1.4089875
1.1528366
1.0841657
1.0767737
1.5778891
1.0440703
1.0521346
0.88126346
1.462964
0.85871887
1.2541068
0.77662684
1.0336771
1.0511801
1
1.0754093
1.0461255
1.0118214
0.95372737
0.94436535
0.86296262
0.95055457
1.7227649
1.2097669
1.0249009
0.93615311
0.92041909
0.99444192
1
0.90757543
1.0353165
1.0043923
1.3356392
1.2759528
1.5151975
1.0378091
1.0619109
1.2849074
0.99446585
0.93613927
0.75174785
1.3684644
1.1467586
1.0771349
1
0.69756898
0.72233853
1.0400316
1.0881851
1.2230567
0.67772327
0.93858379
0.74593465
1.2341724
0.74050807
0.9923979
0.70126102
0.96659006
1
1.7086257
1.0268126
1.0573037
1.29996
1.0982668
1.201404
1.0833063
0.88435865
1.2411756
1.1193394
1.2176826
0.85303177
0.7341314
0.53598776
1.0831247
1
0.76941697
0.78543903
0.72429555
0.99090928
1.0265571
1.2394041
1.0503794
0.95252221
1.0414927
0.90647133
1.1736432
0.73469206
1.3564302
1
0.94730358
1.0728565
0.80868019
1.1409
0.75978742
0.98376559
0.7535216
1.2046879
0.75668205
0.91183798
0.57600186
0.87505487
0.45539188
0.64968221
0.99537908
1
0.77244601
0.8305491
1.0402675
1.0535241
1.6416558
1.9590339
0.93493353
1.7715349
1.1036718
0.85058099
0.97753416
0.84187293
0.79752586
1
1.6890166
1.1944049
1.3100804
1.3900972
1.1996637
1.4366329
1.3206222
1.6200272
1.8523886
1.2273372
0.97596478
0.71085383
0.8569301
0.65775309
1.2372553
1
1.2011178
0.85392894
0.9782556
1.0576105
0.95802766
1.2903004
0.95462112
1.1037771
0.81115397
0.72313818
0.99068884
0.93328798
1
1
1.8072307
0.54321314
1.0710134
0.8148214
0.96794188
0.55093841
0.84887508
0.69988912
1.6730884
0.75587301
1.8092185
0.94381333
1.0495933
0.59247567
1.1202724
1
1.1252884
0.99973773
1.1118362
1
1.2083734
1
0.92720053
0.9991101
1.0191735
0.99784391
0.95942638
0.91783883
0.87024873
1
1.3497621
1.1423556
1.1172466
1.1040438
1.0050304
0.70486466
1.1154197
0.49054206
1.2014817
1.1155216
1.0739483
0.9890093
1.4177367
0.63684482
1.1096082
1
0.71944084
0.99990404
1.2746026
1
1.377806
1
1.1866833
1
1.3881057
0.99994736
0.92955649
0.99363213
1.1683197
1
1.1279122
1.2455324
1.0490102
1.1416461
0.74207984
1.2983692
0.77930855
0.78554308
1.0205731
1.2401237
0.96115834
1.3614003
1.5969922
1.0434725
1.0704893
1
0.78838459
1
1.1519207
1
1.2409619
1
1.1459436
1
0.9628572
1.1066162
1.0843987
0.95125831
0.91111101
1
1.2587068
1.1262419
1.1298021
1.1329494
1.0733775
0.96975308
0.89920093
0.69153332
1.2254655
2.2978533
1.2749305
1.2099108
1.4843278
0.75295511
1.1242825
1
0.86824867
1
0.90115076
0.99996123
1.1585743
1
1.1118003
1
0.92828908
0.98962159
0.74277566
0.83137642
0.61032839
1
0.79407902
3.0736048
1.0042485
1.169442
1.1649457
1.2345328
1.1893105
0.96422779
1.0798068
0.8774713
1.062856
1.4299859
1.4501953
0.97335975
1.0628755
1
0.97055598
0.68562836
1.004379
1.0289033
1.0020546
0.68544379
1.3262748
1.0615587
0.69617853
1.1151647
0.89870735
0.8900223
0.7685535
1
0.94410552
0.70037856
1.1215128
1.0658854
1.0847424
0.86719419
0.88504081
0.98386812
0.97469944
1.4424122
0.79644084
1.3642267
0.8011067
1.1911202
0.96617606
1
0.93368587
0.91060394
0.95211333
0.97976204
0.7863603
1.1532963
1.100838
0.98492847
0.68845456
0.90155248
0.89225738
0.84964057
0.74214791
1
0.78461328
1.7050232
0.94805609
0.97287764
0.85332769
1.0907756
1.0013824
0.99142493
0.87677408
1.1986643
0.94681117
0.63563477
0.79035762
0.97604654
0.92167001
1
0.89094294
0.34500032
0.90266345
0.5802695
1.1881953
0.49591303
0.99445659
0.35221223
0.83726923
0.73696712
0.96454512
0.73183919
1
1
0.55280895
0.52575341
1.396682
1.0642405
0.49042226
1.1423647
0.90967695
2.513751
1.1231348
1.050269
0.89710821
1.4254901
2.9893393
0.69295536
0.90324842
1
0.72593858
0.35985035
0.71450956
0.9680687
0.82194971
0.45493182
0.87277816
0.76265569
0.68672008
1.1415241
0.67197749
0.75296063
0.81431419
1
1.031451
1.5605456
1.3571233
0.92352526
0.79171078
1.0534575
1.3468727
0.92303847
0.85981974
1.6804474
0.90052863
1.1007987
0.47489401
1.6054461
1.0334891
1
0.94057687
0.53791645
1.2192401
0.98650868
1.0075799
0.66601548
1.0124059
1.1482325
1.5016014
0.70707827
1.4216168
0.86998562
1.3434654
1
1.1819544
0.82572984
0.94129726
1.0505342
1.1722937
0.97410093
0.8796625
0.71795738
1.0165708
0.82112325
1.506422
0.84956666
0.96829229
0.9082034
0.71512792
1
0.69103541
0.75028055
1.1636442
0.93423856
0.97042311
0.82940567
0.88521348
0.90359999
1.1196201
1.2072672
1.155369
1.0511566
1.2488259
1
0.44714234
1.2398493
0.96995503
1.3889824
1.2505765
1.358887
1.1069246
1.0531937
0.58437603
1.4711619
1.4150332
0.91413107
1.1455732
0.97173792
1.2050929
1
0.73163922
0.71542221
1.0033148
0.83121643
0.73240665
0.72644658
1.0291301
0.8367788
1.0058538
1.3701871
1.3439006
0.81428024
1.3632296
1
0.99362376
1.5482777
0.9039674
1.010984
1.0875126
0.71266085
0.96655266
0.60121087
0.88414017
1.4489226
1.3078592
0.85897018
0.88765008
0.96442457
1.0666989
1
0.61464497
0.32854339
0.5421235
0.82613922
0.79642882
0.50625268
0.912893
0.75415577
0.83660774
0.61813543
0.66102898
0.65687375
0.99223612
1
1.0642558
1.5727787
0.73844297
0.72019737
0.26080691
0.93381463
1.1987304
0.70693329
1.0652068
1.0393091
0.99851207
0.92394239
0.44024285
0.61300938
1.0613055
1
1.0379305
0.88668286
0.97499299
0.8972538
1.3154559
0.61663371
1.2218724
1.343928
0.77474055
0.99875139
1.0014256
0.99391881
0.82804062
1
1.0422252
1.0463451
0.95173907
1.0352307
0.89833513
1.0803658
1.8713951
0.93042978
0.79554762
1.3376223
0.70975866
0.79011582
0.28561901
0.76237127
0.82418538
1
0.97918618
0.8410041
1.2326145
0.93523064
0.74015047
0.81887277
0.56422668
0.97136647
0.8467781
0.74676303
0.99547173
0.98157539
0.84993677
1
1.1374934
1.5394692
0.94189583
0.75874698
1.2344682
1.3776402
1.2367224
0.82050215
1.5436019
0.89346267
0.82492055
0.88858077
0.74513152
0.95221028
0.99724622
1
0.78198849
0.99666767
0.75718966
1
1.1935003
0.99965718
1.0743596
1
1.7009006
0.9952575
1.0151184
0.99987914
0.99145839
1
1.0637289
0.91969454
1.0042189
0.91536923
0.9653612
1.1949013
0.63191617
1.0138756
1.1609763
0.8433814
0.97353378
0.79554067
1.2190303
1.0392713
0.98698295
1
1.1126361
1
0.90994913
1
1.0177193
1
0.95318942
1
1.0558797
0.9999866
0.84869638
0.99823624
1
1
1.025097
0.92812674
0.8137242
1.057919
1.1805812
0.96098705
1.0492087
1.0928051
0.69778225
0.98892236
1.0815274
0.90558816
0.98424309
1.0282689
0.84461701
1
0.78667641
1
0.8225983
1
0.94658036
1
0.90934649
1
1.2837203
0.76455735
1.3870155
0.99043932
1
1
0.94578652
0.760834
0.93819176
1.0796984
0.93252557
0.77451505
0.45292061
0.88822741
0.85176237
1.0088881
0.88243491
0.64587738
2.3500568
0.43557441
1.0048062
1
0.94366557
0.99999699
0.68888775
1
1.0036081
1
0.77034275
0.99754123
0.9343071
0.98039982
0.91201117
0.99752686
0.95369856
1
0.75662339
1.2008873
0.84592187
0.90562414
0.96572631
1.0943003
0.69777057
1.1176793
0.90074263
0.69842078
0.77934387
0.55501307
2.5009866
0.70808938
0.92380962
1
1.2780523
1.1379431
0.96312931
0.92883501
0.93607245
1.3253464
1.0102074
1.1686374
0.93615608
0.98173479
1.147988
0.98716739
0.74826207
1
0.66809688
0.86978625
1.0722902
1.1686017
0.92758857
0.93790869
0.97706448
1.0107884
1.0627073
0.91238739
0.85161395
0.55550547
0.9490741
0.65882815
1.0327175
1
0.98286615
1.0879518
1.0044277
0.87406987
1.0482861
1.0579775
0.92868514
0.8983146
0.78071217
1.1964283
0.91610298
0.99864736
1.1197026
1
0.95730485
0.8209362
1.0127387
0.94711317
1.2059408
1.0867079
0.60004753
1.5002635
0.49069273
0.80894664
0.81338961
0.76150074
0.72010391
0.97903598
0.97717668
1
1.2176159
0.79075667
1.0649076
1.6673611
0.87001178
0.88090687
0.58598415
1.0085648
0.88219298
1.3172109
0.56346263
0.93336206
1
1
0.68966539
1.7185581
0.9558845
1.399393
0.9611586
0.72833814
1.1135487
1.2473321
0.86618066
0.92466164
0.77005426
5.9125421
1.0184449
0.85808163
1.053533
1
0.99498305
1.1981855
0.99246766
1.2445062
0.82953721
1.7617571
0.84390564
0.88748154
0.67406618
1.0374255
1.1199086
0.79198017
0.66069544
1
0.80810733
1.3977657
1.0329277
1.0478152
1.1450242
1.3345314
1.6385788
1.050515
0.83396916
1.2305315
0.70086045
0.91096764
0.59944758
0.96491154
1.0351736
1
1.2400023
0.66869328
1.1243261
1.0325963
1.109236
0.95923559
0.99005776
1.0893944
1.1752688
1.1101033
0.83427844
0.97066808
2.1093592
1
1.3201137
1.1815119
0.9046177
1.1705998
0.94183097
0.75109165
1.0570836
0.97563852
1.0356963
1.391848
1.1988282
1.3216065
1.0647149
0.78152048
1.0214012
1
0.82272383
0.91209861
0.91449244
0.98538392
0.75007378
1.0599058
1.0044069
0.95204952
1.0502582
0.95103924
0.95676935
0.96820289
0.68169098
1
0.85077656
1.572335
0.90485393
1.0623692
1.0004357
0.96574916
1.4547704
0.92366482
1.2997698
1.0242413
1.1345574
1.0918102
1.0773273
0.94808648
1.0395652
1
0.91647381
0.77126979
1.1148347
1.0424153
0.92492387
1.1322013
1.0020467
0.93538808
0.89514756
0.7504695
0.78173385
1.138783
1.5598685
1
1.0732083
1.1043506
1.0623162
1.0506962
1.1682532
0.88883376
1.304527
0.61446613
1.086397
1.0666558
0.85013222
0.68323582
0.78622728
0.94428549
1.010431
1
0.84490013
0.41697554
1.3266097
0.85936294
1.0412901
0.80995733
0.91715035
0.74282562
0.52582311
0.924182
0.49966809
0.82987406
0.44068584
1
0.78777392
1.257569
0.68165781
0.78014024
0.91815353
0.8379201
1.0748544
0.86928258
0.86912072
0.86168928
0.6748211
0.50710031
0.66694643
0.96029774
0.86408266
1
0.77845753
0.71011531
1.0376364
1.6309929
1.2446428
0.8271967
1.0009334
0.88267857
0.91450744
0.87473138
1.5816038
1.1087029
0.60604551
1
1.2112784
1.3405114
0.94710945
1.325801
1.2605024
1.2201845
1.4911288
1.0914304
1.220294
0.99038205
1.0277648
0.80029273
1.4633155
0.77581235
1.0645284
1
0.63511907
0.47199848
0.9857447
0.91797623
0.96017046
0.90675163
0.8836017
1.0260292
1.1432738
0.927417
1.0399446
0.99870426
1.1712215
1
1.1601042
0.9164668
1.1115944
1.1852055
0.69352416
0.99288176
1.1819087
0.86773063
1.3111842
0.76539039
1.2130262
0.74537071
0.98489915
0.74021429
0.94303229
1
0.67822652
0.99773277
1.1328484
1
0.87434124
0.99970553
0.92680648
1
1.1805658
0.94914107
0.99839279
0.99784435
1
1
0.88741209
1.0095788
1.1774514
1.311927
1.0110356
0.90599837
1.0008827
1.2504826
0.97481618
1.0653748
1.0372563
1.2150053
0.9372586
0.89051284
1.0086395
1
0.90193412
1
0.99998009
1
0.99554369
1
0.99601216
1
0.99843393
0.95234287
0.99982257
0.9999339
1
1
0.83481084
0.97267708
1.2616197
0.98886298
0.95831904
1.4287025
0.92551496
0.97020877
1.2054493
1.0122248
0.95842745
0.98781921
0.99898242
0.89211926
0.85732508
1
0.86946026
1
0.81170817
1
0.89506739
1
0.9784202
1
1.0964313
1.1390669
0.96163607
0.99772694
1
1
0.79489648
0.46611167
0.70278468
0.96262784
0.86879672
0.75374297
0.9655823
0.40536187
0.80441832
0.64071633
0.76264029
0.51534006
0.93663023
0.95465767
0.90394607
1
0.98785218
1
0.86353129
1
1.0188606
1
0.62125024
0.99965092
0.76311478
0.99127823
0.89314579
0.99966035
1
1
0.75673197
0.52373114
0.67639415
1.0346152
1.2950236
1.0371423
0.86916686
0.78336848
1.0841955
0.78443045
0.64936775
0.61185556
1.0375001
0.73839307
0.84188271
1
0.85432414
0.89970582
0.98652047
0.97432965
0.7743579
0.74931351
0.89201805
1.4369287
0.96969191
0.9567898
0.89286712
0.98960968
1.0078366
1
1.0113995
0.54734595
1.1600818
1.1037235
0.68702651
1.0304184
1.1546904
0.8894124
0.82772971
0.65347453
1.178666
0.48211903
0.97128213
0.33352477
1.081118
1
1.1264545
1.1746303
0.64852302
0.99753545
0.95954243
0.97281209
0.96309934
0.99638297
0.99226748
0.82881922
0.99757655
0.99777443
1
1
1.5091575
0.58218497
0.98557819
0.8189674
1.1528829
0.95108731
0.79774512
0.76305927
1.1864625
0.57344886
0.85488838
0.56099768
1.0911993
0.9618312
0.96372507
1
0.90544421
2.5022175
0.93206992
2.7914211
0.84832137
1.4035554
0.8155791
2.6872411
0.9591172
2.3890215
0.87883898
1.3850431
1
1
0.71134043
3.2195728
1.5232109
1.5153539
0.87668055
1.6697792
1.2663638
1.0497138
0.82314917
1.1231608
0.63202541
4.2004502
2.0110622
1.3562885
1.3005086
1
0.82781302
1.7107013
1.2868123
1.3878281
0.86179081
1.726112
1.1478194
1.3213376
0.87246971
1.0927116
1.08873
0.98244244
0.85761741
1
0.77419166
1.03061
1.0082784
1.148333
0.88361786
0.98014398
1.2724252
1.2269753
0.89476815
0.89103887
0.66889689
0.78698866
0.92541022
1.2528451
1.0089666
1
0.92447661
1.2728959
0.8408824
1.3071932
0.92456761
1.0375861
1.3225127
0.95823773
1.3963559
0.89179368
0.95860432
0.9731082
0.98917655
1
1.2238629
1.5118001
1.2508567
1.6464234
1.0134519
1.0269948
0.89170884
1.4161587
1.1664935
1.6379037
1.2581334
1.8825619
0.82313557
0.90758624
1.0633372
1
0.91157375
0.70520658
1.0796522
0.98827645
0.95400019
1.1859239
1.465556
0.9621486
0.96744162
0.97746325
0.98209441
0.88692646
0.99981881
1
0.9362702
1.5713137
1.0261433
1.3334945
1.1691722
0.96147078
1.2331767
1.6407867
1.2998931
1.2764326
0.86769072
1.0028193
0.80195551
1.1401595
1.0194138
1
1.1111996
0.48765814
0.92256809
1.4633116
0.90308243
0.68426897
0.93847297
0.85937294
1.043668
0.91740834
0.98025193
0.99176759
1
1
1.4022276
1.0671478
1.0964311
1.3156055
0.89344525
0.84069202
1.016743
0.77111034
0.93385157
0.7548345
0.95852243
1.0661415
1.1051206
1.1253983
1.0057954
1
1.1142271
0.41259552
0.8414626
1.3032251
0.87735465
1.0822115
1.0420119
0.90692545
1.0143219
1.5141381
0.93360943
1.094022
0.82878627
1
0.82409188
0.75628528
0.56183758
1.0660395
0.82712666
1.2420768
0.71636549
1.0814418
0.69986202
0.95672509
0.48591636
1.1566287
0.98874882
1.1254825
0.72766551
1
0.90682163
0.71222909
0.98741755
0.97141057
0.9028484
1.1787328
0.88422709
1.424299
1.1903224
0.96064625
0.95564821
0.99970536
1
1
1.8046354
1.0283693
1.77254
2.0170601
1.5251378
1.4203681
1.0698388
2.2839056
0.98173312
0.93664727
1.4802651
1.4821819
0.82273087
1.1655511
1.0452417
1
0.94155107
0.85420218
0.9970122
0.96629372
0.9968215
1.5516971
0.99300258
0.95851697
0.98073424
1.1715529
0.99859053
0.99688058
1
1
0.64597619
0.85578694
1.49972
0.9863687
1.3457207
1.6582917
1.713111
1.6410685
1.545252
0.92617543
1.2217366
1.2377341
0.93692764
0.97700208
1.1223721
1
