0.91173163
1
0.85516257
1
1.0353771
1
0.86812993
1
0.76720725
0.88047883
0.79552458
0.93764504
1.0603187
1.5779069
0.72892927
0.94770016
1.289215
1.0314934
1.0000009
0.86306328
1.1565595
1.1591851
0.74782787
0.80546622
0.94802034
1.0274034
0.89674162
0.84636822
0.96066711
1.1159421
0.85545455
1
1.1603389
1
0.92505094
1
0.95422801
1
1.0074672
0.82431305
1.0567766
0.74516101
0.87052074
1.3760275
0.63513049
0.82653748
1.1123685
0.66078627
1
1.0178523
1.1720446
0.71839293
1.5233622
0.94606772
1.0527505
1.1930028
1.0068515
0.85028622
0.96776653
1.1391995
0.74059465
1
1.2580419
1
1.0876946
1
0.86679711
1
0.75054253
0.87156491
0.81282876
0.8395079
0.99122757
1.5616087
0.94548994
0.90180321
0.79405941
1.0852883
1
0.97033722
1.0847557
0.78372793
1.0588931
0.86768119
1.0982797
0.65719712
0.86067454
0.75480969
1.0971243
1.0248671
1.1437626
1
1.3115033
1
0.97680875
1
1.4707085
1
0.81715509
0.72226756
0.75077486
0.78616995
0.93976883
1.7341728
0.8820759
1.1715048
1.1153511
0.80411285
0.99827544
1.2743616
0.99852315
0.99797482
0.93615719
0.74250796
0.96680466
1.1531812
0.87827092
1.0056324
1.155143
1.0433397
1.1484623
0.85300154
1.1224562
1.0174016
1.3056445
0.97049011
1.0196222
0.87174616
1.3630743
0.94240756
1.2101146
1.1220007
0.98323025
1.0708012
1.3011012
0.92454372
1.3508941
1.0495437
1.0658262
1.2153035
1.0339449
1.6592274
1.2595905
0.91582434
1.2285191
1.0957168
1.1388916
1.2746817
1.1757934
0.92749468
1.1843865
0.49319801
1.2022851
0.83979111
1.3777635
0.79064705
1.4969565
0.65858983
1.4600043
0.66906827
1.3792811
0.76448599
1.2382937
0.90670266
1.5534803
0.8955955
1.1970554
0.96915215
1.0304764
0.79472099
0.87436121
2.128046
1.5904498
0.87232547
1.3720888
0.9767665
1.740593
1.1480087
1.1140548
1.0143609
1.465033
0.64142497
1.6082288
0.52945913
1.0601404
1.1758386
1.5796798
1.1512755
1.6708711
0.81903666
1.713986
1.5104148
1
1.0660922
1.0706624
0.99365962
0.87722689
0.93357993
1.1939258
0.94287876
1.1735674
1
1.2555702
0.78485636
1.2435007
0.94601895
0.38098477
1.3843932
0.87152838
0.84567075
0.87892194
0.60658607
0.77784804
0.87405511
0.85295101
0.88310452
0.87052385
0.87717533
0.8718691
0.95957301
1.1272699
1.0566838
1.9217892
1.6104229
1.1796522
0.91683034
1.0315978
0.93148014
1.2040903
0.98106065
1.0691419
0.59000528
1.1050081
1.0226202
0.99429654
1.2720265
0.7457707
2.1219017
0.95984966
0.78641324
0.93382016
0.8235232
0.95906341
0.62517751
1.1788429
0.86620897
1.086088
1.4339998
1.0839319
0.89732097
1.3958
0.98639723
1.351579
1.3763005
1.2780603
0.97605274
0.99407781
1.0434209
0.8773647
0.69743969
0.90409499
1.0181667
0.92529842
0.96314659
0.97867046
1.001937
1.1019287
1.4896892
0.89903673
1.0453056
0.81563649
1.0382288
1.0011955
0.99406747
1.0387837
1.2748735
1.3552831
1.4236633
1.7078914
0.95773332
1.8910404
0.8509741
5.4552139
0.97756911
1.4716002
0.911428
1.1959227
0.86496992
0.92978255
1.0034852
0.86571053
0.65694313
1.9887537
0.87429947
2.2547381
1.1345235
1.3509713
0.93727457
0.89479449
1.0828021
0.73167163
0.81503666
0.70578838
1.374413
0.84186614
1.1855645
0.8524535
2.2795181
0.85821785
4.3390377
1.2935338
6.362623
0.66903845
1.5936189
0.90794735
4.3743544
0.86293903
1.249592
0.91866703
1.6788561
0.83801572
1.1595621
1.2019332
2.7546084
0.96784262
4.7799082
1.0049134
6.864334
0.87165845
0.99126519
0.87102417
1.0244898
1.0493267
1.2341529
0.74484029
1.1674649
0.93524246
1.4232913
0.79892529
1.0974936
0.9436582
1.2954764
1.7268776
1.9201934
1.2654634
1.0041779
1.5101153
0.99511094
1.1095155
1.017078
0.91424352
0.78271846
1.0913106
1.0039664
1.0335907
1.4126841
1.6335847
1.343971
1.0430689
0.84732959
1.3162058
0.56376641
1.1478304
1.0608189
1.2547074
0.83182308
1.257863
0.79248464
1.0685721
0.6675861
1.4537459
0.92208916
1.2134405
1.2682428
1.4618398
0.80492599
1.0077047
0.82222648
1.0315435
1.1375825
1.0813469
0.49368319
1.220059
0.82421422
1.0089039
1.0062928
0.94300148
0.81970014
0.83729209
1.1676186
1.2176111
0.58258012
1.0063034
1.1114495
1.1176061
0.77791228
1.3983563
0.67742649
1.4807518
0.88701473
1.3996699
0.61653483
1.8437598
1.3180894
1.540304
0.82110053
1.320403
0.72384647
1.2416709
0.96504097
1.2782038
1.6989232
1.5560268
0.66191898
1.1408788
2.2181876
0.89056483
1.4713233
1.0902339
0.72496576
1.2234232
1
1.0888442
1
0.3840398
1
0.97116742
1
0.74144844
0.81190025
0.84088802
0.68132589
1
1.797532
0.95353928
0.96184409
1.1737045
1.1666995
1
1.1235418
0.99374225
1.0336927
1.1197432
1.080561
0.61018013
1.0887245
0.51540422
0.89797003
1.031469
1
0.6193836
1
1.0712903
1
0.72706797
1
0.92812839
1
0.99874739
0.64180881
0.60777775
0.76359283
1
1.6020264
0.99751071
0.72220888
0.96580707
1.2463123
1
0.98634328
1
1.0548967
1.1760177
0.81312347
0.71333684
0.85802043
1.1415269
0.80573866
1.0357539
1
0.74726163
1
1.2168293
1
1.0974662
1
1.1442393
1
0.75946449
0.6623772
0.94591733
0.93960336
1
1.3596442
1.3808216
0.88766359
0.84909669
1.0026964
1
1.1438621
1
0.98316056
1.1253764
0.88220542
0.95282849
1.0145151
0.94156208
1.0781653
1.1298226
1
1.2751825
1
0.99993538
1
0.96828103
1
0.91917471
1
0.98843621
1.1744645
1.0037894
1.0506316
1
1.9364981
1.2002019
0.96550107
0.70961269
1.0884188
0.88236794
1.4340826
1
0.90240329
2.0325763
1.1146882
0.57155779
1.3107493
0.8127073
1.3606977
1.1758785
1
0.82356908
1.4364803
1.0397684
0.90106171
0.90272924
1.1524527
1.0905281
0.50320803
1.1244409
1.0573393
1.365558
1.1389154
1
1.4858489
1.0174166
0.80334544
1.1678467
0.99730065
1.5734588
1.146225
1.196699
0.85762215
1.0511408
0.98040454
1.1432539
1.2706638
1.1823296
1.0441813
1.0852424
1
1.3849311
0.52919792
0.90386737
0.9106349
1.0576936
0.63640851
1.0774661
0.93057108
0.88243183
0.8028592
1.2092247
0.73875972
1
1.040442
0.95472207
0.82138039
1.0825049
1.0185208
1.3159123
0.90348427
0.90382615
1.3006685
1.1974299
0.80626622
1.0982272
1.018668
1.3760751
0.81050091
1.120946
1
0.99766679
0.50778479
0.86601093
0.93302566
0.88339058
0.60508756
1.2066111
0.91324717
0.85926268
0.89160104
0.62784224
1.6635619
1
1.0313095
0.86427586
0.84272687
0.88688928
0.92735987
1.1417487
0.83930345
1.1242234
1
1.1756295
0.70608255
0.82088703
0.76818608
0.86140459
1.1665359
0.73775588
1
0.61140016
0.9038051
0.81052247
0.94956761
0.6740458
0.86186052
0.54853984
1.0256709
0.46876112
1.1708927
1.458536
1.5681519
1
1.7353729
0.81750397
0.9192182
1.0510399
0.99950219
1.6767277
1.2703854
1.0987022
0.60237231
0.84299348
1.056068
0.4540876
1.3886559
0.56559161
1.3624982
0.9779718
1
0.48073228
0.87212216
0.75383594
0.84624838
0.68762395
0.81639557
0.44977059
1.0705795
0.30510337
0.95184533
0.15861671
1.1085648
1
1.2653212
0.64336138
1.1623779
0.83986166
0.98752225
0.84173688
1.3054386
0.67921804
1.0096903
0.45748982
0.84200568
0.36833433
0.8731947
0.22059842
1.2742999
1.0335548
1
0.72525134
1.1147859
0.55708688
1.2279834
0.48339976
1.4196031
0.7928686
1.0114779
0.78310599
1.0560352
0.63316117
0.8791962
1
1.0323603
0.9038086
0.90945137
1.050414
0.95715738
0.78888105
0.70226375
0.79082158
0.5742185
1.0388531
0.78402425
0.65104759
1.0070427
0.61447649
0.9992274
0.89940922
1
0.81387436
0.83784874
1.7569323
0.89557588
1.5973123
1.3347304
1.9598719
1.8136333
2.0408317
4.5466126
1.2204208
6.516605
1
1.1774287
4.4264506
3.442515
1.9096575
0.62352106
2.9398602
1.3664019
2.2559356
1.2220548
4.3189267
2.0413875
3.7071158
4.0730398
1.4067525
5.508038
0.7399445
1
0.63210576
0.87422768
1.1490335
1.1546942
0.6954815
0.87373636
0.68388844
0.92208571
0.40262681
1.244571
1.0752031
1.3774035
1
1.8204613
0.72399103
0.96028261
1.0514306
1.0663816
0.87352539
1.1783813
0.90751164
0.88567166
0.49256381
0.9405004
0.39985806
1.4255025
0.60385414
1.2786372
1.0157683
1
0.98572606
0.54636627
0.95314505
0.72856012
1.151205
0.95250029
0.90050292
0.96557897
0.92034961
0.85688292
0.88739678
1.0387105
1
1.16207
1.4472238
0.84766596
1.1334689
1.6169001
1.1470804
1.1538007
1.0686032
0.38286998
0.85878058
0.77798689
0.88297753
1.0708269
0.94089993
0.96349582
0.91049326
1
1.5304974
0.60125969
0.93270763
0.72785364
1.6039923
0.9705058
1.0537339
0.79981381
0.86858827
0.87867829
1.7682735
0.61978044
1
1.4802419
0.7966089
0.85895788
1.0636751
0.76463556
0.73185369
0.96074358
0.67994445
1.4782526
0.9240584
0.68274276
0.68450229
1.1626484
0.94126501
1.0571387
1.0311143
1
0.5902563
1
0.82812002
1
0.84180627
1
0.98386597
1
1.2146747
0.92792356
1.0974922
0.85197075
1
1.6723547
1.1634734
1.0143094
1.2082787
1.2849957
1
0.97363846
1
1.3152027
0.82900387
1.5079487
0.73037092
1.2664548
0.87776557
0.90950615
1.0529575
1
0.86407019
1
0.98813918
1
0.98883256
1
0.9999999
1
0.99448709
1.3021229
0.99951073
0.97484974
1
1.8891098
0.98126128
0.88959366
0.9988379
1.0793075
1
0.68394509
1
1.0902408
0.95923295
1.0919372
0.99045158
1.5361793
0.87191884
1.0380344
1.0953292
1
1.0345039
1
0.95247459
1
1.1641696
1
0.97749199
1
0.99352077
1.1695758
0.98519501
0.76993733
1
1.7915023
1.1181282
0.96712341
0.97689111
0.99143937
1
1.1630783
1
0.89761442
1.2268645
1.418368
0.9005059
1.3474903
0.93777481
1.2750398
1.2274632
1
1.2763909
1
0.99762884
1
0.99533505
1
0.99986444
1
0.99716728
0.73503254
1.1608612
0.94726999
1
1.9294701
0.99693304
1.081961
1.2456022
0.9242341
0.99992136
1.1369513
1
0.98831632
1.1096052
1.0080912
0.91333788
1.1936374
0.99076006
1.1475891
1.1985265
1
0.97390116
0.75448627
1.0327534
0.89074183
0.78377304
1.1483187
1.0487258
0.96903134
1.1171362
0.72997072
1.2468917
1.2577839
1
1.131901
0.94954403
0.72984031
0.96951991
0.87371798
1.4005723
0.97651151
0.97034439
1.1851394
0.91909947
0.94698024
1.1506034
0.99801472
1.1251595
0.91764125
1.0797951
1
1.2590149
0.63545813
0.96991783
0.91116138
0.81340539
1.0298421
0.89307731
0.86193887
0.93131787
1.0344243
0.95932656
1.1998665
1
0.94283733
0.75955564
0.86177832
1.3909807
0.90846498
0.98091428
0.95727197
0.82885568
1.1151598
1.6081331
0.8367761
1.4043409
1.1891574
0.99288028
0.68804202
1.1889122
1
1.0147479
1.1368038
0.88615367
1.0232008
1.1883219
1.1646653
1.0997641
0.77136328
1.3056174
0.57128313
0.94010906
0.92166719
1
0.89599301
0.68849681
0.87132355
0.99910277
0.89457752
1.0022934
0.97160956
1.3424262
1
0.6871482
0.77386937
0.89995508
0.8085317
1.008959
1.4735815
0.67968199
1
0.50298359
0.72491666
1.0338618
0.70768925
0.83060587
1.3757626
0.99968087
1.8212554
1.212876
1.3653765
1.2111249
1.1534163
1
2.0970228
0.74478532
0.99227672
1.0194432
1.0220467
0.56811655
1.2988174
1.0833153
0.64084892
0.70076599
0.96564088
0.59264683
1.4172768
0.61218831
1.3453947
1.0359695
1
0.38001535
0.60512266
0.75656047
0.6020467
0.49660918
0.62936696
0.71634249
0.79450402
0.73570825
0.98360194
0.80676234
1.0822328
1
0.99778755
0.57677004
1.2328463
0.72406616
0.99573908
0.58207576
1.2354568
0.58131986
0.95425517
0.45062509
0.63521945
0.60607778
0.88829263
0.52066542
0.90625424
0.92906644
1
0.8455487
1.0726029
0.92865417
1.5814601
0.80110206
0.70785992
0.95213807
0.72782028
0.91680085
1.1488775
0.9677501
1.1327996
1
1.029344
0.70466207
0.92092784
0.99999343
0.98490231
0.86745427
0.78250026
0.96880184
0.53629037
0.69190396
0.71085811
0.8704898
1.0873553
0.95574197
0.98761302
0.9734953
1
1.0715276
1.2065333
0.65686868
0.89168749
1.0786052
1.3637758
1.3111096
1.0028499
0.84096363
3.0142743
1.1087128
4.3958994
1
0.98486548
1.4988385
2.564609
1.2720669
0.35717174
0.6848078
1.5563991
1.3241951
1.0440792
1.862162
1.3424059
1.5615161
2.6711155
0.83437984
3.9319451
0.58362723
1
0.63705822
0.75516247
0.78987788
0.91220195
0.69139602
1.056136
0.81472311
0.87252934
0.78026578
1.3491012
1.3196855
1.2988341
1
1.7757322
0.66413024
1.0189421
0.96122152
0.85151201
0.76105301
1.1604365
0.95367611
0.68627805
0.51383757
0.90048757
0.74438976
1.4588744
0.80292612
1.0238117
0.93886684
1
1.2227261
0.88859993
0.99568751
0.81232987
1.112215
0.9639351
0.89279147
1.1269863
0.94872191
0.85438629
0.87012416
0.92488362
1
1.0200404
0.90611753
0.69588558
1.0707669
1.0481461
1.0115498
1.1182095
0.87982855
0.67054105
0.61202873
0.8096729
0.92840764
1.252003
0.78812712
0.80712732
0.71944106
1
0.6451937
0.45804066
0.99221044
1.2126032
1.2316157
0.78432066
0.84707259
1.0831132
0.8929748
0.94030028
0.99534068
0.93475127
1
1.4758097
1.0646533
0.88819181
1.0667151
0.88660141
1.1665023
0.79757179
0.87391062
1.3509461
1.4196297
0.63357856
0.87775789
1.0226463
0.89651653
0.72075943
0.93475453
1
0.83600651
1
0.97519751
1
0.79593233
1
0.77480984
1
0.98004562
0.98297229
0.71006751
0.68329573
1.3601952
1
0.99102483
0.69707861
0.9544278
0.96967876
0.99547811
0.64551706
0.89948514
0.4976894
0.73489739
0.58224872
1.1976618
0.90611728
0.94042677
0.30174605
0.99843798
1
1.0921588
1
1.1370974
1
1.2991001
1
1.2357721
1
1.1699781
1.1122848
0.99271722
0.92739576
1.3400263
1
1.1286176
0.97812875
0.86124626
0.79379912
0.99652916
0.80835015
0.99643206
0.60361755
0.79012779
0.6753096
0.64539629
0.82183021
1.3031399
0.63421625
1.0730856
1
1.0603686
1
0.95957776
1
1.0866274
1
1.3441125
1
0.86570967
0.86992268
0.76744565
1.0058057
1.3074956
1
1.1222417
0.88962474
1.2445817
0.98811613
0.97704958
0.86602797
1.0741007
0.52451676
1.0447597
1.2165791
1.1334656
1.0354498
0.95020965
0.32999289
1.2072414
1
0.85151079
1
0.97503703
1
0.8361622
1
0.97984495
1
0.9591068
0.87299908
0.6984568
1.0864886
1.5392232
1
0.90871454
0.62918563
1.2561564
1.1334859
0.81732042
0.87223431
1.1550783
0.89663148
1.078521
0.91643512
0.95959148
0.76778814
0.81558038
0.31007881
1.1507339
1
1.4153266
0.84295149
1.2809339
1.1257927
1.2358615
0.88300388
1.2768486
3.1788249
1.0540189
0.7773652
1.3574445
0.61487358
1.0446039
1
1.4311642
0.85244334
1.132594
1.197485
1.0762405
0.70510075
1.1884739
1.5831656
1.2761143
2.2620403
1.3741294
0.58897217
1.4140854
0.47274707
1.2347419
1
1.1988328
0.79385748
1.2468954
1.1173293
1.239199
0.82496051
1.282187
0.84443229
1.1601749
1.2434701
0.99637809
0.80851089
1.5038111
1
1.436666
1.0703746
1.3005678
1.0515796
1.3801002
0.77067643
1.2301487
2.0647114
1.6573178
0.93636451
1.5037099
0.67327511
0.79496026
1.0552043
1.1123665
1
1.4300749
0.3120562
1.8834865
0.54287185
1.2378791
0.41958368
1.3336156
0.6271072
1.1696556
0.90935074
0.99652894
1.3681718
1
1
0.58666293
1.2187971
1.0082897
1.0722521
1.0250656
1.2397476
0.85478677
1
1.2818243
0.98118444
0.8424153
0.95471378
0.55174447
1.3006433
1.0492415
1
0.89134862
0.88405097
0.5644582
0.97254148
1.0181727
0.78889227
0.80337339
1.1756067
0.86202082
0.71224559
0.90071161
0.78180525
1.3170504
1
0.76934754
0.93073697
1.1139368
0.87465568
0.96640202
0.96846651
0.93313658
0.50931845
1.0690724
1.8043931
0.84734913
0.69896016
0.55049396
0.38695745
0.7419964
1
1.0389228
0.48499734
1.3299153
0.78786328
1.0944524
0.86898768
1.4558016
1.4460378
1.2049801
0.78192192
1.5085374
0.74415594
1.994933
1
1.1488335
0.64407314
1.0261315
0.86210337
0.93601102
0.28420651
0.92422097
0.773284
0.93785432
1.0526282
0.73663806
1.2086606
0.70549262
0.54444485
0.94389718
1
1.0095049
0.65500449
0.97285249
0.80267733
0.76317138
0.6192951
0.91636659
0.84158133
1.9468249
0.74574457
1.6166196
0.9127404
5.7085814
1
1.1343071
0.59182072
0.97592151
0.94100829
1.1161537
0.92644982
0.93439397
0.52405408
1.6548497
0.83745533
1.5382809
0.8231275
0.85654568
0.47722957
1.0087348
1
0.74208825
0.65870009
0.95244445
0.96672464
0.60207554
0.77069188
0.86838401
0.76592211
0.98638607
0.9355033
1.0307298
0.94600756
0.57647529
1
0.61366394
1.4395481
0.56103637
1.2535185
0.86677264
0.66699006
0.62223005
0.91415958
0.92722034
1.2178135
0.7843223
0.98792879
0.91681006
0.76930372
0.9836301
1
0.92506927
0.47568169
1.0171226
0.86195872
0.98788467
1.1855514
1.1172985
1.2322823
0.92254687
0.69070591
1.1408949
0.57787716
1.4192347
1
1.8509773
0.82913169
1.0523493
1.2709104
1.2378463
0.77960841
0.91141157
0.60753535
0.7005623
1.1990863
0.77488943
0.65119914
0.99836786
0.48505168
0.93578599
1
1.475072
0.4315886
1.3765373
0.91035871
1.0023899
1.0669545
1.3169638
0.79817272
0.96680674
0.76296018
1.2190299
1.2442847
2.4505284
1
1.4228837
1.0199333
1.2050391
0.70172566
1.1369536
1.0274742
0.95214847
0.56623482
1.2116928
0.79435041
0.81691333
0.92446198
0.77876644
0.45916101
1.0694017
1
1.2646799
0.21728182
1.0556651
0.61523449
1.5130134
0.43220832
1.5815808
0.77012573
1.336164
0.44727434
1.4897843
0.58524881
1.7650458
1
1.1983881
1.2949253
1.1855904
0.82603726
1.3129005
0.63285007
1.2876314
1.6305096
2.5721153
1.2222955
0.95410228
0.88609615
0.71811341
0.68823635
0.89697024
1
0.64674983
1
0.80270299
1
0.74775737
1
0.87187945
1
0.69339107
0.73133283
0.97870318
1.0165608
1
1
0.70352358
0.88515734
0.69283905
1.127426
0.96481696
1.1443882
0.91728065
0.91043187
0.67094424
1.2516792
0.7456795
1.2620181
0.85893744
0.5748678
1.0218418
1
1.1263457
1
1.0490843
1
1.122391
1
1.0107483
1
0.9921622
1.3856358
0.82760255
0.97784517
1
1
0.83594731
1.4233882
0.80986359
0.81770831
0.99933808
1.023686
0.99459734
1.0395228
0.53464715
1.210179
0.79729225
0.69829196
0.88656224
1.0870751
1.1546886
1
1.0317274
1
1.4025735
1
1.0923062
1
0.84874265
1
1.0124669
1.1311092
0.64394024
0.90401179
1
1
0.90284779
0.90045858
0.85292773
1.1382414
0.99159505
0.87225136
0.99911012
0.90709727
0.80823587
1.1787618
1.1329683
0.67046325
1.0285964
0.69238925
1.2464874
1
0.63814499
1
0.71422134
1
1.0033245
1
0.77264124
1
0.66892062
1.1932608
1.2020524
1.0554399
1
1
0.86468116
0.80638606
1.2221496
1.0356639
0.94724256
1.1003844
0.92210479
0.80655601
0.91180051
0.7850827
0.64722409
0.76931079
0.5608807
0.88548517
1.095133
1
1.0603118
0.99340582
1.0944589
1.1256149
0.80479477
0.69458134
0.89363538
0.83295886
0.68100667
1.0451769
0.85495028
0.71490802
1
1
1.2747163
0.82663218
1.1500422
1.3964231
0.96227789
0.92060271
0.96593137
1.0899746
0.98568789
1.0879573
0.76759399
0.91294931
0.72036896
0.46409124
1.204903
1
1.1726196
0.87125993
0.63902743
1.0662494
1.2339738
1.6262771
1.2015841
0.92284079
0.57245984
1.2178647
0.75455125
1.1905872
1
1
1.1469407
0.73142516
1.2222152
1.3138678
1.045252
1.0497532
1.0073712
0.85816544
1.2243527
0.89432085
1.2712322
1.1974582
1.3416141
0.95559851
1.1185727
1
1.020697
0.44412554
0.79128438
0.34849871
1.7430569
0.82438949
1.0324645
0.93477865
0.9003573
1.2279933
0.69611135
0.88837141
1
1
0.60561455
0.90793213
0.96783235
1.0632125
0.98974813
1.1851023
0.96272826
1
1.0895396
0.81651827
0.97287907
1.3335456
0.73735312
1.2335927
0.8317218
1
0.8173729
1.0530078
0.7698055
1.0903738
0.97414272
0.88222964
1.2517044
1.2163629
0.82486401
1.2597298
0.92345293
1.717845
1
1
1.0198554
1.0392218
1.624485
0.8913654
1.2857255
1.065398
1.0103511
0.5605016
0.88998408
1.1419731
1.8145582
1.1054645
0.72431769
0.71781213
0.99500799
1
0.90912608
0.58782515
0.94510626
0.88281462
1.3654924
1.0205855
1.1521792
1.0582106
0.82008041
1.0655794
0.55831372
1.204456
1
1
1.3578002
1.4473123
1.1177174
0.82623971
1.2618481
1.4570145
0.96558749
1.3018956
1.2489217
0.93061248
1.0383796
1.1715182
1.241211
1.1484184
0.96545447
1
0.7335709
0.86300668
0.8264581
0.68339148
0.86512597
1.3710373
1.1340298
1.0891727
1.3550672
1.5212783
0.68905402
1.0143665
1
1
1.2894688
1.4746218
1.3126396
1.0776328
1.7568255
1.1392069
1.0934816
0.76708627
1.900195
1.1053435
1.4915515
1.4725076
0.8885979
1.0902435
0.99306847
1
0.592362
1.0891746
0.74187335
1.6349518
0.98900694
1.545837
0.80672825
3.0430762
0.82452921
3.213265
0.65570044
2.6488768
1
1
1.0314008
4.1082226
0.77709391
1.3876493
1.4887953
2.2771376
0.71849657
1.3269216
1.2519508
2.9521479
0.96313342
4.126065
0.74994593
2.8308137
0.97816475
1
0.90919751
0.43152345
0.94209047
0.52320855
1.1076822
0.72668254
1.038819
1.2007695
0.75020921
0.72082759
0.62880414
1.394612
1
1
1.0841831
1.1729459
1.0163189
1.3262264
1.3129089
1.0140273
0.83276043
0.70252027
1.0250261
1.1301309
0.92808807
0.89176286
0.75302729
0.69402534
1.0036057
1
1.0548078
0.24721671
1.0097678
0.73211616
1.6164496
0.90349376
0.99074111
0.90950279
1.1106503
0.8483335
1.259731
0.83835404
1
1
1.2014457
0.84605615
1.3284739
0.87486458
1.2450844
0.9699593
0.97464426
0.60942819
1.3767807
0.68301781
1.7786396
1.1433046
0.85308837
0.58717802
1.092317
1
1.052441
0.63580639
1.0038488
1.0074106
1.3588147
1.5157757
1.5742334
0.83369818
1.2299739
0.84943107
0.74649269
0.83203612
1
1
1.117603
0.98526856
1.3444454
1.0214891
1.353802
1.1683736
1.2114109
1.8886067
1.4242193
0.76336262
0.76514292
0.82004042
1.3521102
0.74445758
1.1452325
1
0.61599763
1
0.97525913
1
0.93722544
1
1.158571
1
0.96365595
1.0593874
0.99307995
0.90317696
1
1
0.84239559
1.2800543
0.80051892
1.088623
0.99901624
1.0481099
0.99471086
1.1678779
0.92932435
1.0398704
1.1517421
1.0462696
0.89196953
1.5816404
1.1015883
1
1.0729646
1
0.97049424
1
0.99413289
1
0.99918535
1
0.99685808
0.94910266
0.99965565
0.99506976
1
1
0.84802187
0.84387054
1.0025249
0.91438732
0.99758647
0.98906856
1.1607519
0.88428689
0.84497725
0.99858466
1.0371933
1.0161101
0.99782966
1.0706114
1.0356885
1
0.80748883
1
0.96729003
1
0.97827374
1
0.99266166
1
0.98652655
0.96928165
0.99691299
0.99056562
1
1
0.95676806
1.0164024
1.0745815
1.4487262
0.99943667
1.1206815
0.99912134
0.9844673
1.0164128
0.98934989
1.3097464
1.169143
1.0391829
1.3442896
1.2136977
1
0.64069932
1
0.99010106
1
0.90870707
1
1.0815277
1
0.99170749
0.90315975
0.9720917
0.98385098
1
1
1.0637002
0.95994981
1.1519307
1.1888925
0.91219218
1.002929
1.113633
0.91758274
1.6155408
0.76090161
1.0744576
0.93547982
0.91837313
0.55644248
1.2211787
1
0.85357689
0.80118462
1.0075118
1.1233982
0.57403181
0.94857028
0.9620485
0.89698303
0.96389888
0.60137828
0.97861726
0.91056441
1
1
1.083628
0.90042763
1.2781913
1.2035615
0.96666662
1.3929228
1.1175189
0.4551458
1.0864241
1.1698263
0.82523478
0.87206197
0.93568102
0.84701237
1.291049
1
1.1198658
0.97461164
1.1861967
0.99357397
0.85730623
1.1001185
0.97869927
0.99293087
0.94613444
0.93897708
0.99298617
0.87941177
1
1
0.95181414
0.837702
1.0200351
1.2269539
0.8505106
1.391822
0.73399156
0.6486514
0.6969589
0.82692597
1.0114427
1.2352649
0.99784936
0.88321616
1.2583138
1
0.70549556
1.1061212
1.23785
0.98254944
0.86455118
0.98512752
1.0682808
1.1564704
0.77254719
1.0926829
0.80958935
1.3734014
1
1
0.8073413
0.91644176
1.2609711
1.0633886
1.4809091
1.4007474
1.3899657
1
2.0288845
0.80838539
0.97219957
1.4922155
0.9871789
1.2971391
0.86136194
1
0.53461064
0.89435566
0.98156852
0.86724766
1.3882868
0.88828954
0.73614222
1.3029376
0.8619055
1.0987102
0.90512469
0.76387309
1
1
0.80651121
1.2449146
1.1566521
1.0785261
0.98043157
1.1296337
1.0896963
0.56088898
1.0232752
1.2369561
1.060082
1.1498273
0.83942711
1.0135395
1.7951274
1
0.67218448
0.78834934
0.86503428
0.94520607
0.95766495
0.79340774
0.98356155
0.78671291
0.79646383
1.2459274
0.87588483
0.87712023
1
1
1.0479709
1.4766871
0.90921494
1.0372817
0.90400379
1.176608
1.1256576
1.0271026
0.76705648
0.86321784
0.74157924
0.96467465
0.96704764
2.0398086
1.3129518
1
0.80307181
0.85205695
1.0832176
0.78702147
1.0053478
0.92473523
0.919251
0.95430459
0.9068231
1.1765459
0.98392249
1.0184248
1
1
0.72217074
1.1969386
1.3133809
1.202602
1.2052014
1.1274916
1.1158764
0.69991207
1.268054
1.07121
0.71767605
1.2359379
1.1967521
1.1130282
1.1344039
1
0.79817092
0.94556149
0.97071633
1.2935123
2.054012
1.374628
1.62566
0.82820183
1.7480367
3.4782889
1.0527189
1.9952384
1
1
4.1585595
3.4774729
3.3999537
0.6950752
2.6758815
2.3341998
3.8332247
1.3660004
4.1912605
2.6061874
4.7038815
2.8730358
1.7581446
3.1569779
0.93876594
1
0.82724822
0.79061945
1.250658
1.4093664
1.2142193
1.3381745
0.87167562
0.80133406
0.90661648
0.84843858
1.0484449
1.0191677
1
1
1.1557352
1.2283269
0.93000451
1.4599139
0.8669615
1.0410096
0.92422621
0.82036409
0.96129294
1.1633134
0.764227
1.1187852
0.87191299
1.0739539
1.2514422
1
0.8216962
0.84586826
1.0622768
0.97335758
1.5172831
1.106985
0.98630752
0.82963005
1.0635508
1.0638542
0.96119282
1.3828211
1
1
0.8963344
0.90865921
1.4722646
0.84381892
1.3888466
0.7622664
0.88728953
0.70973135
1.2598457
0.81899765
0.80149679
1.1307838
0.85283531
1.0551981
1.1921667
1
1.2141637
0.72602433
0.96038026
1.0902733
1.2288142
0.71978922
0.59203828
0.73528635
0.93861059
0.53418677
0.99665848
0.96731131
1
1
1.1191367
0.92282833
1.2928969
1.0254111
1.4427734
1.3060843
0.98183863
0.82227746
0.97556981
0.85769494
0.64768991
0.91435501
0.9087037
0.56750149
1.0987212
1
1.3198911
1
1.1806508
1
0.99127144
1
0.88003899
1
1.296239
0.98492083
0.60446836
0.99936366
1.634897
1
0.99055014
0.87192028
1.0550496
1.2423648
0.94576165
0.51466538
1.1875468
0.42466597
1.1058972
0.81449632
1.0056216
0.8934149
0.50139972
1.0041979
0.96970406
1
1.1330406
1
0.94078992
1
0.83299528
1
1.2531265
1
1.2036751
0.99999696
0.92719091
0.9969925
0.8307179
1
0.99421323
1.098799
0.87769653
0.93407434
0.99929445
0.81573952
0.99999998
0.61572177
0.81693562
0.80157058
1.0110178
0.89199089
0.9653784
0.98862015
1.074727
1
1.1361045
1
0.77272114
1
1.7124112
1
0.95961919
1
1.1964531
0.99917716
0.8086992
0.99827824
0.96551295
1
1.9534448
0.67474848
0.98486242
0.62903358
0.99628656
0.8167394
1
0.58307767
1.0893512
0.95604532
0.69323332
0.97692082
0.82881762
1.1250685
1.1219616
1
1.2246726
1
0.89977932
1
1.1505553
1
1.2479389
1
0.96368947
0.99621568
0.68163459
0.9993633
1.063623
1
1.3793882
0.8674052
0.92738114
0.53464998
0.99242705
0.62039565
1.1283281
1.0187382
0.82953846
0.75803868
1.169603
1.0049486
0.62761781
0.82988904
1.1146854
1
1.5259148
0.9373401
1.0955272
0.99519472
0.9767674
0.97582115
1.5130493
0.99716026
1.1950947
0.97617451
1.2413681
0.95949946
1.0992999
1
1.292484
0.96861742
1.2766576
1.1035673
1.5093307
0.85618618
0.93521708
1.305134
1.2828797
0.68430466
1.2537511
0.96593162
1.4320072
0.90223103
1.3116042
1
1.1414318
1.0619228
0.81439092
0.96432877
1.0429364
0.97343042
1.6820251
0.92281072
1.2075511
0.73846305
0.67885132
0.99181791
0.78406109
1
1.2381941
0.78703312
1.1949709
0.86406755
1.4782281
0.74657041
1.2650507
1.1723993
1.0990795
1.0342146
1.6789793
0.9471607
0.83086243
0.85812886
1.0423806
1
0.84215153
0.2368101
1.0875091
0.38119019
0.8775734
0.38770895
0.97732609
0.56043722
1.0609564
0.95133817
1.0701202
1.1451535
1
1
0.82062828
1.1947933
0.9964347
1.0330459
0.97296689
1.0138747
0.56838078
1
0.80591648
0.91574621
0.87923913
1.5843194
0.68318597
1.6837724
0.94741991
1
1.2289617
0.30602232
1.0956765
0.62190976
1.3529982
0.58639211
1.3234127
0.86598809
0.9691184
0.622808
0.83249043
0.71883046
2.1062543
1
0.85571602
1.1453196
1.2175423
0.64917518
1.1117578
0.75601004
1.0479935
0.61324401
1.1280189
0.91348672
1.6129688
0.78836898
1.0019724
0.83411678
0.95262152
1
1.1506948
0.55236636
1.5031715
0.9237631
1.1504861
0.86622105
1.0964659
0.96109585
1.1346012
0.94934513
1.670214
0.92688455
2.4403386
1
1.1704602
1.2463248
1.0184281
0.80630369
1.1260794
0.72954901
1.1860991
0.93280192
1.1257702
0.98114569
0.98394345
0.64233647
1.2503244
0.84544017
0.96858767
1
1.1058967
0.65393903
0.83015222
0.88859774
0.96082962
0.71747124
0.75141356
1.1298047
1.8729598
1.1006904
0.88742258
1.1535936
4.1813615
1
1.001398
0.79110272
1.1164107
0.87713361
0.97832037
0.80334355
0.96586193
0.80414664
1.3513463
1.1250339
1.3084004
1.0918926
1.111279
0.97684103
0.96668503
1
0.77434218
0.7782733
0.73303688
0.91156884
0.80641176
0.85887635
0.8646109
1.0824632
0.97169364
0.92479542
0.95808893
0.96308407
0.5633096
1
0.55916505
0.91557587
0.58975748
0.95950193
0.83675598
0.48369799
0.43405829
0.92135704
0.66202395
1.1342713
0.58329353
0.76556839
0.7433724
0.95677555
0.76077575
1
1.0564674
0.55660945
0.63612021
0.86995914
1.144499
0.80199716
0.89517434
0.99159559
1.0379363
1.1575809
1.3985332
0.88410491
1.237173
1
0.98411805
0.95709068
0.98835887
0.72345914
1.5156696
0.90112083
0.58297495
1.0756298
0.73448956
1.3785426
1.0319557
1.2866011
0.85061438
0.88020753
1.0605063
1
0.8336665
1.014907
1.1775996
0.97866257
1.3013046
0.89402275
0.94675885
0.95791689
1.5293868
0.94621494
1.1448088
0.98227769
1.1378045
1
0.83714344
1.2623839
1.0882618
0.72171685
0.98859564
0.71730847
1.0658791
0.88214389
1.3916784
0.78648193
1.3039321
0.96568781
0.91169735
1.1511002
1.0861626
1
1.1584678
0.61697934
1.4282249
0.94420672
1.3819019
0.70158294
1.0866981
0.98110214
1.4063809
0.57411582
1.0467853
0.9165629
1.1030594
1
1.0724301
0.74846663
1.1745291
0.77568864
1.5428095
0.80681298
1.3690357
1.5562717
1.4156595
1.1684635
1.4082283
0.68074135
0.89955219
0.53681868
0.99825881
1
0.95861789
1
0.96881561
1
0.96206983
1
0.92787126
1
0.86050619
0.91941276
0.88860353
0.9999994
1
1
1.0121875
0.51644785
0.97096734
1.2077895
1.1913688
1.3585728
0.99132048
0.98016621
0.81168973
0.85596455
0.83626839
0.94282674
0.80891141
0.80524134
0.92304845
1
0.86034787
1
0.99621838
1
1.0014566
1
1.1692682
1
0.99582315
1
0.87780161
1
1
1
0.95478351
0.87684587
1.0840196
0.91692203
0.99901092
1.0906027
0.9888884
1.0196714
0.88997566
1.3447886
1.1512815
1.0608244
0.96067171
0.98797903
1.1092749
1
1.0275511
1
1.1357629
1
1.0679421
1
1.0453652
1
1.0604972
0.99999112
0.86647779
0.9999877
1
1
0.67882136
0.56555884
1.0952054
1.0721938
0.99822953
0.78050246
1.0715485
1.1114683
1.0217281
1.0912391
0.86947632
0.97114179
0.9541883
0.97376069
1.0897695
1
1.0448647
1
0.92890122
1
0.7722565
1
1.0701217
1
1.0235379
0.99401558
0.91042537
0.99998336
1
1
1.9076538
0.79700495
1.5748305
0.93216751
0.97891397
1.1117702
0.97962542
0.98001666
0.98297591
0.80329002
1.9923417
1.0347906
1.6890965
0.79884288
1.0270552
1
1.2318927
1.241143
1.1946385
0.99101338
1.1763838
1.1413102
1.0976975
0.99389561
0.83324232
0.97725363
1.1056454
0.99078905
1
1
1.0944617
1.0924951
1.0878865
1.0720393
1.2074723
0.88750272
1.0205
1.2888759
1.1965112
0.90077255
0.9079582
0.97301288
1.0356641
1.0759778
1.3555064
1
0.80867089
0.90523644
1.1943092
0.95385943
1.0775288
0.94845416
1.2176823
1.1947105
0.89016929
0.91585238
1.0600248
0.99936572
1
1
1.9888029
0.96707773
1.4547343
1.0051097
1.6569771
1.1317884
0.93301007
2.2988389
1.0444772
1.2249001
1.390701
2.0378979
0.91020625
1.2409771
1.1499817
1
1.6817413
0.39660618
1.2547723
0.56359715
0.80287549
0.73218042
0.72629148
1.3049919
0.98727464
0.94939281
0.83503955
0.92359959
1
1
0.64648579
0.99149086
0.91469898
1.0713208
0.93006284
1.4826051
0.81319267
1
1.1752808
0.83776468
2.206812
4.0579881
0.77202179
1.8725879
1.0602474
1
0.84436575
0.55996934
0.86081391
0.79315056
1.0991076
0.7807016
1.0649409
1.1144013
1.1750378
0.90278085
0.80000612
0.95648045
1
1
1.0073775
1.0851165
1.1558277
0.84993304
1.2010706
1.3607597
1.1341874
0.49020883
1.3708023
1.4183487
1.2742094
1.1683298
1.0439242
0.99902711
0.92108593
1
1.0600526
0.58349138
1.0191772
0.95100801
1.2208261
0.82272615
1.0459538
0.8485962
0.66227207
0.77447728
0.98408213
0.97063638
1
1
1.1652341
0.93775467
1.1346644
0.99384402
1.2806938
1.4385753
1.1140828
1.1748673
1.2368419
1.1664524
0.85905165
0.89689931
0.83068994
1.186981
0.97632105
1
0.92090265
0.804527
0.95953459
0.93559246
1.3081412
0.81542195
1.1284479
0.953528
1.2658044
0.95871518
0.87212415
0.94087229
1
1
1.3923643
0.6194606
1.1875793
1.1563358
1.1508259
1.0530143
1.1289504
0.69310668
1.9785375
0.91160144
1.2185118
0.96594023
1.1200597
1.1316343
0.99796536
1
0.60743317
0.8052964
0.98308852
0.96954823
0.738551
1.334996
0.83280252
1.1051573
0.53878775
1.3427662
0.72655944
0.97053669
1
1
0.62224971
1.9784355
0.70678114
1.0839884
0.89353815
1.4710801
0.37526619
1.0637523
0.66875327
3.387074
0.50492565
1.4830562
0.5128797
0.83547768
0.941406
1
0.58608166
0.40177192
1.2405461
0.86731171
1.1291121
0.86169735
0.76138154
0.89273522
1.0119328
0.95330224
1.225778
0.99696307
1
1
1.0397672
1.4395046
0.78539238
1.2141158
1.0693912
1.0769832
0.78204224
0.82925522
1.0375629
1.2569778
0.96141513
0.62957295
0.97490689
1.0719364
0.93776977
1
0.71058685
0.8010484
0.86490641
0.97580688
1.4140951
1.1116063
0.93975506
0.97814526
0.79573056
0.98759905
1.0129249
0.99689916
1
1
1.3021438
1.1843839
1.0643094
0.9397003
1.7420742
1.107458
1.1940794
0.72438759
1.229343
1.0591083
0.74935917
0.99645629
0.97061667
1.0811501
1.1009028
1
1.4065342
0.40459955
0.95625191
0.96837958
0.7638549
0.67894723
0.71805808
0.93911874
1.0399805
0.96353799
1.1690771
0.99520107
1
1
1.2919686
0.81015854
1.2282302
0.94701467
1.5814026
1.0274676
1.6192498
1.9883218
2.7210269
1.3789557
0.99562257
1.5872887
1.6359536
0.5138195
1.280102
1
0.8920542
1
0.99626658
1
0.98472861
1
0.99953268
1
0.9968978
1.1935513
1
1
1
1
1.0430962
1.2182528
0.87286554
1.2567557
0.97990642
1.2966137
0.9756186
0.75421298
0.82387502
0.92777753
0.97629809
1.1800262
0.99663213
1.1842056
0.99608211
1
0.99794728
1
0.99999522
1
0.99906615
1
1
1
0.99465682
0.99999998
1
0.99951359
1
1
0.9802061
2.0336972
0.97632005
1.4014845
0.99999999
0.90768253
1
0.67327173
0.89327674
0.96340927
0.88522968
0.90351655
0.99980992
0.97299497
1.0474528
1
1.04079
1
0.99724149
1
0.99476357
1
1
1
0.98998509
0.99966636
0.99898622
0.99995858
1
1
0.99519859
1.3079663
0.98455138
1.4901419
0.99425353
1.0785867
0.99909419
0.66663982
0.91340528
0.90068657
0.98035745
1.0759188
0.94456336
0.9234934
1.1063541
1
0.87920149
1
0.99948822
1
0.93972532
1
1.0582546
1
1
0.985237
0.99819839
1
1
1
1.2966592
0.6324841
0.89581419
1.0173975
1.0850718
0.76147442
0.99472001
1.1346166
1.0319559
0.73717655
0.98001306
1.2487463
1.1432125
1.1591788
1.2434077
1
0.91856965
0.90598929
1.2799589
0.99748079
0.93095852
0.97180671
1.1648302
0.97332472
0.9959043
0.82131172
0.99772265
0.98562091
1
1
1.2091001
0.70472615
1.0095703
1.2133647
0.90830318
0.88579081
1.7189462
0.71940842
0.7691505
0.79332523
1.1191774
0.82348643
0.97116987
0.63028774
1.32761
1
1.0391006
1.1146302
0.96514056
0.99490909
0.93697267
0.98547439
0.98331727
0.96893539
0.99824038
0.98106057
1
0.99725462
1
1
1.072043
0.81009237
1.0291269
1.133646
0.98320729
1.4375953
1.4938918
0.86524129
1.2871664
0.59156387
0.93857425
0.9700346
0.99886218
1.1085073
1.1278016
1
1.1635869
1.8796846
0.98282397
1.4449083
0.93603318
3.3762591
1.1216908
2.3593376
0.95004132
2.6029103
0.9928632
1.4536888
1
1
1.1009974
3.5331389
1.0563827
1.3885183
0.71900455
3.6693947
1.6390222
1
1.2392831
1.7829182
23.853541
13.240572
1.5060243
17.50919
1.0130092
1
0.91352474
0.64889293
0.98148931
1.1535469
0.93388515
0.83619217
0.95226717
1.0146309
0.92433041
1.1202203
0.98267976
0.97451214
1
1
0.92533041
1.2051017
1.6091893
1.3780614
0.85993168
1.217291
1.2368395
0.66103133
1.0165656
1.0469006
1.0195967
2.9361218
0.74525684
1.5935772
1.3663329
1
0.7537379
1.2558215
0.88201186
1.1396007
0.99614265
0.80574854
1.2145918
1.2599613
1.3332948
1.163253
0.99246759
0.97696317
1
1
1.1722164
1.7506847
1.4382418
1.1884392
1.2221497
1.1817008
1.2657191
1.067865
1.4629703
1.4328306
1.3566566
0.30269744
1.2090712
1.683126
1.2516242
1
1.0786132
0.96323566
0.97683495
0.9654809
1.2000563
1.0941205
0.86864937
1.1589379
0.94495505
1.1251547
0.99827172
0.97123362
1
1
0.5042946
1.578341
1.0604418
1.137505
1.8018039
1.0328154
1.3626903
0.90903869
2.107568
1.4220438
1.4540878
1.2549427
1.0185587
1.2304056
1.1320632
1
0.64376589
1.434021
1.1678455
0.97598215
0.88455108
0.96463872
1.0764349
1.1368857
1.1604281
0.95702846
1.1369275
1.3619983
1
1
1.7010623
5.3031189
2.4494468
2.101003
1.5339643
2.3618866
2.8138088
2.2002627
1.4229895
4.25491
1.3992718
4.5558039
1.3729223
2.3262167
1.1255556
1
0.74235816
0.57136528
0.91277388
0.9037702
1.1454028
1.0490085
1.2196508
1.0465858
0.88979462
1.4973835
0.98246343
0.99426985
1
1
0.99450647
1.4650896
0.65511905
2.1437931
0.92494677
1.1376395
0.87501252
0.91152913
0.92500379
1.2533553
0.99551793
1.553366
0.72845405
1.2277842
1.2724306
1
0.69487603
0.8346734
0.99527462
0.98818786
0.9580542
0.99141959
0.9767182
1.1995168
1.1713526
0.98062491
0.99804801
0.99831605
1
1
0.96663474
1.0245591
1.4894703
1.069638
0.98027946
1.008655
1.413385
1.2331996
2.3554164
1.1078664
0.97217792
1.2413742
0.9750128
1.2609967
1.5332969
1
0.99943171
0.58983976
0.99812087
0.98592522
0.93538626
0.82101521
1.0763686
0.91687725
0.98226546
0.97896571
0.99782716
0.93072166
1
1
1.1516475
0.97469736
1.065315
1.1774814
0.87425566
0.62575175
1.1991816
0.98744331
0.97107579
0.77179062
0.78385845
0.70919892
1.1934679
0.95422767
1.087341
1
