1
1
0.93265295
1.1058676
1
1
0.85384716
1
1
1
0.69751408
1.1257381
1
1
1.1640749
0.8775236
1
0.9443362
1.3419651
0.91330689
1
0.99966438
0.90509495
0.9987752
0.95931559
0.6355616
0.87178622
0.76805149
0.87980644
0.38118677
1.6265283
0.94150327
0.65712583
0.66250886
0.65570902
0.82078739
1.080872
1.0444576
0.86214416
1.2269157
1.1131112
0.95326781
1.0581831
0.87396223
0.9974146
0.74655697
0.64637893
0.67061477
1
0.84134666
0.74865672
0.95127951
0.99795959
0.74925072
0.88896902
0.99935665
0.98401088
1.1673085
0.99872468
1
1.1941976
1.2757578
1
1
1.6512704
0.99988659
1
1
1.4889681
0.98322197
1
1
2.3201813
1.0346545
0.98399945
0.92893878
2.4004955
0.8958372
1
1.1026049
4.1404735
0.99413198
0.98802448
0.68591512
0.81931484
0.90674999
0.99899531
0.46124315
1.5785886
0.76281723
0.88226555
0.64575871
0.62038189
1.2256745
1.1671963
0.99599021
1.6235461
0.91940679
0.94096046
0.82051938
1.1318376
1.2830817
0.95061106
0.59925105
1.0544037
1.425418
0.99998101
0.47758839
2.5592221
1.5201602
0.99603307
0.72438862
1.6437137
1.1791903
1.2910346
1.0232604
0.9994021
1
1.7996472
0.83798278
1
1
0.97092384
1
1
1
1.1774317
0.99460715
1
1
0.95327326
0.96487083
1
0.6811744
1.0745945
1.6658987
1
0.98044685
0.96612476
1
1
0.56086614
0.90751165
0.89738815
0.9999701
0.5045906
1.0324713
0.81262705
0.88059862
0.49104222
0.70101845
1.0787463
0.99646668
0.73048736
0.95153996
0.92226727
0.95661805
0.65409476
0.93260257
0.94324111
0.9998342
0.48546921
1.3684084
0.85590069
0.99968409
0.57954802
1.1842
1.1191381
0.99998876
0.66392061
0.99999435
0.99994416
0.95936477
0.78613184
1
1
1.1594788
0.7464651
1
1
0.93969353
0.99813626
1
1
1.0983556
0.99389692
1
1
0.82992834
0.99968425
0.99480035
1.0431345
1.0728122
0.99547153
1
0.99999039
0.78130172
0.99893099
0.99563116
1
1.0230088
1
0.73446255
0.71124725
1.0635479
0.9995013
1.0917331
1.1689921
0.99820348
0.81896346
0.93341451
1.2634471
0.77320888
0.99880394
0.89642874
1.2506155
0.80796886
0.94170074
0.78685631
1.1569417
1.2095982
0.97919892
0.99200799
0.96773893
0.76306964
0.99041801
0.97335526
0.99998409
1.3312333
1
0.6515788
1.0032388
0.97958804
1
2.3113484
1.0401507
1
1
0.71676404
0.99856998
1
1
1.2352689
0.92998138
1
1
2.0903406
0.98921439
0.99735623
0.88544269
1.7383181
0.99581527
1
1
3.8197173
0.99999001
1.1878385
1
0.60392549
1
1.5154456
0.64979893
0.77386389
1.1776651
0.77594909
0.72824437
1.0773228
1.4449626
0.97389912
0.87656713
1.267308
0.93883797
0.9779169
0.84152928
1.3685294
0.77702289
0.96642661
0.66576801
1.4114188
1.0245559
0.99013809
0.66074912
1.1275572
1.3197245
0.99558041
0.92466754
1.4713376
0.99747604
1.1897846
0.6477732
0.99408145
1
1.6711236
1.5259966
1
1
0.88968115
0.99999372
1
1
1.2465006
0.99496491
1
1
1.1181235
0.99955452
1
0.93583854
1.1870342
0.99991033
1
1
1
1
1
1
1.0052393
1
0.9977976
0.51085983
1.5167055
0.79351391
0.89957609
0.58558371
1.1399021
1.0934327
0.99997632
0.66659715
0.93290371
0.92178841
0.99585403
0.709648
1.1015409
1.1385859
0.99731277
0.55156875
1.0191295
1.2927263
0.99999496
0.76047622
0.96654906
1.5606168
0.99979721
0.94568436
0.98441966
0.9999645
0.90507349
1.3225705
1
1
0.72876678
1
1
1
0.99637381
0.99970994
1
1
0.93576718
1
1
1
1.1372312
1
1
1
0.99943899
1
1
1
0.68877658
1
1
1
1.0270352
1
1.0035912
0.99769248
1.097535
1
0.75978632
0.75626362
0.92890506
0.99973008
0.95422848
1.2426707
1.0712083
0.99724088
1.1566437
1.3074221
0.75334359
0.97113237
1.4055335
0.99756877
1.1417687
0.98284795
1.1433361
0.99513659
1.1198838
0.99986128
0.99773418
1
1.0592493
0.99982354
1.1654995
1.2103096
0.99828148
1
1.970144
0.9400016
1
1
0.98731325
1
1
1
0.78445188
1
1
1
0.68962389
1
1
0.9999996
1.4823717
0.99944221
1
1
1.6256918
1
0.99058829
1
0.9062703
1
1.1900416
1.0135541
1.1178605
1.1468596
0.83104631
0.82777394
1.2784708
1.5208043
1
0.5662897
1.1168666
1.1947853
0.93052767
0.90316512
1.2425015
0.99296005
1.1688758
0.93355572
1.6004289
0.752046
1
0.9004391
1.2030945
0.99368964
1
0.99345034
0.99451319
1
0.98974533
0.6851133
1
1
1.2715965
0.96066184
1
1
0.88667221
1
1
1
1.2170366
1
1
1
1.0986586
1
1
1
0.99812589
1
1
1
1
1
1
1
1
1
0.99909903
1.0730611
1.0461865
0.96498609
1.4341114
0.57479879
1.1772052
1.1304197
1
0.77055966
0.9003645
0.99817206
0.99971464
1.4175231
0.7788986
1.2230032
0.99766857
0.9561728
0.71980867
0.93493194
0.9981854
1.0743944
1.0899738
0.99969747
1
1
0.99691823
1
0.97484546
0.99039898
1
1
0.87177693
0.98512708
1
1
1.3309559
1
1
1
0.87729328
0.99920998
1
1
0.94642342
1
1
1.1529129
2.0088114
1.0064566
1
1
0.91340556
0.99932718
0.99650322
0.60740369
0.93922868
0.9973611
1
0.9162985
0.92489322
0.96530907
0.94827065
0.72563291
0.98956424
0.97197856
0.66438416
1.297761
0.7264329
1.1312103
0.99992391
1.0295419
0.99698506
0.99361213
0.99943758
0.94156759
1.122151
0.9975477
1
0.86370106
1.0468659
0.9998733
0.96096895
0.8666983
1.3012261
1
0.98123049
1.2923379
1
1
0.79171943
0.98041107
1
1
0.81760734
0.99891123
1
1
0.9929213
1
1
1
0.93390439
0.99986187
1
1.0106253
3.4183911
0.91751975
1
0.9977563
1.7502033
0.9265758
0.99598219
0.45220758
0.98764614
0.99496357
0.98982138
0.62842261
1.0760417
1.2105872
0.99442067
0.74342486
1.1372596
0.84794182
1.0979837
0.66412042
0.92275143
0.99922851
1
0.82940004
0.95419546
1.1987671
0.9998843
0.78917567
0.98858955
0.92338579
1
0.8855135
0.9233891
0.98230735
0.99999292
0.9941466
0.98499154
0.99999317
1.1628906
0.66921829
1
1
0.9836448
0.99998995
1
1
1.3465092
1
1
1
0.98213585
1
1
1
0.99960094
1
1
0.87037676
1.0688299
0.99778218
1
1
0.9990831
1
1
0.78268904
0.82150126
0.99168711
1
0.60539422
0.98675987
1.0960861
0.99944395
0.44151658
0.90703924
1.1098733
1.6616442
0.74973764
0.58196493
0.98972445
1
0.71871134
1
0.97312107
1
0.46010248
0.982037
1.3509671
0.99998189
0.76679326
0.99011904
0.99071222
0.99967255
0.98056853
1
1
0.99478197
0.69487423
1
1
0.89750913
1
1
1
1.357142
1
1
1
0.96464427
1
1
1
0.76414215
1
1
0.99800555
0.83875466
1
1
1
0.90589022
1
0.99980657
1
1.1091706
1
1
0.99513463
0.85787153
0.99976062
0.97935003
1.1817429
0.8854153
0.83362141
0.5159347
1.1385884
0.54071733
0.99996998
0.99978592
1.2716654
0.9893755
0.99975705
0.99532361
0.99010153
1.039383
0.99996422
1
0.9959462
0.72927834
0.99930954
1
1
1.0398368
0.99998441
0.8846055
1.0538839
1
1
1.0168614
0.99901487
1
1
1.0039858
0.99996281
1
1
0.82558701
1
1
1
0.91684113
1
1
0.99049069
1.4020872
0.99974468
1
1
0.96979727
0.99996991
1
1
0.89895299
1
0.99635878
0.64928856
1.0095761
0.99523441
0.82197784
1.0299969
1.1084669
0.92368563
1.4275588
0.75056506
0.78713245
0.99953967
0.98341737
0.88400201
1.1091469
1.1422537
0.99635781
0.53578257
0.75631406
1.1730233
1
0.94171807
1.1534147
0.96421032
1
0.9987731
0.99174707
1
0.99356653
0.59332556
1
1
0.97507779
0.99997791
1
1
0.96595401
1
1
1
0.88043776
1
1
1
0.99898253
1
1
0.99979
0.99958579
0.99989454
1
1
0.9996803
1
1
1
1
1
0.99981192
0.75371969
0.91686052
0.99744137
0.99471262
1.2013972
0.79507573
0.71880293
1.7606435
0.63963906
0.49006182
0.97444424
1
1.1035128
1.7844746
0.99145089
0.9990452
0.57644544
0.99650453
0.99229503
1
0.9265647
0.99293243
1.1233687
1
0.99933681
0.99957077
1
0.98696673
0.68805802
1
1
0.94536653
1
1
1
1.1986641
1
1
1
1.0535146
1
1
1
0.99878059
1
1
1
1
1
1
1
1.1349714
1
1
1
0.99086621
1
1
1
0.99505427
1
1.0431828
0.89602156
1.0748217
1.0973251
0.96620915
1.4480011
1.0810025
1
0.9995381
0.99358331
0.99910064
0.9999443
0.99653831
0.99994114
1.1121928
1
1
0.68717964
0.96590353
1
1
1
0.87752282
1
1.1340843
1.5823522
1
1
0.78854622
0.99996925
1
1
1.2223693
1
1
1
0.93382063
1
1
1
0.9914471
1
1
1
1.1760748
1
1
1
0.997131
1
1
1
0.86412951
1
0.97538935
0.97859334
0.92831176
1
0.97943615
1.044238
0.98775162
0.97719647
1.0554789
0.9850352
0.88039132
0.99956434
1
0.80474647
0.97030431
0.9983853
0.99693377
0.98313831
0.81326203
0.9999801
1
0.99838204
1.1520191
1
1
0.99994738
0.99526698
1
1.0556429
0.65397456
1
1
0.96098255
0.9998816
1
1
1.1009268
1
1
1
0.99994465
1
1
1
1
1
1
1
1
1
1
1
1
1
1
1
1
1
1
0.94437677
0.97494976
1
0.99737957
0.96222133
1.0907536
0.98778742
1.2174428
0.88567505
0.72535676
1
1
0.78723384
1.2118233
0.99946929
1
0.91612386
0.93069072
0.99637445
1
0.9997748
0.9995913
1
1
0.99929083
0.98561407
1
0.99996487
0.82139564
1
1
0.95127455
0.72201897
1
1
0.83769672
1.0195643
1
1
1.5559003
1
1
1
1.0649436
0.96571998
1.0821007
0.94876234
0.67417542
0.86366384
1
0.98108226
0.83248408
0.97561486
0.48294304
0.64104874
0.91050487
0.95573323
0.68614509
0.80716393
1.0900821
0.98119271
0.90960058
0.94694099
0.84765766
1.0255109
1.065423
1.4049617
0.8845123
0.77812577
0.99496821
0.90058151
0.99622092
1.1513711
0.58278684
0.65976894
0.7062054
0.46986635
0.71522913
0.8523282
0.97080807
0.88807827
0.67517358
0.73221858
1.4095523
0.85809577
0.30754034
1.4154159
1
1
0.92750095
1.1299936
1
1
1.0839203
0.98442415
1
1
1.25021
0.99783777
1
1
1.9503012
0.969871
1
0.8420803
4.1196449
1.3693171
1
0.99768187
1.9511234
0.9665484
0.95064593
0.56188809
1.0626242
0.47293179
1.339902
0.71386239
1.1458679
0.95729582
1.6955584
0.65241782
1.2957517
1.1959722
0.95416659
0.91717925
0.98910504
1.6165248
0.96518263
0.84247509
0.9976866
1.1178334
1.1464504
0.5785541
2.2224156
0.91795155
0.99976633
0.66618734
1.6255128
0.62291279
1.0201541
1.1524443
2.3338402
0.98142185
0.45830951
0.88881034
1
1
0.7864047
1.3066508
1
1
0.99201926
1.2051701
1
1
1.5510137
0.99998587
1
1
0.99200932
0.92952532
1
0.82472529
1.1238667
0.92063819
1
0.95917498
1.0689652
0.9858563
1
0.66256707
1
1.005741
0.99923716
0.51282284
1.0275412
0.80265226
0.93021822
0.65901206
1.0606872
1.3910279
0.98938942
0.87094746
1.0828983
1.1113864
1
0.99355268
0.90130475
0.9263912
0.99656828
0.55766271
1.1205078
1.0249359
1
1.1286717
1.0770498
1.1175248
0.99759947
0.7623698
0.987168
0.99153975
1.0379613
0.67585876
1
1
0.96912961
1.2281303
1
1
0.93139387
1.1246996
1
1
1.2001196
0.93059879
1
1
1.141719
1.1052258
0.99224552
0.99947991
0.83009496
0.94960555
1
1
0.92652532
0.99962904
1.0048525
1
0.96641239
1
0.60918618
0.82629914
1.075608
1.0634316
0.73813973
0.61007843
0.84187918
0.60050476
1.0072523
1.6553652
0.50935019
1.1345744
1.0518274
0.84783984
0.941117
0.88541205
0.99911253
0.92607496
1.0054949
0.43852691
1.0044631
0.84924259
1.1928619
0.96931409
0.91270397
0.99533437
0.93607591
1
0.55547377
1.2235116
1
1
0.92520951
1.3676091
1
1
0.85340973
0.99547928
1
1
1.3291699
1.1779066
1
1
0.92964595
0.83644992
1
0.89697569
0.94624707
0.99871584
1
1
1.258804
0.99991146
0.93105085
1
1.1411091
1
1.2342952
0.63850689
0.9881738
1.054913
0.94973414
0.82726684
1.0873443
0.93659722
0.98833535
0.9242799
1.0364739
0.74503263
0.984032
0.94381674
1.0223905
0.91670669
1.3135105
0.72482912
1.202762
1.3024695
0.827801
0.75134719
0.86144767
1.3824089
1.157862
1.0540578
1.3729423
0.99895986
0.65474377
0.55026339
1
1
0.99778283
1.1669012
1
1
0.9199504
0.92201131
0.99989302
1
1.7555379
0.99702972
1
1
1.392392
0.9972009
1
0.97349256
1.0292098
1.1311242
1
0.9988866
1.1236891
1
1
1
0.92384948
1
0.98881539
0.42246037
1.3077114
0.72577269
1.0478353
0.70312501
1.1571091
1.5853371
0.99924327
0.56212409
1.2588136
1.0357092
0.99999001
0.60086685
0.95551155
1.6032787
0.98826609
0.75030291
1.5655381
0.99863817
0.99829966
1.0200014
1.0263984
0.64629404
1.2045326
0.8278628
1.1440874
1
1.0062433
0.84180739
1
1
0.94213739
0.98141405
1
1
0.95301462
1
1
1
0.94632203
1
1
1
0.96524373
1
1
1
1.030999
0.99982453
1
1
0.85439785
1
0.85202105
1
0.956394
1
0.65307178
1.4264884
1.3023961
1
0.81324353
0.94016029
0.9341444
0.67488987
1.0606112
1.1001529
0.78412517
0.97206328
0.99170202
0.9825931
1.1985395
0.99741729
0.83523357
0.98118221
1.0408254
1.0141416
1.134499
1
0.96628086
0.84237085
1.3757207
1
0.99588048
1
1.0200879
1.2261663
1
1
1.1273582
1.1727128
1
1
0.85078729
0.99968324
1
1
2.0922649
0.99972848
1
1
1.1922557
0.99985298
1
1
0.99046614
0.99995374
1
1
1.1996992
1
1
1
0.90257164
1
1.0639529
0.97069959
1.3179431
0.97620792
0.73805266
0.89388915
0.72985115
1.8667177
0.96950605
0.9560791
0.78151436
0.99854321
0.99586506
0.77829444
0.90896626
1.0089684
1.0504895
0.94366717
0.934874
0.91820513
0.99479919
0.92199311
1.2083524
0.99920177
0.99467913
0.99999223
1.2621968
1
0.8925381
0.90855942
1
1
1.008449
1.7038043
1
1
0.99770569
0.9947135
0.9105602
1
1.3240125
0.99995349
1
1
0.97054822
1
1
1
0.98906548
0.99858886
1
1
1
1
1
1
1
1
0.9995733
0.86491831
1.0022666
0.99665635
2.0278311
0.84833062
0.99130783
1.3167289
1
0.69097204
0.95834947
0.94841543
1.1815602
0.97598045
0.79623104
0.92568146
0.99634033
1.2323426
0.83752594
1.1185134
0.99997159
0.95949347
1.1060948
0.9951206
1
0.97389339
0.99857847
1
0.98344258
0.99359112
1
1
0.98318528
0.50612051
1
1
0.90737955
1
1
1
1.0449904
0.99857865
1
1
1.8833788
0.68584715
1
1.0246197
1.0657279
0.90377124
0.98850458
0.99901764
0.56564186
1.1554788
0.98943851
0.84292696
0.94262806
0.96234431
1.0340062
0.78458352
0.77695006
0.97179482
0.82611954
1.0369203
0.79954657
0.90244787
0.9501537
1.5470138
0.85263568
0.95386688
0.8436578
1.4906793
0.9819951
1.115872
0.93362913
0.91738909
1.0979787
0.56277849
0.88600851
0.61455158
0.90507764
0.94562369
0.49449298
0.76116168
0.82872907
1.0481467
0.88767445
1.5682126
1
0.99872598
1.5002601
1.639711
1
1
0.94259033
0.99862924
1
1
1.2453843
0.99476563
0.9961026
1
1.2216099
0.99142976
1
0.83972189
3.228939
1.0390287
1
0.93739957
1.3192222
0.9776539
0.99964887
0.62847868
1.0184119
0.82499653
1.0875222
0.77998931
1.1607674
1.111891
0.91238602
1.11768
1.4415747
1.0492858
1
1.163009
0.94778242
1.5361897
0.90843393
0.64949896
1.2091097
1.0717614
1.1711839
0.73862474
2.1272385
1.6990313
0.99995997
0.80240071
0.92854619
0.82251948
1.5882168
0.75318081
2.3778605
0.93218874
1.2255162
0.90981047
1
1
0.97128478
1.1180461
1
1
0.95650169
0.99999875
1
1
0.91429455
0.99895986
1
1
1.126228
0.99848948
1
1.0635778
1.042918
0.8890817
1
0.99992191
1.0530679
0.96282218
1
0.86900581
1.1551667
0.9129525
0.99964673
0.69227572
1.3999789
0.78818652
0.81671156
0.75814388
1.304742
1.0636324
1
0.89002231
0.93391797
0.78036569
0.99756103
0.76569703
0.71273694
1.0818098
0.99952932
0.74990121
0.63672541
1.1316164
1
0.73164563
1.2407605
0.89047153
0.99996744
0.84021983
1.1037758
0.9941932
1.3740265
0.88187906
1
1
1.387962
1.1582752
1
1
1.212912
1
1
1
0.96095693
1.3746291
1
1
1.2418661
0.99857723
1.0383269
0.99941804
0.68756361
0.91653554
1
1
1.0148238
0.99341862
1.2878568
1
1.1148448
1
1.0331539
1.1408718
0.98392879
0.84841858
0.84913316
1.0172271
0.97148482
1.0263885
0.93798506
1.3867609
0.88985378
0.99997433
0.97653926
1.3183154
0.92205228
1.2133137
0.88582417
1.0809194
1.0512451
0.86678223
1.181737
0.97526445
1.4507096
0.99947489
1.3269062
0.99966559
1.2939445
0.99997075
0.83868246
1.0378153
1
1
1.1242525
1.0509479
1
1
1.0561051
1.0088363
1
1
1.4095234
0.96794086
1
1
1.6064904
1.0282744
1
0.97091212
1.1959399
0.99567609
1
0.99995051
1.1181268
0.99612411
0.99800727
1
0.95400015
1
0.77935997
1.0505387
0.96143791
0.64229297
1.5629163
0.94740641
0.95244231
1.009904
0.99741085
0.66095015
1.0313706
1.1840284
1.1316035
1.136347
1.4289976
1.6469503
0.96881044
0.62786736
2.1049861
1.5240171
0.99619746
1.2703731
0.78845268
1.3337345
0.88743666
0.9676807
1.2987051
0.99877925
0.91780804
0.94064764
1
1
0.77308676
1.1053106
1
1
0.8886365
0.9912485
1
1
1.2014705
0.99990753
0.99964801
1
1.1905889
0.99961261
1
1.0412596
1.2391721
0.99994396
1
0.99968541
1.29068
1
1
1
0.82827202
1
1.0852166
0.71573944
1.3147964
1.0638123
1.2345033
0.6235484
0.87030687
1.5702898
0.9986145
0.74878822
1.2639664
1.1088001
2.1217235
0.62450827
1.411824
1.3826194
0.99908868
0.83092009
1.3000075
0.69615834
0.99998712
0.98627058
1.5625575
0.6128618
0.9994811
0.97463946
1.270197
0.99988672
1.0107886
1.0342484
1
1
0.71140635
1.0804728
1
1
1.1271461
1
1
1
1.1226939
1
1
1
1.2168557
0.99965513
1
1
1.0125057
0.99539517
1
1
0.99666115
1
1.0795207
1
1.042112
1
0.78496243
1.2086803
1.1105573
1
0.86826102
0.69175789
1.2236582
0.73085816
1.0218683
0.87929964
0.91631528
0.98731362
0.99760596
1.0400654
1.0000334
0.86407172
1.1787343
0.98143581
1.0357512
0.94581854
0.99481315
1.1532214
0.8102248
1
1.7939882
1
1.0710565
1
0.90532049
1.115138
1
1
0.90932238
1.1438384
1
1
0.93254159
1
1
1
1.2461012
0.99945411
0.99997488
1
1.1314845
1
0.98123438
1
1.266598
0.99999859
1
1
0.86064982
0.99999619
0.99193124
1
1.0475249
1
1.1183245
0.95492823
0.71427077
0.93612684
0.9688925
0.9113318
1.1722212
1.2906509
0.99627858
0.76313246
0.93508609
1.1660144
0.99080255
0.92822252
0.80419817
1.0348399
1.2504689
0.93106609
2.3574132
0.99830967
0.9971675
0.99416667
0.82856275
0.99990941
0.92140796
0.99999245
0.97975182
0.99999159
1.0974153
0.71423097
1
1
0.97842056
1.216548
1
1
0.86385022
1
1
1
0.90812143
0.99998134
1
1
1.4862665
0.98533748
1
0.9988042
0.99720899
1
1
1
1.0497482
1
1
1
1
1
0.99977988
0.80581941
0.95251529
0.95111426
1.1847804
0.89542968
0.75187496
1.0559677
0.96784382
0.77775878
1.0750775
0.85788697
0.99928121
1.2335184
1.6992247
1.5988974
1.2841952
0.72558704
1.3490516
0.83372111
0.99990709
1.0518285
0.971942
0.99648487
0.99987437
0.99976686
0.99544649
1
0.95056699
0.74711499
1
1
0.55471952
0.56209172
1
1
0.61234572
1.0213762
1
1
0.76099128
0.6941413
1
1
0.79019057
0.68588071
0.98191347
0.54873317
0.84014397
0.46742021
0.85398496
0.74164664
0.64510636
0.86822308
0.48031209
0.50787259
0.72853874
0.46906736
0.44912939
0.40080181
0.57252719
0.44739509
0.43215431
0.69260869
0.48971598
0.51683298
0.75176956
1.1203258
0.56973885
0.52900107
0.88719983
0.67968849
1.1073006
0.77426073
0.62846833
0.39254651
0.59514887
0.49196868
1.0956948
0.71276125
0.44439767
0.46110599
0.75280253
0.58145145
1.3615145
0.7339179
0.54456153
0.98252958
1
0.99997619
0.32880689
0.40711433
1
1
0.72751352
0.96675348
1
1
0.58552422
0.76134031
1
1
0.78832546
0.80275259
0.82595871
1.1859296
0.39903048
0.61064279
0.9843568
0.92974908
0.86749549
0.93922732
0.37578315
0.40518381
0.32658782
0.54843537
1.117278
0.61791438
0.46075487
0.53559228
0.74830994
0.52910167
0.46452115
0.48704885
0.58855547
0.36929363
0.80940235
0.86811767
1.3734121
0.54169606
0.66168616
0.50175396
1.2606868
0.71619737
0.54422622
0.52175727
0.9568493
0.48599146
0.51771244
0.33464354
1.4810919
0.88511578
1.7235139
0.85803061
0.61174907
0.41305748
1
1
0.60629675
1.2935296
1
1
0.76053829
1.0902902
1
1
1.1207434
1.0857159
1
0.99941139
0.7519818
0.65752156
0.81820411
1.0520489
0.76771214
0.73632275
1.113788
0.93130204
1.407253
0.89648628
0.40735754
0.32282902
1.0022189
0.59893457
0.93045761
0.41799812
0.92636771
0.78088625
0.95206058
0.4635558
0.43472388
0.43633332
2.0652306
0.32308935
0.82631957
0.87382397
0.87377036
0.46303323
1.09599
0.45862435
1.0990524
0.55791142
0.78237245
0.38112013
1.1571274
0.47555576
1.1824198
1.0254164
0.86746413
0.60084604
1.7140153
1.2612316
0.67847909
0.44760998
1
1
0.66077932
0.83891348
1
1
1.3411824
0.96042094
1
1
0.47645407
0.97741267
1
1
0.56333549
0.90478767
1.0695536
0.99963952
0.62183023
0.97257696
0.98799658
0.99998416
1.0257811
0.96738006
0.75586395
1
0.60003089
1
0.51727992
0.67051019
0.68679176
1.5287482
0.60661276
0.66927587
0.61012366
0.80708917
0.61460987
0.60473365
0.67401663
0.89235763
0.97792604
2.1193709
0.67970963
1.3903024
0.68390281
1.1602959
0.54504444
11.588584
0.78550961
1.6367527
0.30112486
0.99153653
1.0527304
0.99856183
0.75944425
0.99964741
0.48673448
0.73503889
1
1
0.28029321
0.79474641
1
1
0.54700185
1.0372253
1
1
0.39400033
0.67947842
1
1
0.47467242
1.0972419
0.5394192
0.98089222
0.38830789
0.8761285
0.98996548
0.99794609
0.9577762
0.9806032
0.40863679
1
0.41285051
1
0.40159093
0.53719492
0.39164089
0.72795213
0.45175485
0.36625553
0.32881116
0.5146784
0.43076682
0.19925945
0.68774227
0.62021378
0.30976653
0.40108589
0.41388986
0.56454076
0.45483381
0.43640042
0.31827411
0.35277953
0.77672149
0.82658229
0.57812207
0.68265284
0.59486707
0.88060085
1.085857
0.98398007
0.53736047
0.35850941
0.99933468
0.99958365
0.4270479
1.0265474
1
1
0.80902697
1.3642606
1
1
0.89449676
1.1031805
1
1
0.79958911
1.0785286
1.0413537
0.98925205
0.90280641
0.94871453
1
0.99835234
0.78558524
0.88302491
0.45660443
1
0.74791573
1
1.2789284
0.43022759
0.69780288
0.88842558
0.69882169
0.52123426
0.40375558
0.55033478
1.5229881
0.56592807
0.50342706
0.60701863
2.8266652
0.5822718
0.63295724
0.35119102
1.452507
0.49406264
0.60733714
0.73806899
1.5804823
0.71805281
1.1410188
0.7825835
0.93684569
0.83193146
1.4068474
1.1923348
0.82095324
0.43183007
0.96803422
1
0.86141738
1.1693289
1
1
0.89108276
1.0580003
1
1
0.67368399
0.98366125
1
1
0.83277828
0.99966518
0.96847787
0.9998711
0.59135107
0.99997995
0.89917258
1
0.95204788
1
0.71840242
1
1.06485
1
0.53912847
0.87117386
0.85202042
0.99531597
0.6148052
1.0284179
0.76360688
1.0310727
0.47500886
0.83670102
0.66850472
1.0551914
1.3678266
1.4672133
0.75726671
0.99378631
0.99082751
0.9992875
0.64421192
1.0712475
0.81183302
0.99994706
0.4563009
0.98333085
0.76463191
1
1.6148636
0.99999195
0.55770306
0.91348227
0.99591349
1
0.61107698
0.83608283
1
1
0.8155801
0.99353576
1
0.99996871
0.70377423
0.97433599
1
1
0.66712198
0.99860152
0.35198822
0.99999623
0.51354931
0.99957402
0.99504762
1
0.92378126
0.99989651
0.29028136
1
0.53842889
1
0.38749532
0.96005248
0.64250414
0.95585477
0.29406259
0.5407644
0.28601267
2.3834194
0.60875855
0.49127131
0.57736951
0.78897408
0.3172102
0.43075067
0.44881116
0.75591935
0.31816066
1.015842
0.28955547
1.0996034
0.83003261
0.98744299
0.84327089
0.99656335
0.95988859
0.9989414
1.0946866
0.99996766
0.70348232
0.26578499
1
1
0.75192218
1.8625092
1
1
0.86372491
1.2033185
1
1
0.93587822
0.96535008
1
0.99991656
0.91567393
0.99134383
0.76934945
0.99998833
1.0253275
0.99264217
0.99997323
1
0.98866016
0.99988233
0.36917566
1
0.78898373
1
0.47074762
0.54611638
0.64160956
1.5003571
0.71530901
0.48666533
0.21489375
0.99026971
0.90000376
0.80136638
1.0332398
0.65141869
1.396076
0.85822867
1.1095914
0.55281798
1.4622782
0.58233793
0.59530755
0.65902316
1.0830505
0.94549032
1.208355
1.329482
0.85363416
0.99931771
1.0521056
1
1.2037141
0.43882051
1
1
0.73199197
1.7218918
1
1
0.91514054
0.9961443
1
1
0.79765452
0.86029457
1
1
0.93820614
0.97353145
0.98772086
0.94618
0.60502306
0.73996077
1.486569
1
2.1342992
1
0.87015397
0.31549256
0.95777336
0.58550604
0.71611427
0.91995718
0.77468038
0.76082192
1.4140681
1.9320598
1.1795631
0.954506
1.31763
0.59513617
0.87535338
1.1030449
0.94934653
1.4566138
0.93701023
0.90860633
0.70444138
1.2524644
0.85946044
0.95036584
1.0680536
1.1039847
1.2795922
0.81942264
0.62366868
1
1.6663446
1
1.0271395
1.2879139
1
1
0.71808103
0.9662491
1
1
1.152567
1.182411
1
1
1.1039948
1.129055
1
1
1.0867942
0.96267787
0.99114395
1.0154323
1.819102
0.88184565
0.88192117
1
1.5126318
1
0.72213444
0.32508154
0.93506034
0.48532359
1.2302
0.95082727
0.90600676
0.6588765
0.90110327
1.7690161
0.66234875
1.1668682
1.0970125
0.495759
0.97307781
0.9749813
0.9430844
0.60105154
0.9451625
1.0238952
1.1692634
0.65648073
1.1153071
0.88847817
0.95394587
0.93526711
1.1871212
0.87192496
0.89151136
1
1.5396837
1
1.213545
0.96169282
1
1
0.9177286
0.90959255
1
1
0.99880212
0.99703643
1
1
0.99350959
0.98647966
1
1
0.97811236
0.99005239
0.99958383
0.87326094
0.94640843
0.92491506
0.55260603
1
1.3859315
1
0.95145304
0.51302099
1
0.72390328
0.9894935
0.63641906
0.98892031
1.1407396
0.93294616
0.9831306
1.0460048
0.74185994
1.080864
0.70532092
1.0555857
0.90868995
0.92720552
1.0312641
0.98593657
1.0815229
1.4034701
1.0592612
0.90678359
0.7219206
0.93803828
1.0632141
0.99670751
0.82852185
0.94429735
1
1.0659062
1
1.5908417
0.58000879
1
1
1.3921534
0.93131423
1
1
0.9490598
0.99992376
1
1
0.72075911
0.99351305
1
1
0.73122609
0.99909164
1.1860432
0.99993702
0.83993664
1.1271118
0.98445121
1
1.6152335
1
1.1914224
1
0.87159531
1
1.2098181
1.1081599
0.7753522
1.2411526
0.92255398
1.1177058
0.9915275
1.9607348
0.70148915
0.41874379
1.0285889
0.95055345
1.0836062
2.9464744
1.2896883
1.1980352
1.0880186
1.1255473
1.0074329
1.4528843
0.91556942
1.1186865
0.75261235
1.202721
0.79884139
1
1.615854
1
1.7392012
1.0634719
1
1
0.58992767
1.0536875
1
1
1.0340887
0.98587008
1
1
1.063774
0.85665179
1
1
0.93622518
0.97261008
1.1140422
0.97071987
1.0146681
1.1817235
1.4066737
1
1.0121061
1
0.58762928
1
0.83352495
1
0.57092036
0.7024778
0.69831826
1.2934202
0.93594724
1.1371516
0.62051866
0.8083035
0.56224264
0.85057768
1.1487534
1.0776486
0.71959611
0.67565006
1.0942327
0.77805064
0.67992312
0.86664808
0.90737035
1.5965192
1.2711199
1.0531818
0.94728653
1.58791
0.97809798
1
1.907402
1
1.5746371
0.67143145
1
1
1.7237692
0.97018239
1
1
0.99412627
0.99598024
1
1
1.1510179
1.2090246
1
1
0.93992559
0.98337277
0.94335303
0.99229921
0.9818184
0.99035622
1.3761683
1
0.83077585
1
0.71999365
1
1.0494697
1
1.3123073
1.0722453
1.022309
0.73466531
1.3823697
1.1120736
0.97486537
0.89686793
1.1442171
1.4631503
0.9589508
0.94833978
0.85694787
0.55871844
1.470111
0.83459398
1.0237788
1.3478346
0.65879069
1.1575588
1.0504597
0.75866228
1.8311427
0.83669155
0.9979679
1
1.5819331
1
0.81098166
0.81726634
1
1
1.3323844
0.99342991
1
1
0.99715288
0.99999093
1
1
0.97454607
0.99965435
1
1
0.88391008
0.99999894
0.93197359
1
0.92148505
0.9999335
1.0871992
1
1.2451111
1
0.80496969
1
0.97547127
1
0.93209287
0.99915959
0.88653236
0.9998415
1.050975
1.1724104
0.92626622
0.74073662
0.95785632
1.0394645
0.81460141
0.99997872
1.2002172
1.0435408
0.9061325
0.99977959
1.3099118
0.99963918
1.2091019
0.99926863
0.73374755
0.99989123
0.80610029
0.9966339
0.74723522
1
1.1964136
1
0.97131739
0.95815424
1
1
0.91222799
0.982819
1
1
1.1343386
0.9991389
1
1
1.1536434
0.99704418
1
1
0.94804362
0.9995134
0.97273018
0.99999478
0.9074516
0.99877782
0.78241486
1
0.68310725
1
0.56841039
1
0.89223589
1
0.62840188
0.99206459
1.0046617
0.99835092
1.1527353
1.2148154
0.88239582
0.59291475
1.0290146
0.92177822
0.9625016
0.99746524
0.92465566
0.90381463
0.93590851
0.96882948
0.66225899
0.95523532
0.73533805
0.94878987
1.3051398
0.91518033
1.0050964
0.99884752
1.3276524
1
1.1154133
1
1.1429643
0.53101991
1
1
1.1263976
0.98568583
1
1
0.98858638
0.99997483
1
1
0.98316098
0.99357582
1
1
0.99867808
0.99361619
0.9998376
1
0.99999513
0.99785197
1.1952669
1
1.0026569
1
1.0713762
1
1
1
1.116826
1.1545278
0.93039869
0.98390521
0.95090564
1.1705634
0.68324321
1.4103929
0.78337249
1.0257248
0.97966907
1.0751121
1.2959278
1.1255263
1.0233346
0.9060418
1.5542276
1.5127579
0.99397079
0.85004795
1.0198369
0.91486967
0.95246242
0.97646941
0.99954686
1
0.98316806
1
0.84599846
1.3104904
1
1
1
1
1
1
1
1
1
1
1
1
1
1
1
1
1
1
1
1
1
1
1
1
1
1
1
1
1
1
1
1
1
1
1
1
1
1
1
1
1
1
1
1
1
1
1
1
1
1
1
1
1
1
1
1
1
1
1
1
1
1
1
1
1
1
1
1
1
1
1
1
1
1
1
1
1
1
1
1
1
1
1
1
1
1
1
1
1
1
1
1
1
1
1
1
1
1
1
1
1
1
1
1
1
1
1
1
1
1
1
1
1
1
1
1
1
1
1
1
1
1
1
1
1
1
1
1
1
1
1
1
1
1
1
1
1
1
1
1
1
1
1
1
1
1
1
1
1
1
1
1
1
1
1
1
1
1
1
1
1
1
1
1
1
1
1
1
1
1
1
1
1
1
1
1
1
1
1
1
1
1
1
1
1
1
1
1
1
1
1
1
1
1
1
1
1
1
1
1
1
1
1
1
1
1
1
1
1
1
1
1
1
1
1
1
1
1
1
1
1
1
1
1
1
1
1
1
1
1
1
1
1
1
1
1
1
1
1
1
1
1
1
1
1
1
1
1
1
1
1
1
1
1
1
1
1
1
1
1
1
1
1
1
1
1
1
1
1
1
1
1
1
1
1
1
1
1
1
1
1
1
1
1
1
1
1
1
1
1
1
1
1
1
1
1
1
1
1
1
1
1
1
1
1
1
1
1
1
1
1
1
1
1
1
1
1
1
1
1
1
1
1
1
1
1
1
1
1
1
1
1
1
1
1
1
1
1
1
1
1
1
1
1
1
1
1
1
1
1
1
1
1
1
1
1
1
1
1
1
1
1
1
1
1
1
1
1
1
1
1
1
1
1
1
1
1
1
1
1
1
1
1
1
1
1
1
1
1
1
1
1
1
1
1
1
1
1
1
1
1
1
1
1
1
1
1
1
1
1
1
1
1
1
1
1
1
1
1
1
1
1
1
1
1
1
1
1
1
1
1
1
1
1
1
1
1
1
1
1
1
1
1
1
1
1
1
1
1
1
1
1
1
1
1
1
1
1
1
1
1
1
1
1
1
1
1
1
1
1
1
1
1
1
1
1
1
1
1
1
1
1
1
1
1
1
1
1
1
1
1
1
1
1
1
1
1
1
1
1
1
1
1
1
1
1
1
1
1
1
1
1
1
1
1
1
1
1
1
1
1
1
1
1
1.6479454
1.1188365
1
1
1.3663182
0.70094149
1
1
0.99051583
0.48814791
1
1
1.0945035
0.91434793
1.1150257
1.2626403
1.9406536
1.4104416
0.75290983
0.92032462
1.477943
1.1045668
0.85759434
0.98548998
0.87962907
0.47788643
2.1183871
1.015259
2.0432381
0.87800249
0.91970238
1.4434401
1.59638
1.3243128
1.1426433
1.7207567
1.1264457
1.0470483
1.2038303
1.3440404
1.5805226
0.87103966
1.2428985
1.207207
1.0548827
1.1676877
0.78709945
1.1433184
0.87275463
0.83373562
2.3278133
0.9707279
3.2063707
1.1849269
1.0199077
1.4003274
0.9987602
0.97726324
0.89877893
1.0644546
1
1
1.0504016
1.7389818
1
1
0.87737621
1.7233181
1
1
1.3822394
1.2025505
5.1549026
1.2302771
3.1775358
0.80126163
1.5788791
0.92553992
9.0457286
0.83278676
0.57490374
0.59872593
0.7190715
0.5057434
2.493784
0.80140866
1.6489779
1.1120828
0.85525973
0.87884499
0.89455631
0.84142447
1.3190372
0.85149745
1.3455727
1.3578998
1.475823
0.79948115
0.81207508
0.71741282
1.6336863
0.93627532
1.2684536
0.94861251
1.8517138
0.66776134
2.6694477
0.78370019
17.820876
0.86420573
7.2090174
2.7210719
1.3168515
0.78676359
0.99971253
1
0.87511909
0.99000955
1
0.99997998
1.2123424
1.1854637
1
1
0.84478301
0.87943532
1
0.99979396
1.0326907
0.91985213
0.93157576
0.69997339
1.1092991
0.86326532
1.0948418
1.1804043
0.90608516
1.0152882
1.170589
0.60240082
0.83379627
0.45524081
1.5389411
0.49935417
1.4252913
0.46067216
1.247107
0.64281362
0.8465821
0.80296884
0.74501926
0.45003141
1.070882
1.0019547
0.72263527
0.6065531
0.77303982
0.57041073
1.4960955
0.62886928
1.4108655
0.73641377
1.3165955
0.64279925
2.209588
0.69347047
1.4807562
0.52537027
0.86815543
0.73513169
0.87454956
0.71367232
1
1
1.6651684
1.3420463
1
1
1.4174311
1.0108365
1
1
0.88000396
1.1338897
1
1
0.98443392
0.92837228
0.66394024
0.99999198
1.4418775
0.95586697
1.1295558
0.99534478
1.498171
0.96100776
0.88236396
1
0.99715255
1
1.7387447
1.4347008
1.6256871
0.75338739
1.4578564
0.69730101
1.2511234
1.4059185
1.2743079
1.1820398
1.3211526
1.3429016
1.2175423
1.5762328
1.0553227
0.60063254
1.4532997
1.6531786
0.9689583
0.66422682
1.3247089
1.382648
0.79758178
0.94230663
1.7492714
0.98085499
1.3845493
0.98321453
1.3690129
1.3073759
0.9973923
1
1.1019788
1.3225805
1
1
0.76755578
1.0915108
1
1
1.0173887
1.4518272
1
1
1.050761
1.6031708
2.5883147
0.90359833
1.9309353
2.0203965
0.89939955
0.99890065
2.6491839
0.84463057
0.48934083
1
1.009989
1
0.88379946
1.3798256
1.4241814
1.4560913
0.8796327
0.71345798
0.87492588
0.98839707
1.1228028
0.64974933
1.0568824
0.91088833
0.93876625
0.8782867
0.68706127
0.71899825
0.55160053
1.0108046
0.87561153
1.1814727
1.0593517
0.67099616
0.6852
1.1104476
8.1267718
0.85572469
4.0806384
0.78090818
0.92039261
0.70828691
1
1
0.8674196
1.0052427
1
1
1.201669
1.6446154
1
1
0.77023611
1.3491298
1
0.99856323
0.88800914
1.2082914
1.618923
0.76870943
1.0967285
0.89099533
1.0213025
0.99325733
1.4354981
1.1464122
1.3368597
1
1.2270181
1
2.2334717
0.5522679
2.1256641
0.99061545
1.3771767
0.51567526
0.87211804
0.87342223
1.6825838
0.58113687
1.2023077
1.28623
2.8451045
0.82097582
0.51099247
0.40510962
2.0452186
0.51832679
1.0755684
0.72907778
2.1070104
0.61833096
1.3554652
0.53901429
2.0577435
0.68922449
1.7956668
0.8864372
0.83603858
0.68601021
1
1
1.0236171
1.0472543
0.99977729
1
0.83430264
0.99858158
1
1
0.76904004
0.99259594
1
1
0.97299591
0.99665659
1.3472004
0.99995821
0.88798662
0.99741846
1.1037348
1
0.82472487
0.9998494
1.0896366
1
0.86980896
1
1.2660421
0.97648117
1.6177651
0.99140646
1.4969043
1.1993761
1.1395638
0.81844152
1.1292417
1.4889604
0.74612176
0.81788089
1.1713265
1.0317618
1.0051346
0.91473551
2.7738614
0.99054583
1.2875051
1.3689728
2.6785107
0.84723754
1.2136459
0.99175624
1.084283
1
1.2428349
0.99918412
1.4759244
1.4903702
1
0.99999793
0.8901562
0.65985852
0.99998792
0.99999697
1.1753798
1.1146315
1
1
1.30049
0.90210443
1
1
0.8323229
1.0119809
1.0695245
0.9999975
0.88799776
1.0024753
1.0418285
1
1.5537564
0.918671
0.54635918
1
1.2029059
1
0.79167604
1.1242526
2.2872879
0.84697299
0.78090851
0.64072404
0.93663162
0.76870074
0.82608508
1.2451445
0.75774252
0.88992021
1.0224664
0.73622355
0.47010697
0.89714391
0.64997991
0.88982974
0.67000715
1.2780799
0.42651746
0.88135506
0.7357539
0.95195143
1.381702
0.98271466
1.395937
0.99991962
0.59834573
0.85112362
1
1
0.8034732
0.64992248
1
1
1.0353688
1.3823152
1
1
0.78213418
0.82195894
1
0.99962922
0.94685611
1.0329199
1.5367145
0.97263573
1.3976779
0.99424285
0.96382421
1
0.98037525
0.99994711
1.1392871
1
1.0372379
1
1.5680705
0.72848543
1.6046249
1.2136522
1.2582248
0.7735749
0.81124383
1.2353591
1.2385495
0.68238415
0.67347433
1.0591124
1.3424849
1.1481363
0.69692575
0.7560336
2.065707
0.92234147
0.8059441
0.86771263
2.1580695
0.56425195
1.7609534
1.2653427
2.3923329
0.92802042
1.4877464
0.9997491
1.0868898
0.86302499
1
1
1.2450988
1.2899002
1
1
1.2696764
0.91031204
1
1
0.92872447
0.79146692
1
1
1.6751693
0.84536449
1.0263433
1.3292612
0.65685963
1.1952771
0.81121416
0.98212838
1.30165
1.0065039
1.573193
1.4421499
0.55528756
0.88315551
1.074456
0.72098309
0.69631316
0.942259
2.1477449
1.0597181
1.383151
0.57870539
1.2345804
1.3965962
1.2962267
1.7339577
1.0915662
1.2283976
0.95476213
0.82717535
2.3239211
1.2292341
0.68068343
0.52182339
1.0625591
0.84377684
0.89730791
0.55022199
2.111187
0.95237647
1.0791602
1.231933
1.7352594
0.94645167
0.99863936
0.9946436
2.0464099
5.1758977
1
0.99052041
1.1800607
6.0943653
1
1
1.8990847
3.1570832
0.99452056
1
4.3667883
2.9505264
149.95582
1.2440825
27.702362
3.4285692
134.01741
2.0605102
9.3994552
7.3224611
4.0844865
1.174763
2.3502153
1.3710598
48.876303
0.64035529
13.849456
2.3585043
3.6207632
0.67682563
1.1355802
1.395471
3.8289001
1.8342493
2.5056393
3.4093515
30.741154
0.35718871
3.0431549
1.722764
32.688773
0.81894884
13.485196
1.8383392
26.915214
0.70298881
5.9984459
1.7349122
98.148281
3.6769105
65.276241
11.331623
6.5294666
0.45991483
0.9981697
1
1.3352904
4.0633182
1
1
0.90209019
5.0915332
1
1
0.91665909
2.4735167
1
0.95423951
1.929518
2.8347627
1.6381141
1.6127846
5.5713807
1.8991218
1.2185562
1.5922088
0.89514579
4.8768707
1.4674712
0.98416091
1.0397284
1.5438921
22.321919
0.89181397
10.113919
1.684513
4.6009248
0.79448325
1.9245379
0.80876093
0.80423255
1.5583559
1.6955664
1.7411712
11.879434
0.81954551
2.8320353
1.1976343
17.374045
0.63179911
12.113228
1.1709032
5.9458605
0.69296471
5.3910788
1.5306935
1.3679644
2.6510989
0.9078045
4.2875122
4.8164924
0.68862825
1
1
1.4909223
1.0621078
1
1
0.97105343
1.2054267
0.99984899
1
0.94169348
1.1021193
1
1
1.2072402
0.97658707
1.1414109
0.99993616
1.0246575
0.98927725
1.0657088
0.99990848
2.2546508
0.99802332
1.9765322
1
0.65877545
1
1.8359146
0.84871225
1.0888026
1.2001723
2.3811939
0.91550084
1.6808315
0.69715797
1.462676
0.87432354
1.3560029
1.1674655
1.113945
1.0968839
1.096181
1.1552807
3.0003884
1.1719063
1.6199351
1.0030396
0.88969251
0.9980952
1.2698431
0.95851728
1.2811856
0.99932102
0.68761496
0.99133708
1.981633
1.7662625
0.98348304
0.99959006
2.5246873
9.454501
1
1
0.94938521
9.236417
1
1
2.102095
7.9197024
1
1
2.1285339
8.9214238
21.152071
0.97438929
7.305212
12.478942
9.165528
0.99311567
6.0157956
5.7308443
1.9758202
1
2.2612882
1
5.2824381
1.8725472
6.4133822
5.7062047
0.65215854
1.2208998
0.92847872
3.6194225
6.2729312
1.3113868
0.95584528
5.3015431
5.98263
0.78010223
2.4147613
2.9583223
3.4738194
2.4568723
3.6936447
5.899922
4.9701706
3.7591878
3.5267753
2.8656387
17.982263
1.0574004
19.045246
2.9005222
3.2873121
0.55761168
1.4544991
0.99879022
3.3516504
4.5523007
1
1
1.5653525
5.3985221
0.99945151
1
3.9124668
5.710887
1
0.99642619
4.6881905
7.7286754
9.2149935
1.1379329
6.9166768
3.5431605
0.99758911
0.90784358
0.93772694
1.324198
3.1264085
1
1.1768869
1
40.256231
1.0093289
17.337615
2.9829653
14.015179
1.1571221
2.1356969
1.9265196
8.7335791
2.2082463
1.5417018
3.019342
24.797594
0.9037125
2.2048764
1.2771381
28.640531
1.0652566
11.870967
2.392008
6.5419705
1.8902939
4.9769409
1.9086929
2.0771922
2.1533614
1.02101
1.6620434
3.5993299
0.87173674
1
1
1.1591203
0.99429596
0.99961909
1
0.99128301
0.99933688
0.99745546
1
1.1582827
0.99740785
1
1
0.91351004
0.99812633
1.2670399
0.99990938
0.8513997
0.99849638
1.1158393
1
1.2921961
0.99951343
2.3105468
1
1.3337926
1
1.6750886
0.99048739
0.94001979
0.99494753
2.042729
0.9659772
1.3694229
0.59820265
1.186673
0.98705891
1.9586902
0.9886846
1.134521
0.95999421
1.4789098
1.2320196
2.6911436
0.99911179
1.5030891
0.98246444
2.2589921
0.99991052
1.028778
0.99598923
1.3523196
0.99999912
1.3241961
0.99995301
2.3406048
2.4019582
0.99943899
0.99997258
1.9901289
7.4019785
1
0.99995163
1.6511886
2.5089657
1
0.99996201
2.1847267
2.3309698
0.99852643
1
1.9565056
2.5551381
7.1043601
0.99990045
3.2966411
0.97807144
2.6360509
1
2.3818311
0.99787554
1.5529728
1
2.6120757
1
3.022322
0.90708209
4.4406675
2.8480659
1.3897961
1.0217575
0.92468639
5.1138858
1.9817141
1.1406836
0.66709018
1.6515412
3.2929528
0.56182507
1.7262714
4.902259
2.0683649
3.0916454
2.2037831
9.6096043
3.2565924
1.2715401
2.5112157
2.5670426
5.2012469
0.99530883
3.2165756
0.99654753
1.3414019
0.57171716
1
1
2.3266886
9.3391148
1
1
1.3644808
1.5423356
1
1
1.2854354
1.9061784
1
1.2160641
1.8921083
3.1116973
4.0205528
0.99735945
2.5305345
1.7235362
0.99999698
1
0.99719964
0.99990421
1.886601
1
0.94030509
1
12.889756
2.2035586
7.6458662
6.1997587
8.0505872
1.4833617
2.0519725
2.6276284
3.6360023
3.799086
1.7796291
2.877171
3.5381152
1.4139128
1.9264563
2.0999309
9.1327157
1.4620883
5.1705404
6.0100526
1.1741259
2.1449478
3.7673173
2.583069
1.9213493
1.4462586
1.124461
0.99339905
2.9590235
0.80840346
1
1
0.91100921
0.91635795
1
1
0.81066779
0.97161792
1
1
0.94378142
1.2266801
1
1
0.96846046
0.94343463
1.0045397
0.9934677
1.1237386
0.90962112
0.98695806
0.99992303
1.0414593
0.9664723
1.1319348
0.92487143
1.119288
1.2707502
1.6106895
1.0809703
1.0355607
1.1771145
0.71385864
0.77751265
0.72742561
0.9261244
0.33852445
0.93842403
0.62046011
1.1397522
1.1156018
0.95670272
0.83475909
1.2676711
0.99551414
0.93065436
0.89573426
0.74055933
0.9949833
0.97966067
0.98845315
1.0064268
1.331884
0.98960626
0.90165889
1.1620041
1.0313186
0.81027711
1
0.99999921
0.70582407
2.9745487
1
0.99982799
1.4294034
2.0143919
1
1
1.1180337
2.0114988
1
1
1.467604
1.0284507
11.259481
1.086102
10.843815
1.3506159
1.375026
0.95078004
1.3732063
2.4372404
4.1278704
1.4882616
3.0034569
1.3613385
15.706464
0.88566071
3.3375683
1.7329231
2.387409
0.48520279
1.2722241
0.92544265
1.3456333
0.68416127
1.3866868
1.4407133
5.4354283
1.0821759
1.8794939
0.82861125
8.4877292
0.69670401
3.7204917
1.3195247
6.1444951
1.2699478
2.5116978
1.1503876
32.214992
1.1310604
3.4426066
1.7914215
2.2879867
0.77473111
1
1
0.90438946
0.9238562
1
0.99998031
0.98356701
1.1572593
1
1
0.98219347
0.99370235
1
1
0.96621686
1.3795029
1.5251496
0.93174542
0.97149062
1.0263579
1
0.9921663
0.99814422
1.3717618
1.9073589
1.4277381
0.96751053
1.0366062
4.3809131
0.89996687
1.3494881
1.5070083
2.9566826
0.58983901
1.2346009
0.7945017
0.16978742
1.0804806
0.28238401
1.2794087
1.557248
1.0710742
1.2172594
1.0471576
5.0950425
0.59021914
1.6343697
1.1783228
1.0966885
1.1880481
0.95742095
1.0180869
0.98172622
1.1970906
0.99054928
1.2636993
1.6953117
0.83531739
1
1
1.0779889
0.97016758
1
1
0.9857375
0.99724054
1
1
0.88701328
0.93784782
1
1
1.0905318
0.98890965
1.4021251
0.99996923
0.78478751
0.99410418
0.97323691
0.99999768
1.0327895
1.2213653
1.8302924
1
1.1896652
1
0.9965134
0.99814203
1.0626607
0.88862365
0.86310704
0.85500372
0.64118508
0.89210312
0.40752189
0.97725148
0.42011662
0.94566637
1.0264088
0.97631792
0.81883915
0.9270037
1.2933711
0.99701769
0.89301152
1.046163
0.86542893
0.99933741
1.4521263
0.96475744
0.98528608
0.9972247
1.0062287
0.99955962
1.1024248
0.78678183
0.99981211
1
1.1857709
7.4733933
1
1
0.95173281
2.8647924
1
1
0.7408491
2.7513605
1
1
1.665158
4.6883843
7.3831791
0.98509349
1.8969551
3.4258706
1.8619318
0.99992869
0.94160609
1.3253584
2.2546829
1
3.1616823
1
3.2216679
1.9714303
2.2433856
5.4318728
1.0510916
0.4935303
0.85123973
1.5522634
2.3310411
1.1695706
0.22149952
1.464529
2.2728477
0.63636835
1.1273156
1.4562408
1.7315597
1.3341014
1.2930755
4.002997
2.6160304
1.5012485
2.0975497
3.7878007
4.4178258
0.99821393
2.5976089
1.1776986
1.5274772
0.97469073
1
1
0.89095972
2.9204904
1
1
0.88745064
1.4630373
1
1
0.9602565
1.0913003
1
1
1.0916351
2.2054663
2.941896
0.98681483
1.404268
1.6171192
1.1384516
0.99992802
0.99971832
1.1514624
2.4686677
1
0.96724145
1
14.754194
1.406111
3.0357046
2.9507902
2.6365914
1.0175631
1.5072971
1.3717151
0.46224997
1.2262405
0.14316533
1.0017437
19.319166
0.75655206
0.9477836
1.0534909
8.0764568
1.5132813
2.6220813
1.8232737
2.1783245
1.0320442
1.3898604
1.1491016
1.5897341
0.96497823
1.2120166
0.97927095
2.2028818
1.0650639
1
1
1.213825
0.99754397
0.99987216
1
0.99926158
0.99933641
1
1
0.99846216
0.99879603
1
1
0.99500028
0.99982052
1.1904914
0.99998873
0.95382376
0.99908796
0.97735352
1
0.98840089
0.99984014
1.965169
1
1.3345072
1
1.2437672
0.99838075
0.91991429
0.98448313
1.6768697
0.98234922
1.1087229
0.85332227
0.39082615
0.9976907
0.84760756
0.99588343
1.2785915
0.99526877
0.88203392
0.9802058
2.3254181
0.99998326
0.69997962
0.99935188
1.067842
0.99927224
1.1181931
0.99741381
1.0626814
1
0.99201557
0.99999504
1.148779
0.72031483
1
0.99998456
0.95710107
1.2443632
0.9999769
1
0.98707193
0.97932814
1
1
0.85830016
0.97850782
0.98907189
1
0.95697716
0.95408973
3.4945472
0.99999992
1.32085
0.99567511
0.99377986
1
0.97450805
0.99918727
1.8241432
1
2.8200214
1
1.7536162
0.99001413
1.2657885
1.1085903
0.83319389
0.75414538
0.71866583
1.8838711
0.9045021
0.99680907
0.70987012
1.1128676
2.0179562
0.92767452
0.97768962
1.2126806
1.6925379
0.98397864
1.0446606
0.90694811
1.8781788
0.99498448
1.1138171
1.1901233
1.4112028
1
1.3406506
0.99935413
1.3525355
0.87844788
1
1
0.9577375
1.7877428
1
1
0.9935662
0.97340754
1
1
1.1293101
1.1749844
1
1
1.3517472
0.97497385
1.1789851
0.99999966
0.97957
0.98998311
0.99969559
1
0.99584261
0.99981735
1.4558265
1
1
1
5.1414221
1.279336
1.0649221
3.9795361
1.5401531
1.4080931
1.2621486
1.8239113
0.49631185
1.1160533
0.18695168
1.0000996
4.0308895
1.1866094
1.736087
0.99524796
5.1826655
0.89530254
1.7075125
1.7136564
2.3355588
1.1832433
1.0350307
0.97178813
0.98658311
0.99967225
0.98932934
0.99981866
1.8379601
0.82026963
1
1
1.1493336
0.52626748
1
1
0.9398354
0.90412549
1
1
0.87916437
1.0844617
1
1
0.68434051
1.0825605
0.86481138
1.1582667
1.098015
0.78030244
0.75717713
0.9640531
0.94387429
1.5244674
2.1281796
1.2818207
0.86799098
1.0054189
1.1967021
1.3475982
1.0885078
1.0195075
0.43473075
1.0228009
1.103494
0.82566365
1.2503407
0.94529748
1.470498
0.83638266
1.4435311
1.0508797
0.91811558
0.97103978
1.330089
1.0907772
0.8166765
0.84700157
0.93808779
1.0107898
0.42155191
0.74163828
0.40600707
0.93333695
0.49130267
0.99585231
0.72737198
1.1697097
0.99928621
0.99857687
1.1680138
0.70975892
1
0.99996824
1.8693913
1.3391788
1
1
1.4382412
1.7178501
0.99990726
1
2.3728639
2.1654243
12.260832
0.96185135
9.3018285
1.1078591
1.5796176
0.88586027
1.9795972
1.8711617
3.4218289
1.0003011
1.4173685
1.1127039
15.229218
0.67169433
3.865748
1.5619871
2.1314933
0.69536007
1.7682607
0.95308147
2.4769204
0.93465403
2.2982797
1.2876533
3.4808516
0.37233693
2.1477721
0.88930849
7.339984
0.81299587
5.0147815
0.94595073
4.5720586
0.8164831
3.8575997
0.9901391
1.4295866
1.3694108
2.8323381
1.5986457
1.3038357
0.57249411
0.99989869
1
0.63762678
1.6596742
1
1
0.92341562
1.4682252
1
1
0.913329
1.0176373
1
0.99992192
1.064675
0.99323199
1.6037434
0.72691746
1.0554805
0.91537842
1.1233783
1.1266456
0.8587368
1.3830083
1.994243
0.93074676
1.3036743
1.5261069
4.4493215
0.68429612
1.7348501
1.1882306
1.6470289
0.75714373
1.526768
0.80001482
1.0972165
0.78249621
1.2341531
0.68436525
1.9123534
0.67442085
1.3621753
0.78327539
4.009463
0.66838082
2.3786032
0.60516392
1.3803152
0.69418735
1.6455025
1.0685381
0.58524713
1.1836121
2.7793394
1.5081655
1.148044
0.72828793
1
1
1.1557226
0.4368283
1
1
1.188324
0.96677153
1
1
0.90906289
0.94985313
1
1
0.80194953
1.1293556
1.0296264
0.99993691
1.1146213
0.97943209
0.99140804
1
1.3823244
0.99714852
1.8962693
1
0.91030118
1
1.7154761
1.0132138
1.1764793
0.64376375
0.86612556
1.0413189
0.8642619
0.48142499
1.612211
1.057661
0.77402279
1.1075812
0.9707952
1.1935636
0.50740018
1.0268366
1.9230163
0.95766888
0.90279397
0.81142511
0.86200033
0.96785293
0.6739183
0.81210254
0.93418153
0.99887666
0.75595475
0.9995222
1.0019906
0.9108471
0.99601936
0.99963965
0.92009594
1.6409625
1
1
0.79449403
3.2354099
1
1
1.1315668
2.2612267
1
1
1.0788676
2.364124
4.1601661
0.98716661
1.4040598
2.7866653
1.4348131
0.9998281
1.0944869
0.97886909
2.3254117
1
2.4824408
1
1.9691036
0.87724927
1.2112425
3.1160741
0.84020446
0.69245326
1.1635908
1.1488919
2.0607784
0.59750317
1.310392
1.1244611
1.4739582
0.81775307
0.8687302
1.6234082
1.3400087
1.0709702
1.2960742
1.6393569
2.3555711
1.4052194
0.7066648
1.9096299
1.759689
0.95652082
1.3241991
1.2725337
1.0660877
0.59909151
0.99202227
0.99981405
0.71504275
1.9007503
1
1
0.91797865
1.2765454
1
1
1.2587382
1.2948139
1
0.99530573
1.2493272
1.5449151
3.9446224
0.98752284
1.9785294
1.4409323
0.99747467
0.95700759
1.1686032
0.98810514
1.3294485
1
0.89197491
1
14.05692
0.85702158
2.6881667
1.8371528
3.2785075
0.85340151
1.7101655
1.0601921
8.5783829
0.967935
1.4745416
1.6849069
22.91666
0.60169882
1.3318488
0.91542675
6.5258334
0.85180042
2.4044114
0.91067533
5.4082001
0.8846827
1.8967686
1.1152326
0.36576512
0.94104574
1.9613636
1.5076099
1.2177592
0.77247536
1
1
0.96536594
0.93526577
1
1
0.99955435
0.99960103
1
1
0.99443191
0.99837481
1
1
0.90400165
0.99586557
0.84497999
1
0.97146421
0.98602417
0.98903734
1
1.1029946
0.99996604
1.8242923
1
1.3108462
1
1.5579723
0.99986513
1.1309636
0.9912661
1.1991833
1.0007936
0.78042853
0.87511393
1.1471811
0.95056722
1.1795832
0.9701273
0.81276007
0.99812082
1.0891542
0.90037155
0.73119803
0.99467193
1.3027273
0.96832607
1.4594117
0.99998645
0.77783116
0.99454619
1.6761215
1
0.94880857
0.99869063
1.0732234
1.0897678
0.99891285
1
0.95323921
1.1623477
0.99999521
0.99993259
1.1133853
0.98325976
1
1
0.97219204
0.9692576
0.99988622
1
0.80357782
0.94420684
1.1948429
0.99999932
1.1661497
0.98789101
0.9739486
1
0.97880431
0.99619824
1.7191132
1
2.8953718
1
0.86462053
0.85972502
0.87325582
0.92469697
0.71466764
0.86232326
1.0810857
1.3043121
1.4619436
0.98103435
1.0437718
1.0275003
1.2834799
0.8464551
0.87092509
0.87290781
0.99614636
1.0403135
0.67987407
1.0579081
1.0312077
0.99833708
1.1475353
0.97339952
1.0365891
0.99999995
1.1829483
0.99943195
0.38499796
0.69891376
1
1
0.80061781
1.4243956
1
1
0.97139073
1.1616439
1
1
1.1622482
0.97345712
1
1
0.96419879
0.94402178
1.8305121
0.99581857
0.90350457
1.2119452
0.9994926
1
0.99457137
0.9977297
0.88532137
1
0.75187637
1
4.3922868
0.78205692
2.1013108
4.1209459
1.691091
1.4395593
1.2121963
1.8310125
3.046732
1.0550021
1.0719359
1.0427494
3.2310269
1.4056662
1.4889418
1.5749482
2.2568836
0.95718207
0.9191176
2.2587
2.121127
0.91398426
1.9707158
1.0636492
0.85092319
0.98304622
1.5941894
0.99993102
1.7308527
0.86122968
1
1
1.4651832
1.2253411
1
1
0.90656609
0.99419196
1
1
0.9992605
0.93950976
1
1
0.58329559
1.0391706
1.0971666
1.2119194
1.5653448
1.5988768
0.84087497
1.364301
1.3186459
1.2427021
1.7315185
0.61215598
1.2319197
0.94089504
1.5477231
1.1801883
1.5802831
1.6298832
1.7522996
0.9487102
1.5196356
1.1872891
1.6102662
1.0582157
1.7096127
1.1091538
2.6726178
1.2726353
1.5609999
1.2134601
2.2446229
0.80798638
1.0729741
0.88198467
0.8375255
1.6614513
0.51092739
1.7152754
1.6176249
0.82414199
1.7621134
1.5990495
1.5278539
1.4435916
0.99969259
0.99998463
0.84696359
1.7660837
1
0.99384883
0.79315274
1.8975523
1
1
1.0264207
1.7514952
0.9998542
1
1.8402445
1.4611541
8.0948422
0.95872137
7.0583031
1.2027728
1.3156795
1.095398
2.6492775
1.8769633
1.0946079
0.72395471
1.3479691
0.63235082
9.2538328
0.74347764
2.3058159
1.5071896
2.5285281
0.92081311
1.8246194
1.0246319
2.2722283
0.52127501
1.2805703
1.3430023
8.9272528
0.53483874
1.1072628
0.84608436
3.5961192
0.8181578
4.2088483
1.3052502
4.4916778
0.47687567
3.7854341
0.90625456
37.643792
0.56172229
8.2135988
1.65106
2.6127401
0.63223806
0.99986284
1
0.84749708
1.9239285
1
1
0.81603072
1.3313615
1
1
1.0019168
0.91581053
1
1
0.91630439
0.99712366
1.3792234
0.79490257
1.7978974
1.4868167
1.7898866
0.98942229
1.0700313
1.0963818
1.4763903
0.69727152
0.71098766
0.58422173
10.087263
0.57933919
5.1245852
0.92887896
2.6766819
0.63080704
1.4059193
0.74238017
1.1471473
0.5657184
1.1382095
0.94834836
2.6093985
0.4452788
0.82935215
0.66597911
1.8667097
0.69066593
1.1437647
0.8471671
3.5934603
0.62384329
4.3936583
0.67001571
1.9714353
0.66216366
3.8091951
0.95132372
1.5658361
0.68704574
1
1
1.1731599
1.7279858
1
1
1.0525159
1.1831852
1
1
1.5867374
1.2165007
1
1
0.95119855
1.06571
0.94810903
0.95988236
1.2724212
0.91346383
1.2218779
1.1354275
1.2941311
0.99366985
1.9583492
1
0.97634361
1
1.8986601
0.94147138
1.5250048
0.9918606
1.4720584
1.9063163
1.6182691
1.3672882
2.0088712
1.2654913
1.048968
0.9248145
2.817518
2.0029127
1.1572717
1.0919813
1.8611899
0.95574003
1.5334177
1.4885659
1.1997161
1.4450228
0.60590702
1.1073712
3.8955226
0.97922005
1.092188
1.1942995
1.7103191
1.360836
0.99953568
0.99995159
0.94098699
2.8891339
1
1
0.72829615
1.5086867
1
1
0.71045654
2.0608402
1
1
0.98538981
1.4262939
2.2601486
0.90013783
2.8300746
1.2566434
1.5067397
0.9983865
1.9833364
0.99467745
1.1909926
1
1.799367
1
1.083887
0.95371295
0.86286998
1.3325558
0.99230149
0.83938056
1.1610228
1.1544744
1.6884282
0.45949864
0.76037722
1.254971
1.4039886
0.75439711
0.58679012
0.92367173
0.73179964
0.78460605
1.9166004
2.0704034
1.1937053
0.91216555
1.391659
0.95757791
10.869983
0.91871409
6.6773478
1.5277261
1.5498755
0.59848533
0.99972596
0.99996498
1.0920749
2.3341128
1
0.99458052
0.72849308
1.4194874
0.99999545
1
1.4342221
1.0830679
1
1
1.0755873
0.91058013
3.3301488
0.82838057
2.0664256
2.2358178
1.6494683
0.99512224
1.1876031
0.99388336
1.6268187
1
0.75964683
1
10.118948
0.68471648
2.2852284
1.2789697
4.2048713
0.48311194
1.2101341
0.97792711
3.7764865
0.77685238
0.7759755
1.1983106
9.6174445
0.65614704
1.0545754
0.59723339
3.8941612
0.46144808
2.2554573
0.85407124
6.2386551
0.71240441
3.9943292
0.75232681
10.532372
0.85407994
4.70965
0.98361548
1.6663623
0.69101919
1
1
1.1828746
1.7057469
1
1
1.1491871
1.0571852
1
1
1.508462
0.97240991
1
1
0.90329266
0.99670682
1.2071369
0.99991946
0.88812137
0.99401816
1.2205485
1
0.84907196
0.99998766
4.1254196
1
1.0720427
1
2.0994285
0.99165449
1.6121168
0.77213845
1.5249748
1.5479133
1.3697476
1.2047502
1.5823069
0.90923594
0.72337905
1.5040592
1.9323972
1.0925008
1.7607982
1.3207602
2.112444
0.9860442
1.9023234
0.8905373
2.6863121
0.99430894
0.91979504
0.97998155
4.1523077
1
1.3190772
0.98698095
1.9035645
1.7898013
0.99767048
1
0.49863777
2.9030724
1
1
0.88321252
0.92608421
1
0.99999628
1.221454
0.94941156
1
1
1.2564716
0.93459748
1.6958395
0.99999755
1.0515627
0.98377033
1.0849684
1
1.0366118
0.94420742
1.107058
1
2.2766842
1
0.76909692
0.91491771
0.90249469
1.608274
0.81089768
0.64878271
0.92329395
1.2052338
1.2641407
0.75689812
0.53311025
0.87198797
1.1925326
0.59083715
0.88052949
0.97850446
1.0519037
0.9442092
1.8172655
1.1481052
0.21497119
0.94957102
1.2194107
0.90529561
2.3610343
0.99833453
1.4162346
1.2004211
0.40840085
0.93722573
1
1
0.98842978
2.8575834
1
1
1.2168485
1.4322287
0.99754528
1
0.8505805
2.4997669
1
1
1.1735638
1.4862269
1.9018115
0.99974117
1.1738258
0.96175904
1.1332496
1
0.999996
0.99998313
1.5325931
1
0.73124978
1
3.7002663
0.8803628
1.062811
1.4712958
3.6207558
0.73285447
0.69475868
1.6827344
3.6559442
0.77897354
1.0757637
1.061905
2.7428355
0.67417458
1.1097557
0.9568415
2.6542243
0.53395461
1.2244472
1.4911526
5.3665101
0.96051859
1.694511
5.9417008
2.7282729
0.98932673
0.93638061
0.99998173
1.1215
0.98460679
1
1
0.63828204
1.4406767
1
1
1.0096304
1.2239252
1
1
0.6505198
0.65235042
1
1
0.64520113
0.9047438
1.1149046
0.98275841
0.90933536
1.4002669
1.6671094
0.97911754
0.82891516
0.60081064
1.7197808
0.35360016
0.46031896
0.38607315
0.83125881
0.46462142
0.5982633
0.78401964
0.94358338
0.69925697
0.81514275
0.64025284
1.775129
0.50888721
0.60914188
0.73896486
0.42903397
0.54629688
1.0829113
1.0218936
1.0462902
0.98344647
0.62537335
0.71766276
0.58519527
0.88118128
0.44317441
1.2132731
0.2184446
0.52845765
0.48716495
0.64519723
0.92385684
0.66451038
1
1
0.72182216
0.45532585
1
0.99985606
0.92293343
0.80448886
1
1
1.1031757
0.8580791
0.99998913
1
0.83167771
0.74778795
1.6484945
0.91957119
3.128017
0.70766346
1.3161213
0.96655
1.3786189
1.0807909
2.0578849
0.3381457
1.4508882
0.31127667
4.8553071
0.24428995
1.6835505
0.49955002
1.1512579
0.57450388
0.85480468
0.56635955
1.1290944
0.33624341
1.4451399
0.4158794
2.6426533
0.27697095
1.0681349
0.47382298
2.6778055
0.46227083
2.3138486
0.6010125
2.4255735
0.53360595
0.85471443
0.44568626
1.0705197
0.50975267
1.4810746
0.73375666
0.87534971
0.34949256
1
1
0.78072177
1.3590655
1
0.99985071
0.9003097
0.858706
1
1
0.91632588
1.082064
1
0.99911729
0.82082523
0.86512071
0.99385608
0.98227612
1.3703188
1.1845327
1.200027
0.98711589
1.2720034
0.94961243
0.90932696
0.4436754
0.81374496
0.59059261
1.8413648
0.34434272
1.0026966
0.55537937
2.4958852
0.49883029
0.94799121
0.35337745
2.6635572
0.37919323
1.0051794
0.86300794
0.51607842
0.2633143
1.1480626
0.49606978
3.6705064
0.52252206
1.132733
0.45925138
1.7580149
0.62155041
0.82651135
0.71966272
1.3871875
0.75830156
1.57354
1.0287153
1.0460484
0.44259732
1
1
1.1486749
0.89739067
1
1
1.0036071
0.8761057
1
1
1.1791977
0.95141791
0.99999303
1
1.0222859
1.1511561
1.5946953
0.99925985
1.0433599
0.63099443
0.69406878
0.9984608
0.81387844
0.99388813
1.7067465
1
0.59315605
1
1.032298
1.0502746
1.3030419
1.3506565
1.2856623
0.88939647
0.72406852
0.84019504
1.3128352
0.59934334
0.67938939
0.95897908
1.4835952
0.84720081
1.0764712
1.3049931
1.005684
1.157164
0.86487257
1.5830985
0.77951817
0.99961971
0.65342857
1.3313504
1.0789379
0.91595921
0.89962773
0.98538777
1.0132037
0.92714394
0.99882194
1
0.41052969
0.5854112
1
1
0.85551945
1.1161157
1
1
0.68464509
1.1341755
1
1
0.72612851
0.94819607
0.98511283
0.97031383
1.1836961
1.1475644
0.95943681
0.99917861
0.71490198
0.98511138
1.2331056
1
1.0563313
1
1.8878088
0.60000554
0.63531429
0.58440197
0.44095784
0.69203204
0.37333905
0.50693351
1.1762824
0.30530847
0.46935948
0.69154105
0.52685705
0.34921054
0.67643017
0.48136919
0.42566193
0.4474494
0.27652693
0.64858714
0.90630144
0.72411393
0.6646165
1.0683359
1.3958467
0.98248675
1.1158272
1.3005113
0.6047947
0.36110337
0.99906777
1
0.69641542
1.571239
1
1
1.0801563
1.4164261
0.99999692
1
0.9450038
0.88589119
1
1
1.0051407
0.87753564
1.2858124
0.98619869
1.1202422
0.98852233
0.99999753
0.99876136
0.99610662
0.99905039
1.0115921
1
1.0046929
1
3.073544
0.58233129
1.1207579
1.2843452
1.9938078
0.60156915
0.59686743
0.51673981
4.5200744
0.72434618
1.3186472
0.80617814
5.7750489
0.54240207
0.33828667
0.59944218
7.8908588
0.53968296
1.3793712
0.54107316
3.5944335
0.74461963
0.90775154
0.71911947
1.1767242
0.96539806
1.7542597
1.0911497
1.1298302
0.42063897
1
1
0.87331747
0.78979828
1
1
1.0157195
0.996475
1
1
1.1359337
0.988791
1
1
0.90490737
0.99688855
0.98915006
1
0.98295303
0.99913688
0.83572176
1
1.0117246
0.99997163
1.5259784
1
1.2734904
1
1.2660263
0.98761582
0.93068122
0.98882883
0.96204444
0.8221047
0.8691869
1.0267045
0.76194662
1.1647099
0.68149328
1.0299143
0.85952096
0.95585693
0.89487526
1.0930447
1.2619472
0.8842127
1.4445375
0.73588109
0.80181815
0.99999604
0.81858312
0.99753435
0.84950441
1
0.7277584
0.99990837
0.83270321
0.85505779
1
1
0.47523665
1.3003751
0.99989692
1
1.0291947
0.98857097
1
1
0.89850691
0.98440834
1
1
1.016119
0.98617288
0.93253307
1
0.85626488
0.99032339
0.97197671
1
0.95045499
0.99981334
0.95616626
1
1.3154717
1
0.52639003
0.9339969
0.48982964
1.1400462
0.34390967
0.63451995
0.3142545
0.98038803
0.69837283
0.86877713
0.83675764
1.3055177
0.78520476
0.7489474
0.70062515
1.261764
0.46982898
0.90133275
0.34829316
1.3644881
0.40912288
0.99747903
0.77913049
0.96926273
0.60381688
0.99919527
0.90774186
0.99983262
0.48374391
0.58917437
1
1
0.86779064
1.587301
1
1
0.99782105
1.2114611
1
1
0.99031023
1.1520519
1
1
0.9789592
1.4615551
0.9953339
1
0.992351
0.99851125
0.99043026
1
0.99999778
0.99995194
0.89513241
1
1
1
1.7063795
1.01052
1.0564751
1.0275001
1.197655
0.81810051
0.60488058
2.1579685
2.0794124
0.75769062
1.1231484
0.88769715
2.6096108
0.72486729
0.75526275
1.6546772
5.3572246
0.81641776
0.75788576
1.0624214
0.9787733
0.97674764
1.4072324
2.0653646
1.0404319
0.99977063
1.1378561
0.99995582
1.2091638
0.60014602
1
1
1.0636323
0.89739805
1
1
0.99047101
1.142753
1
1
0.9888325
0.75955486
1
1
0.87110916
0.89790783
0.99516553
0.92079834
0.79377302
0.67991129
1
1
1
1
0.99292985
0.72620947
0.795589
0.76093378
1.163329
1.0331463
0.82349426
0.69471298
1.6324521
0.85545267
1.4572848
0.72513559
0.6035157
0.99861489
0.68778751
0.43976827
0.80805833
0.57374708
1.6446998
0.91195409
1.2368953
0.86642284
0.71820546
0.71843338
0.49964445
0.93384359
0.89399163
0.54436559
0.7495281
1
1.6367009
1
0.62780874
0.79146724
0.99992981
0.9993335
1.1694397
2.3116083
1
1
0.88876681
1.3352851
1
1
0.90696273
0.94054229
1
1
0.94255599
0.99817199
5.1325161
2.0467428
2.2980284
0.80646408
1
1
1
1
1.2965948
0.58964504
0.83149114
0.50257729
1.991053
3.1629564
1.0057223
1.5126544
1.8170838
1.5996424
0.96670425
0.77416272
1.0477174
1.4963533
1.3297839
1.3105591
2.414272
4.1436471
0.5467581
1.3216162
1.844795
5.1189715
0.59905478
1.8759668
1.5444328
3.2504362
1.1653716
1.3827223
0.54769301
1
0.93284259
1
2.8118481
1.3802703
1
1
1.3793153
1.1045954
1
1
0.96194792
1.019945
1
1
0.93843168
1.1520289
1
1
0.97983508
0.91971787
0.99083087
0.92180154
1.1180018
1.1653845
1
1
1
1
0.99261454
0.71128991
1.0052903
0.48221927
1.3431795
1.2148268
1.5900799
0.74639323
2.5510801
1.4884341
1.806994
0.90555044
0.51145923
1.08852
0.97283411
0.90085691
1.5132296
1.4303523
1.383844
1.1504217
1.3218869
1.0011597
0.99439952
1.6686898
1.6876194
1.1897342
0.87981418
1.0566123
1.7130475
1
0.72543209
1
1.6580481
0.62539762
1
1
0.8424834
0.93638056
1
1
0.99537012
0.99981059
1
1
0.99628553
0.99803886
1
1
1.0544966
0.98858157
1.2677985
1
0.77526689
0.99264639
1
1
1
1
0.61356982
1
1.1398872
1
0.88159372
0.99535085
0.84433594
0.9132395
1.8386781
0.87221987
0.95211803
0.61925387
0.95451772
0.92017598
1.1913942
1.009683
2.1541246
1.0217724
1.4108479
0.97940284
1.3669818
0.99839085
0.81886891
1.1331138
0.81456937
0.99971582
0.72003976
0.98558135
0.62496685
1
1.521427
1
0.82642079
0.85154715
1
1
0.91387133
1.4024568
1
1
1.079763
1.1063318
1
1
0.84515235
0.87142322
1
1
1.0439906
0.92356912
1.2361532
0.99990686
1.2709845
0.96111556
1
1
1
1
0.84320208
1
0.97582154
1
1.0572781
1.5764038
0.58940621
2.243001
1.1058234
1.800912
0.80917257
2.1728745
1.2588438
0.74316672
1.0355705
1.3474261
1.1397309
1.7382094
0.80846609
1.0138498
0.40867443
3.5375957
0.47602544
1.5490364
0.68759484
1.1565548
0.63189874
0.99107373
0.57132791
1
1.4900049
1
1.3778611
1.1488568
1
1
0.99821657
1.1001082
1
1
1.1123279
0.9910289
1
1
1.360051
1.2388335
1
1
0.98791112
0.96960234
1.0761003
0.99684641
1.1775277
0.97534016
1
1
1
1
1.0409625
1
0.90027277
1
2.2921478
1.3810563
1.2484453
1.2081691
2.0875729
1.7980176
0.67030773
1.2707824
1.2574049
1.291102
0.76855338
0.94579701
1.6589438
1.2027423
1.2271477
0.79842928
1.182434
0.98816707
0.60160794
1.7447923
1.496192
1.0093885
1.2658732
0.89324632
1.3902226
1
0.41945718
1
1.6545023
1.6517524
1
1
0.99370491
0.99883686
1
1
0.99999721
0.99992974
1
1
0.99940778
0.99794017
1
1
0.999565
0.99934967
1.0223157
1
0.9813732
0.99997164
1
1
1
1
0.99340577
1
0.87018591
1
0.99278544
1
0.97285521
0.99987009
1.1110049
0.96260939
0.85117657
0.92337002
1.0236969
0.99767968
0.98362216
0.99249857
1.3799023
0.99503937
0.81495803
0.99710877
1.0783252
0.99999568
0.67482108
0.99855773
1.1928955
1
0.87452838
0.99973954
0.96128877
1
1.7207162
1
1.0362392
0.62285864
1
0.99999549
1.1135628
0.98028206
1
1
0.98426021
0.99787123
1
1
0.98810986
0.98973184
1
1
0.91696772
0.98759221
1.1089228
1
1.1414746
0.99714259
1
1
1
1
0.83460599
1
0.64931131
1
1.3328508
0.99498441
1.1373075
0.99086611
1.2644969
1.0101948
0.60426093
1.1318694
1.650005
0.91695227
1.1237283
1.1451753
1.2407373
0.92105884
1.2519511
0.68828206
0.60155657
0.99432765
0.81110431
1.4316442
0.89257763
0.98728431
0.98497895
0.99651658
0.9321133
1
1.5482998
1
1.2006674
1.902413
1
1
0.98615471
0.95271644
1
1
0.9984803
0.99789776
1
1
0.98930149
0.9517455
1
1
0.99741967
0.99628427
0.98207701
1
0.99777294
0.99990541
1
1
1
1
1.1860981
1
1
1
1.7326275
1.1675207
0.85225931
0.96419819
0.61301004
0.99529544
0.74875755
1.8369038
1.1676135
0.99619143
0.98856318
0.99324548
0.52474621
0.81908032
0.90199453
1.0004455
1.1506669
0.88294245
0.85490082
1.7029011
1.6780062
0.99929307
0.97699686
1.2095769
1.7907172
1
0.53019469
1
1.1011222
0.78515148
