0.7620889
0.97683854
0.83049429
1.1529391
0.92540498
0.99852256
0.91461425
0.9224713
1.0099393
2.6948891
0.69009166
2.903393
1.886168
0.67755069
1.0407017
1.9193848
0.79800413
0.90960556
0.80113503
1.4003765
0.87352176
1.3956899
0.9706074
1.824013
0.93736469
2.8944521
1.0350665
6.0589504
0.9123541
1.1430027
0.49604626
1
0.65872705
0.99046282
0.68858009
1
1.1975676
1
0.93618119
2.2366369
0.93443272
2.3923082
0.96104447
0.74193211
0.89828602
1.8525289
0.70781633
0.79448774
0.82550672
1.4060117
0.85770788
1.588157
1.2598236
1.655145
0.74167652
3.0129139
1.2618404
2.7622934
0.86708567
0.87388766
0.46348799
0.99931405
0.83488011
1
0.81365814
1
0.99816215
0.91180276
0.79002272
1.3860154
0.72355417
1.1925348
1.3850354
0.48689921
0.92820233
1.0279952
0.64465099
0.8636122
0.86735907
0.91434204
1.3240047
1.1528753
0.73631975
1.2958373
0.76827434
1.5987468
0.72550406
3.0065383
0.84644287
1.2494297
0.44062897
0.99597795
0.54236559
0.99933428
0.82265274
0.99519224
0.96848288
0.97521542
0.73324892
2.9173095
0.84541984
1.9548511
1.0930624
0.81549374
0.94398419
1.4259381
1.2646005
0.81273803
1.1788428
1.3885075
0.88213228
1.3390571
0.72427584
1.9129782
0.84411921
3.4049983
0.82575627
3.3405439
0.82560564
1.3653112
0.64837379
1.5484602
0.64726239
0.71314558
0.70687656
1.0171962
0.74895508
0.81998612
0.68417563
0.44590378
0.87004581
1.823194
0.93394217
0.93754667
0.97036908
1.2505019
0.97347204
0.90479611
0.51954946
0.95118095
0.88055431
1.4405919
1.2866752
1.6409488
1.1491106
3.1729838
0.71345531
2.1503725
0.86489552
1.0538668
0.8619312
1.7757316
1.0580433
1.0639263
0.81189152
0.91806118
0.6442222
1.1011454
0.82890928
0.2523103
1.3396718
1.2658184
1.1480582
0.53102416
0.81880485
0.34486634
0.77519704
0.71260414
0.93670273
0.81962418
0.9343349
1.2203049
0.9748958
0.63094676
0.79752017
0.92590247
1.3569964
1.0797865
1.0715263
1.1589513
1.217799
1
1.1725523
1
0.9761329
1
1.1148394
1
1.9036069
1
1.7478295
1
1
1
1.3605317
1
1.0633284
1.6362396
0.94717144
1.5041555
6.4285107
1.09832
1.4960085
1.4596659
3.578986
2.4167828
0.84147644
1
0.85183158
0.87132355
0.68763057
0.87503768
0.53709342
0.60853138
0.65834307
1.0827991
0.6279078
1.2403074
0.90264215
2.9869483
0.94500441
6.9293588
1.6246666
1.2937495
0.85913949
1.6501619
0.67165455
1.0570609
0.92239965
1.2802003
0.45546937
1.5110679
1.1581041
3.2681038
2.5868582
5.0492929
0.67326183
6.0691683
0.89975923
0.68747926
1.7155357
0.38397897
1.8264651
0.61105743
2.3523308
0.47620741
2.6871707
0.77461825
1.1400955
0.50043019
0.81433708
1.1464858
2.529196
0.60134732
1.3629386
0.74892485
1.2390967
1.1554592
0.84557486
1.2827989
1.1138698
1.0529633
1.2960442
0.9298147
0.72501467
0.92871275
1.6897576
1.3067295
0.93420058
1.0555979
0.83531745
0.2814512
1.0024727
0.3307442
1.3118826
0.22852706
1.2013376
0.49867865
1.2198112
0.40957216
1.1126132
1.0119087
1.1146338
0.53820282
1.460311
0.54503813
0.98749252
0.928001
0.93627964
0.85673759
0.93714689
1.1373281
1.3562209
0.94470836
1.1226322
0.77912954
0.14459933
1.009843
0.81510993
0.94918418
1.007029
0.27760701
0.97542967
0.5678742
1.0141494
0.43261038
1.0873111
0.44124129
1.3328869
0.41030922
1.1980855
1.0226817
0.89440262
0.40947067
1.0548496
0.56587289
0.74751567
1.0436134
1.181556
1.0871959
0.80399729
0.83880112
1.7180975
0.89888655
1.280802
0.7441615
0.72432534
1.5655542
0.84962348
0.99085507
0.79465658
0.32020686
0.70976262
0.52071861
0.82487161
0.56523077
0.73726062
0.58620044
1.0275609
0.82226744
0.75938645
1.6248566
1.7768736
1.179669
0.70883022
0.88390302
1.0662054
1.1275722
0.76405385
1.0247485
0.54732694
1.131111
1.4379725
1.2310147
1.2565766
1.4537275
0.7874291
2.1417856
0.86592762
1.1616718
1.1186796
0.47432585
1.276927
0.44862209
1.0169206
0.46333903
1.1229168
0.25774766
0.93185903
0.29402181
0.76625684
0.92092897
1.4723217
0.9999521
0.85049361
0.25851135
0.95774466
1.249351
1.1568006
1.0604165
0.71507549
1.3654281
1.3183642
1.1182456
0.90964752
0.93777491
1.0971288
1.3145833
0.93473365
0.88046692
1.0539009
0.90707715
0.97870727
0.97073565
1.1983407
0.45269184
0.97513787
0.59556651
1.350903
0.18592567
1.9201921
2.0397841
1.2073247
0.82828648
0.74169384
0.11412893
0.56196624
1.1556987
1.1500274
1.3402885
0.21457691
1.618763
0.68106829
0.71969958
1.0104375
1.3230395
1.5939034
1.3679072
1.0229058
0.80014895
1.1221156
1.184828
1.2559522
1
1.9522443
0.98668911
1.8748786
0.91544165
2.8325563
1.6671165
1.2696027
2.5593158
1.0868807
0.55025857
2.9436814
1.7616337
0.88847069
0.96287021
0.99780791
1.3421064
1.8321741
1.5094485
2.9440454
1.6690705
3.6503231
2.1147876
2.4288076
3.6288814
1.0094358
1
0.64004317
1
1.1246842
1
1.7697262
1
1.1750458
0.99690622
2.1585417
1.7344505
1.3150795
1.1583149
0.94180943
0.65186195
2.6628098
1.435511
1.2502749
0.93795127
1.1959193
1.1343468
1.2126121
1.6723345
2.2174342
1.4996782
1.5161006
2.1477592
2.0399985
1.6950322
1.0367988
1
0.89737321
0.98970477
1.2626774
1
1.2941435
1
1.8269035
0.98924425
2.5578611
1.3485835
2.1908233
1.2259052
0.96000433
0.52821828
3.7235258
0.9200744
1.0699661
0.86685878
0.8549014
0.94163492
1.0925794
1.2860441
2.6391561
1.2250736
1.6969643
1.3508267
2.8382499
2.2540724
1.08479
1
1.0063943
0.99691541
0.93740548
1
1.6750806
0.9997857
2.233061
0.99289674
3.4922157
1.7973871
3.0767119
1.358652
1.1953425
0.68194875
3.1557271
1.4915344
1.0988864
0.75595166
1.4373713
1.1142129
1.4465317
1.500967
1.4291718
1.2466524
1.9660959
2.2793407
2.1256832
2.2879681
0.92150473
1
0.93443592
0.89745368
1.3910201
0.43955922
2.1687719
0.75431429
1.8373321
0.7587408
4.2182684
0.53044778
3.766828
1.5483851
0.82613996
0.79946127
3.2641707
0.87702976
1.2703057
0.8407066
1.7088962
1.0230349
1.3171366
1.0508733
3.0285693
0.84787617
3.3842504
1.4448112
2.6569031
1.7394401
1.011639
1
0.79571382
1.2193361
1.2865775
0.82654937
0.89087821
1.2845917
1.2826955
1.4174847
0.99942514
0.41101513
1.5796789
1.2305781
0.97047978
0.63649326
0.90848926
0.50491352
0.99377135
0.83145128
0.75531
0.68058739
1.3541746
1.1711923
1.6281081
0.68144111
1.8321216
0.91066587
1.0166859
1.0378797
1.1256042
1
0.8395564
1
0.99948942
1
1.40707
1
0.91907613
1
0.74652357
1
1.4657184
1
1
1
1.4026891
1
1.0365589
0.88038532
0.8307509
0.79573081
1.3758332
0.77051954
1.7491082
0.65118549
1.4754771
0.84160475
1.5034452
1
0.7528265
1
1.1293137
0.76766781
0.87630474
0.62082691
1.3765131
0.62957626
1.6313024
1.0169043
2.3709323
2.2216908
1.0129108
3.6658634
1.1072033
1.2888851
3.4712731
1.5387876
1.1662898
1.0310857
2.1356007
1.178565
4.1111869
1.3954626
5.1640566
2.3042974
2.9609568
3.6587996
2.0933875
4.3962823
1.1188825
1
0.43217727
0.40435879
0.46725563
0.68997244
0.63580604
0.56555538
0.75493718
0.78085052
0.52080407
0.51147599
0.27869924
0.76572292
4.574822
0.60595968
2.5023036
0.78128255
0.83787645
0.94871153
0.72790857
0.99389801
0.89550861
1.1064056
0.41812248
0.76666066
0.30577852
0.65502469
0.6938958
0.8576582
1.1374118
1
0.83421284
0.35162476
1.222071
0.53989214
0.7668729
0.56388362
1.4755267
0.82475007
2.4984315
0.75819735
1.1884286
0.78445915
4.7994012
0.77511128
2.6037616
0.68745475
0.90387157
1.0002991
0.78312968
0.96675026
0.94033034
1.1438154
2.1047645
0.9202086
1.4258287
0.90037717
1.5385598
1.1907485
0.89502494
1
0.76843945
0.42658695
1.7407468
0.73715458
1.5472176
0.61330996
1.0965573
0.64949207
2.2588466
0.57431565
1.5483489
1.1374172
3.2294284
0.50286202
1.9902824
0.58942528
0.80990502
0.98910935
1.2223193
1.0231533
0.90976172
1.0573996
1.4480673
0.9207235
1.0817558
0.85008504
1.0181801
1.1097405
1.0115814
1
1.0177184
0.40175882
1.0485035
0.66793919
0.96121099
0.61425434
0.73232673
0.66287581
1.6787544
1.02998
1.6668436
1.4560336
1.8590339
1.2553036
1.6494395
0.94059314
1.0252258
1.1951186
1.1236255
1.3172379
1.288711
1.4634873
1.0810459
1.2482151
1.0234126
1.3878347
1.0574999
1.7426421
1.1112628
1
1.0800455
0.88201508
1.949522
0.71790309
1.165448
0.67847133
1.6896695
0.50325237
2.2998848
0.5352438
2.1888908
0.89326474
1.0926157
1.6114431
1.7578911
0.34956667
1.1853841
1.1669883
2.181781
1.2025301
1.1807621
1.2217746
1.6351847
0.9255818
1.0272966
1.0236443
2.728767
1.2138321
1.0287553
1
1.4650085
2.0229383
1.1390089
1.0288362
1.4779844
1.3331494
1.5341496
0.9991242
2.4302177
0.55591517
1.096862
2.0843164
0.72536149
0.72596152
0.82990381
0.27650041
0.75961012
1.169267
0.91872211
0.61189103
5.0368328
0.75925456
1.1113563
0.64721613
1.4284762
1.1271947
2.1304513
1.2873749
1.1880999
1
0.64808012
0.98689347
0.8232985
0.99999999
1.6077198
0.99514008
0.91542218
0.95067196
0.85426328
1.2487234
0.96138993
1.6800277
1
0.58009884
0.95132168
1.2826374
1.0918074
1.0241912
0.88689071
1.1322283
1.5582415
1.2028653
1.178111
1.2633292
1.0431417
1.7626193
0.94469004
1.6194151
1.0854712
1
0.94190768
1
0.9662073
0.9988795
0.86968708
1
1.3229687
0.99182821
0.98465778
0.77266222
0.8853487
0.82504998
1
0.62155165
0.89894769
1.1443123
1.131309
1.0158668
0.96110964
1.2321051
1.0348633
1.2034861
0.98968541
1.2195016
1.1656179
1.3122506
0.99922012
1.2694537
1.1902655
1
1.0495554
0.99999993
0.9444752
1
0.70312276
1
1.3299444
1
1.0700953
1.3025401
0.88183633
0.92068513
1
0.48273441
1.6487348
0.86415238
0.92215801
0.95259871
0.78723692
1.0791871
1.1026824
1.2474379
1.0138379
0.98145067
0.95474684
1.3269539
0.93392746
1.4032092
1.1952907
1
0.99604772
0.99861119
0.84383536
1
0.88494183
0.99961405
0.88862862
1.1581466
1.184595
1.5165317
1.0422158
1.4376141
1
0.59161084
1.2918938
1.1423482
1.4634399
0.73693526
1.0017724
1.1873531
0.88768169
1.1222967
1.1793802
0.89497147
0.96632979
1.1676841
0.88547175
1.4598917
1.0192355
1
0.683666
0.52396944
1.0386182
0.79132045
1.2668069
0.67306514
1.1151944
0.69947393
1.6264682
0.71748237
0.83281088
1.1853964
0.63831869
0.84931558
1.5017464
0.74815995
1.044665
1.0080031
1.2791256
1.0475793
1.025816
1.3069563
1.6034101
1.041866
1.2308149
1.2467478
0.94843609
1.7528136
1.1338317
1
0.82670788
0.86649105
0.71062773
0.8246846
1.3006825
0.81062342
0.9325996
1.1318512
1.0042597
0.61882107
0.96254137
0.84102491
1.1305057
0.53883814
0.98607752
0.71815345
1.2216085
1.0675506
0.99238862
1.2242533
1.1692109
1.1709219
1.6680358
0.94463844
1.4218051
0.90328766
0.98843414
1.5270692
1.0594925
1
1.0452232
1
1
1
0.94030256
1
1
1
0.9630132
1
0.9494082
1
1
1
0.41564222
1
0.41803162
0.93393423
0.31265285
0.89059137
0.59029543
0.72931446
0.54721672
0.67455257
0.84524995
1.284097
0.6216012
1
0.38838003
1
1.0133419
0.4574459
0.90182154
0.42333767
1.0109214
0.50628849
1.1713627
0.60369513
1.1914198
1.4418755
0.86390312
1.9515161
0.44148
1.3806215
1.640474
1.1076357
1.1095816
1.074211
1.046369
1.0913492
1.7023655
1.5783632
1.6788896
1.4710703
0.8477326
2.3001001
2.2463957
2.4748197
1.1343594
1
0.37808066
0.40251343
1.1059077
0.58404706
0.63260521
0.55640596
0.67247383
0.38970229
0.59248165
0.50436048
0.62132171
0.52843772
1.1554141
0.52454119
0.42657123
0.65380018
0.85374308
0.89812476
0.9919445
0.92911985
0.71709644
1.0264028
0.35916148
0.73705602
0.31002939
0.53626447
0.29149286
0.65448191
0.98950125
1
1.0725298
0.44193809
0.95461228
0.77429847
0.93658144
0.75255244
0.95053925
0.77140196
1.1500261
0.69182124
1.1598635
0.91212117
0.94103513
0.82492267
1.0812613
0.75570282
0.77745061
1.1609763
1.3349686
1.1040325
0.78529777
1.2833248
0.87619381
1.0436898
1.1840192
1.0548799
0.58938246
0.91588318
0.91210426
1
0.80184745
0.76428788
1.0341486
1.439665
1.3155027
1.0864381
1.1378865
1.0107431
2.1201526
0.58857562
1.3755002
1.1921531
2.2692776
0.46248246
1.5614977
0.69171066
0.77778121
1.1619302
1.3518548
1.1789972
1.0538367
1.2272735
0.9211323
0.98865143
0.95429619
0.79665987
1.510913
1.0257217
0.95596003
1
0.90209346
0.62487986
0.97409204
0.69678697
0.73962919
0.88103973
0.98949988
0.70387827
1.157229
0.82772232
1.1837618
1.2033627
1.1050396
1.1818472
0.44701617
0.95066384
1.0966822
1.4056614
1.1769307
1.3298309
0.90043412
1.9572871
1.0065062
1.2445873
0.55817252
1.2996828
0.4724758
1.6676048
1.2340318
1
1.0727921
0.9346014
0.9383847
0.77997078
0.90761305
0.74808056
0.996846
0.75665585
1.0714545
0.47009958
1.0727338
0.83748956
0.62046494
1.1020911
0.53788678
0.32279796
1.0868858
1.2905092
1.4087322
1.296864
1.1958871
1.1878131
1.3750604
0.89534818
0.73497037
0.89007385
1.1162266
1.2421438
1.0092286
1
0.99231364
1.4801577
1.0597426
1.1871363
1.2037265
0.93237317
0.89772914
1.0002014
0.92331607
0.98389516
1.0790261
1.0906684
0.83828581
0.74646848
1.546032
0.42683789
1.1972416
1.6329249
1.5432973
1.0772437
1.3817431
0.60380235
1.9177
0.48111366
1.0483773
1.1828731
1.3243513
1.4226217
1.0700255
1
0.65272765
1
0.83737321
1
0.8283107
1
1.0312293
0.98835201
0.81348725
0.99927754
0.58064395
0.87379506
1.499253
1
0.79200372
0.69341668
0.772964
0.85338165
0.99779684
0.68163872
0.69289191
0.58898599
0.97220845
0.49040987
0.65918854
0.31419613
0.75429169
0.5175896
0.82723837
1
0.2988256
1
0.18952445
1
0.46223385
1
0.89955597
1
0.59961023
1.1350979
0.56954553
0.91382761
0.97293161
1
1.0363664
0.68460055
0.81627767
0.84496806
0.91255208
0.54689631
1.0823199
0.69765178
0.90087552
0.83343185
0.82384757
0.87020968
0.90990978
0.80472016
0.82175438
1
0.29128915
1
0.57999988
1
0.62930852
1
0.72924933
1
0.67464138
0.91414139
0.74971768
0.86703442
1.2284414
1
0.91378084
0.70827986
0.8541461
0.81312188
0.94134771
0.83525095
0.79386895
0.62640996
0.6349288
0.72409313
0.83938689
0.69583411
0.71671007
0.7529532
0.83799252
1
0.30495719
0.99999946
0.38843976
1
0.47842423
0.99960259
0.71140986
0.99998902
0.80463212
1.1726403
0.65366611
0.9232126
1.3723693
1
0.7121087
0.70548537
0.91097932
0.72497778
0.61519376
0.97236942
1.2107699
0.6034383
0.7795107
0.74317436
0.68548219
0.32590228
0.8423615
0.82417463
0.85158342
1
0.72540111
1.3358593
0.5910138
0.96563359
0.50220611
1.0722377
0.85088459
1.0445277
0.81791582
0.4988835
0.80787624
0.71275406
0.98769541
1
0.94543416
0.70138401
0.96208144
0.89837306
1.0719168
0.81625758
0.97940708
0.82382187
1.1452519
1.3342745
0.98035103
0.8976737
0.64470271
0.36717141
0.8404405
1
1.3275766
1.0557023
1.0284746
1.1898009
1.2908613
0.96166983
1.1836566
1.1282952
0.84103646
0.66669267
1.2097667
1.1071934
0.70379285
1
1.1083223
1.1924517
0.99671794
0.71980138
1.4308296
1.0586968
0.9633808
0.6688647
1.1262499
1.2499991
0.88292797
1.5451899
1.6615786
0.56135223
0.93041617
1
1.2464086
1
0.70110485
1
1.1672254
1
1.3027323
1
1.3186058
1
1.6973705
1
1
1
0.66575134
1
0.99846912
1.0939931
0.40012995
2.5351126
1.5961929
1.5321813
1.2101896
2.0703991
6.175342
3.0314984
0.4674525
1
0.85895276
1
0.67384505
0.7056827
0.48619775
0.67640231
0.57902626
0.52409136
0.65264872
0.73632647
0.92730954
0.38653318
0.74715105
0.8305209
2.1970128
1
0.65280688
0.73762162
0.63075778
0.98273931
0.96756286
0.94377126
1.0546394
0.8268238
0.73919122
1.8468577
0.63903135
0.87535336
0.8351002
0.74877697
0.78229637
1
1.6733759
0.35616147
1.6738723
0.65307068
1.7061164
0.55442396
2.190423
0.756726
1.1574931
0.34637863
0.84879051
0.16384023
2.3216333
1
1.0834825
0.63240224
0.97657546
1.2758584
1.1544166
0.67596392
1.1888326
1.1050916
1.4087644
0.79423912
0.73599841
0.62651574
0.98502275
0.29310709
0.9515504
1
1.334245
0.54035949
1.0487962
0.78470893
0.96669751
0.42974208
1.4691108
0.6637258
1.3882965
0.46426033
1.370784
0.35865513
4.36224
1
1.530817
0.69071791
0.9099918
0.78844714
0.91237199
0.87295481
1.0294113
1.032571
1.2009053
0.80934332
1.0619148
0.61787465
0.29504926
0.65908591
0.89565438
1
1.1545927
0.43238029
1.5096947
0.59442708
0.77094421
0.6019692
1.1421047
0.7423617
1.4534167
0.36559946
1.223042
0.43040941
0.84995687
1
1.4087238
0.4426647
0.69996985
1.2105982
1.2021476
0.99420372
1.0527919
0.66198082
1.4911347
0.74495092
1.1867089
0.63227307
0.89539575
0.60325588
1.003426
1
0.61544472
0.31282824
0.48734801
0.44655647
0.71404142
0.44292298
0.74250292
0.55949467
1.0239289
0.26218151
0.75079536
0.62764672
1.164114
1
0.67701395
0.84780833
1.1306274
1.0458685
3.6339606
0.84646867
0.96919423
0.6560277
1.0298821
1.166387
0.41683339
0.56625336
0.85787966
0.70244978
0.88983051
1
1.1274646
0.79659597
1.2059252
0.75361445
1.05861
0.58322001
0.91734485
0.62507359
1.0312567
0.52025941
0.88311077
0.42594871
1.0232415
1
0.84814082
0.34494405
0.96647829
1.2516338
2.000286
1.0160053
1.0784235
1.0777827
1.4743899
0.97525385
1.0732636
0.96984823
1.1895869
0.3339715
0.99169211
1
1.291981
1.2539643
1.2309945
1.1598481
0.99137655
0.9412795
1.0440281
1.0326541
1.1264047
0.52372424
1.6763915
0.66169892
0.84092024
1
1.1716948
0.5834136
0.6092601
0.93561376
1.3239087
1.2811303
0.75101604
1.4110403
0.61536439
0.80573082
0.62484436
0.75406779
1.4266734
0.41852525
0.92401939
1
0.52326605
0.98205224
0.64137775
1
0.89783617
0.99597287
0.72594927
1
1.0044711
1.867102
0.76618331
0.81806671
0.61879405
1
1.2407722
1.6304304
0.86908402
1.2251489
0.75285152
1.6509166
1.1511858
1.4757748
1.0248937
1.6278153
0.70176186
1.9126352
1.2445555
1.9889719
0.99616497
1
0.50874889
1
0.66057923
1
0.6163188
1
0.89934652
1
0.85184549
1.2494335
1.0079795
1.3909557
0.98619297
1
1.2759024
1.442353
0.75388396
1.19597
0.92114242
1.290295
1.4343761
1.5585644
1.1093304
1.506941
1.2602815
1.25717
1.2334352
0.96755806
0.98043735
1
0.3749138
0.99870321
0.85888051
1
0.82620107
1
1.2604334
1
1.1026681
1.0700995
0.94829071
0.89738331
1.1856739
1
1.3702496
1.0417077
0.87865918
1.0821375
0.89702179
1.3597586
0.99669896
1.4884426
0.70458011
1.3246882
0.752538
1.5145765
1.4225339
1.4296519
1.1596306
1
0.44876778
0.99988808
0.47026338
1
0.5068982
0.99986157
0.66293181
0.89577094
1.1356797
1.3351241
0.68813381
0.69540087
1.4153275
1
1.2797132
0.74087664
1.1689732
1.0784765
1.0855594
1.1596214
0.93597346
1.2225144
1.076416
0.87652852
1.0702035
1.2206494
1.2445328
0.88311419
0.99381181
1
0.77623467
1.8720916
1.0827478
1.0159037
1.1583405
1.6494316
0.85081066
1.5930762
1.7607877
0.41017923
1.7576969
1.3632393
0.46421498
1
1.4265041
0.69045637
1.1572167
1.0521039
1.5109253
0.98508231
1.2694921
1.2134967
1.6457022
1.0236777
1.6493568
1.0068285
1.8515336
0.36004987
1.0944514
1
1.5170981
1.6730754
1.0033332
0.7484248
1.1463832
1.6629095
1.613599
0.91007675
1.3974097
0.66897287
0.99388484
0.79034243
0.76605617
1
0.84330807
0.58912425
1.1165202
0.92446401
1.0155117
1.1760618
1.0138656
1.5742673
1.673873
0.82924486
1.5556834
1.3010503
0.84944792
4.6790613
1.1087419
1
1.2540627
1
0.76558863
1
0.85041393
1
1.2519892
1
0.83990092
1
1.0207429
1
1
1
0.79240548
1
0.95036681
0.93885096
0.67889246
1.003167
1.0640975
1.2627447
1.3172651
0.71952695
10.07188
1.0812539
0.68829272
1
0.93881509
1
0.66205338
0.72649665
0.48530498
0.55084653
0.74150732
0.54463484
0.68685231
0.62106958
1.3559909
0.81330592
1.058888
1.0733423
0.85581225
1
1.3542659
0.901378
0.76147445
1.4368198
1.1383498
1.9085166
0.97479108
1.778428
1.1351391
1.9263746
2.1041833
2.2494012
1.1411587
2.0624037
1.0627451
1
1.2002352
0.48456091
0.86060715
0.70583772
1.1992922
0.55519016
1.450047
0.68741295
0.74259291
0.52363082
0.39739686
0.51517662
3.5488051
1
2.0885391
0.83114027
1.1849365
1.3245319
0.99049772
1.0629429
1.5676501
1.1665706
0.8823871
0.85945588
0.51314101
0.84965033
0.72331784
0.87315596
1.0367835
1
0.66846703
0.53394495
1.1099929
0.94983401
1.6097845
0.55266715
1.4107923
0.99439512
1.2726103
0.64226954
1.1678464
0.45213051
3.8904849
1
2.1916104
0.67112302
0.92230665
1.1295973
0.98605142
1.0408079
1.0728988
1.1393912
2.1074322
0.98316588
1.5495109
1.0594808
1.2016464
0.69135031
0.91557637
1
0.53416029
0.49263096
0.65801603
0.48687059
0.84779741
0.63767025
1.0748445
0.52096319
1.6982519
0.55419721
1.1877412
0.49058952
1.7644261
1
1.6823923
0.68366947
0.8433865
1.3581249
1.1830381
1.0532281
0.93721847
1.1110162
1.6433937
1.1396281
1.350995
0.98190251
1.0949086
0.86749441
1.0645878
1
0.61638307
0.35726099
0.5715062
0.5949128
0.77826105
0.56899881
0.8372654
0.33468531
1.1727215
0.69501591
0.98825801
0.60291686
0.86905444
1
1.3151347
0.751072
0.77894054
1.1584286
1.4490222
0.9744414
0.98768603
1.0836396
1.0517253
1.0284252
0.37506516
1.0965547
1.1426119
0.99459113
1.097496
1
0.76768589
1.0773145
1.3865753
1.3530752
0.88079316
0.81189097
1.0170693
0.56496786
1.3051995
0.57289206
1.5255918
0.88504934
0.72733683
1
1.0805681
0.39845159
1.0355938
1.2177542
1.6635272
1.2325538
1.2553174
1.337644
1.8403339
1.0188468
1.7087534
1.0482378
1.3077407
0.74560455
0.99094925
1
1.171838
1.6102479
0.88687454
0.86904926
1.4194355
0.88292459
1.2043549
0.98773944
1.8910223
0.41303108
1.229918
1.1029087
1.2679152
1
2.4884302
0.2462591
0.91814688
1.3652563
0.80763716
1.3768879
0.93822825
0.88766755
0.98532874
0.83481881
0.56315714
0.75401754
1.2170683
1.3735556
1.0900152
1
0.8984734
0.99841568
0.91234108
0.99999994
1.2391014
1
1.3106676
0.94676043
1.1365623
1.3073627
0.93748903
1.0638234
1
1
1.9666798
2.2116818
1.0579098
1.1589591
0.87635836
1.5744539
1.5133037
1.4215161
1.9129551
2.0030566
1.0686103
2.0902397
1.1970295
1.8202657
1.2014256
1
1.0691115
1
0.92315255
1
1.0616204
1
0.89904212
0.99863809
0.99796016
1.705476
1
0.96059028
1
1
1.2506291
2.1084376
0.91719667
1.327433
1.3832638
1.3598825
0.83740111
1.500513
2.2195976
2.0231357
1.3915007
1.8814578
0.95952876
1.8612554
1.2243151
1
0.79199743
1
1.1218114
1
0.71680599
1
0.92826062
1
1.2871271
1.0125322
1.071547
0.96869857
1
1
3.8013799
1.4111346
1.2744328
1.222496
0.67109525
1.1522276
1.287941
1.8781709
1.1298426
1.5483477
1.1266782
1.5239476
0.81396948
1.9781367
1.4606754
1
0.52608741
1
0.77929306
1
1.4517532
0.9993678
1.117004
0.99993825
1.0862444
1.3103219
1.1747858
0.95387333
1
1
2.211501
1.1680717
1.3559021
1.4025537
0.97978154
1.2731677
0.88488043
1.6146649
1.358136
1.287404
1.0953055
1.9363983
1.8094142
1.2830535
1.1844133
1
0.79383152
0.93242543
1.2120821
1.0300557
1.5963948
0.9519548
0.98629994
0.86783076
0.9756108
0.5379204
0.98036828
1.1390814
0.63376877
1
1.6158772
0.68689502
1.4572212
1.2341438
1.2842448
1.5595518
1.7173501
1.7319433
2.2653423
1.1964411
1.7274803
1.3751806
1.0588726
1.0604781
1.3099266
1
0.63522886
0.95048675
0.93906314
0.98968696
0.59879612
0.91485921
0.70323614
1.0284924
0.94471681
0.66366194
0.87564757
1.1454363
0.85482094
1
0.54488726
0.33178711
0.95939078
1.1689249
0.7844186
1.4214112
1.1996595
1.8099767
0.92001746
0.6416762
1.4072395
1.1442775
0.86099758
3.0131832
1.0513204
1
0.88378439
1
1.1012394
1
0.91949119
1
0.96677501
1
0.95324318
1
0.95958519
1
1
1
0.71481933
1
0.92157664
1.2640848
1.1869872
0.81659325
0.64026081
1.6434939
1.0996055
0.6548894
1.1414439
1.4037458
0.88097489
1
0.82381701
1
0.73853313
0.64166737
0.92153283
0.69595997
0.6290407
0.60990819
0.86980676
0.81204915
2.0239806
1.4466455
1.1251667
1.0612664
0.48974842
1
2.910749
1.214941
1.1559951
1.4341914
2.0351184
1.5090044
2.079818
1.9753102
2.5080117
1.6062824
4.8179223
2.170958
1.3204036
1.8724246
1.3190844
1
0.62313025
0.62462605
0.94371267
0.72171202
0.81228098
0.52212674
0.86342457
0.85026956
0.93719109
0.43938012
0.98676835
0.61224841
0.89655739
1
1.4316893
0.8612654
0.74226795
1.085625
1.006904
1.1711399
1.30354
1.2972454
0.46283534
0.84195656
0.45523048
0.3436277
0.88600272
0.69271817
0.93838097
1
0.85000764
1.0994243
0.88055316
1.4078089
0.96031169
0.88223974
0.93757603
1.1886757
1.5380279
0.86830033
0.95943502
0.92791691
2.1753366
1
3.0108321
0.98588416
1.0090078
1.1942528
1.2165802
1.1092352
1.9127287
1.4814984
3.1448911
1.2709027
1.1002663
1.0457282
1.2844456
1.1426664
1.0471145
1
0.82772993
0.59300121
1.2654806
1.0586393
1.1322924
1.1889584
1.0713505
1.6353146
2.2754935
0.74992234
1.1166292
1.0080381
2.0193589
1
2.5246455
0.97583702
1.1466933
1.2915487
1.9959615
1.180272
1.7302164
1.1493781
2.4321973
1.2531487
2.047693
0.82083612
0.87632074
1.0941502
1.2161993
1
0.81068872
0.62122347
1.0330633
0.5855683
0.81233439
0.53461923
0.82616622
1.0016741
1.2968151
0.95166905
1.0889086
0.97006962
1.0030331
1
1.1262584
0.86028329
0.87370132
1.3411318
1.091502
1.4122623
1.4604808
1.6941746
1.55599
1.3025929
0.88280736
1.5640048
0.75503453
1.0485693
1.2379006
1
1.0627916
1.0088234
0.91744846
1.9725793
0.89008968
1.0972077
0.92057499
0.75751381
1.2615225
0.8372008
0.92068444
1.2227278
0.72043222
1
1.6832876
0.54674069
1.2449823
1.2298287
1.7787568
1.7082181
2.7395551
2.0023836
2.0922647
1.1938354
1.4164221
1.1652877
1.4686936
1.4913832
1.0486855
1
0.93355695
1.2126282
0.98107125
0.80866768
1.0927045
0.92926252
1.1221692
1.2766898
1.3403896
0.90321631
0.99647853
1.1815821
1.0528728
1
2.5362602
0.48169226
0.95982436
1.4640469
1.032643
1.3566146
1.4154656
0.80969104
1.1380248
0.81839331
1.2521186
0.9035946
1.9083168
1.0467073
1.7569035
1
0.60119606
0.99999999
0.9864629
0.99995606
0.89794976
1
0.94861742
1
0.89593136
0.994181
0.76317995
0.99280787
0.94038565
1
0.74198737
0.97998833
1.0366607
0.73807397
1.3261369
0.86865712
1.6341009
0.79478909
0.76264261
0.92726716
0.73885805
0.75753866
0.8252572
0.8449901
0.90603826
1
0.67231055
1
0.821591
1
0.79440799
1
0.78651633
1
0.63578014
0.99922579
0.82097607
0.99883116
1.0627314
1
0.71212657
1.0114109
0.816177
0.5594354
0.98319473
0.82995093
1.1591411
0.92839561
0.6385995
0.9461278
0.74875762
0.99306354
0.64746127
0.98936069
0.83841897
1
0.42403553
1
0.77972874
1
0.92884549
1
1.0081631
1
0.89378086
0.99783588
0.65347741
0.98251873
0.89323264
1
0.73508304
0.83416879
0.71221272
0.66331379
0.91662906
0.66101814
0.94120824
0.68878782
0.94659935
1.6479403
0.70823819
0.94953532
0.67002197
0.92972116
0.92287053
1
0.4260336
1
0.5773283
1
0.57684509
0.99991873
0.43692978
1
0.86567387
0.99078303
0.53020323
0.99506769
0.85614088
1
0.70074559
0.93006802
0.96391593
0.68135002
0.80937355
0.60943097
1.9960723
0.7669729
0.37102508
0.79301449
1.0357756
1.1173576
0.94464068
1.1163208
0.97694278
1
0.72624723
1.1092281
0.75436258
0.95749009
0.82765501
1.0189906
0.87227905
1.204143
0.81569808
1.1076569
0.85688796
0.90472718
0.76988828
1
0.85838669
0.97535426
0.99369699
0.82744573
0.7871613
0.85076429
1.0439689
0.99987593
1.0466815
0.8521284
0.87349549
0.87909485
0.67946737
0.75864025
0.85146717
1
1.1389245
0.99137084
1.2391648
0.99654466
1.3705631
0.9941973
0.78981255
0.90135538
0.82656878
0.92414376
0.95307846
0.99753331
1.0186735
1
1.0264404
0.92164046
1.0066726
0.78246084
1.2632895
0.56780778
1.0635834
0.68055809
1.1603058
0.72516451
1.0184612
0.87968342
0.97230991
0.96505287
0.87340353
1
1.6144426
1
1.0490175
1
1.7915085
1
2.0917886
1
1.1835735
1
1.2433917
1
1
1
0.83373748
1
0.79142444
0.82323199
0.22007785
1.6975844
0.64078126
1.283804
0.92280352
1.7543736
0.5677748
1.039392
0.61150292
1
0.8806218
1
0.51169449
0.57870374
0.64601865
0.9347203
0.37391231
0.52245856
0.70439418
0.73030318
1.0801166
0.46581002
0.85405637
0.98926973
1.3639532
1
0.68973309
0.6819109
0.73866929
0.67233256
1.8182555
0.9870189
0.7161004
0.53226928
0.92674748
1.5558911
0.97495863
0.68117896
0.72393689
0.8463349
0.82844668
1
1.1594544
0.52193212
1.7884204
0.8698581
1.4756191
0.59617026
1.5954041
0.89605108
1.2880245
0.71244507
0.92116179
0.59036972
0.98084808
1
0.89160407
0.91638097
0.89138559
1.5526529
1.1026668
0.75045075
0.89912843
1.0028393
0.90154729
0.88714958
0.80354151
0.81861395
0.90772678
0.74332205
0.98721623
1
0.94068683
0.70180011
0.9347833
1.0000987
0.89554755
0.82526116
0.91876169
0.95456936
1.67105
1.0074928
0.98951214
0.89419935
10.818282
1
1.8948318
0.98945484
0.82891751
0.84732072
1.3077321
0.75414716
1.3982991
0.95050165
1.3046669
0.91501707
1.1913697
0.86524574
0.58075121
0.93011967
0.87738691
1
0.95880982
0.65004082
1.3055092
0.90662692
1.1535844
0.80821901
1.2078593
0.92717324
1.5044189
0.81162542
1.2621053
0.79626014
1.0864269
1
1.2998832
0.72428601
0.63420508
1.3192113
1.4874361
0.90376116
1.144109
0.82736463
1.3072305
1.1940504
1.1982531
1.0528107
1.0235324
0.90710586
1.2585286
1
0.74146728
0.35180241
0.78020868
0.9225283
0.57980796
0.52660594
0.91673602
0.59181828
1.2472537
0.28761985
0.64631941
0.57070527
1.2102111
1
0.94808936
0.78181632
1.1024323
0.64859968
4.6823171
1.048182
1.1731383
0.77408688
0.80699259
0.93418311
0.90164259
0.90736695
1.5853048
0.74398457
0.98994812
1
1.2555847
1.1314066
0.82991768
0.7967155
0.98108614
0.90707126
0.98856124
0.89742698
1.3964008
0.92437597
1.2008337
0.89408384
3.131501
1
1.5769372
0.9499946
1.1679729
1.1029404
2.3199907
1.3808564
0.95282137
1.161729
1.336652
1.1177424
0.91784512
1.0531872
1.2779037
0.83123407
1.0288053
1
1.025133
1.1641518
1.1159034
0.99294863
0.75963897
1.1135023
0.84757215
0.97051996
1.0919782
0.80737736
1.2050022
0.86162278
0.66615215
1
1.3377821
0.78838014
0.77968062
0.73665882
1.3437703
1.6918753
1.6189283
1.0660013
0.91776151
0.65552001
0.65551678
0.72595706
1.0184154
0.77461014
0.86212665
1
0.4607822
0.99422473
0.74314302
1
0.63400612
1
0.61098412
1
0.73811747
1.1337828
0.84688979
0.99511972
0.76056292
1
1.2207525
1.0766182
0.71637541
1.0460487
1.0280657
1.1453804
0.82564907
1.3015892
1.0736726
0.85479461
1.074769
1.0497578
0.98556651
1.1547694
1.0454002
1
0.60128093
1
0.83110071
1.2180569
1.0711265
1
0.93821013
1
1.178954
0.99979733
1.051475
1
0.99641948
1
1.6391348
0.91946789
0.74804258
1.0574552
0.90898185
0.82117072
0.88338167
1.4557611
1.2795962
1.1131857
1.2925134
1.1334974
1.1467535
0.96916969
0.94410697
1
0.46143654
1
0.86589796
1
0.70989549
1
1.070324
1
0.89989956
0.80250997
0.94423038
0.99725419
0.99927731
1
1.1029084
1.1415178
1.2250499
1.0001491
0.92831643
1.2676708
1.0228449
1.1294718
0.62200356
0.68382317
0.85513026
1.1329145
0.69209045
0.94076471
1.1281914
1
0.24374566
0.9999676
0.55199049
1
0.48824633
1
0.70388105
1
1.3682484
0.98170849
1.078189
0.98242632
1.4151234
1
0.81755968
0.6353753
0.95953637
0.82934835
0.76710871
1.3826569
1.221992
1.272711
0.70832677
0.78069344
0.74682429
0.9747079
1.0915096
1.0114705
1.0856548
1
0.51298857
1.1445597
0.69318513
0.99619029
0.7765658
0.96945234
0.81780835
1.5102126
1.2587706
1.1394838
1.1407593
0.993708
0.41867412
1
0.90171439
0.89989788
1.1046924
1.1030422
1.3534155
0.76853485
0.99977165
1.1326893
1.3207986
1.1254502
1.2639486
0.89447424
0.96196009
0.78763146
1.0086926
1
1.0709313
1.0351098
0.83726502
0.97639956
0.78096792
0.87549237
1.491579
1.1154059
0.88936847
0.94714608
1.2002598
0.99664486
0.72155839
1
0.68171914
0.74594842
1.0215653
0.76986296
0.63126854
1.2099868
0.81069052
1.4147024
1.0859693
0.83339658
1.5814727
1.3457446
0.79699092
1.0773385
1.0832901
1
0.89864533
1
0.77009217
1
0.96050548
1
1.3468391
1
0.73291822
1
0.88642145
1
1
1
0.55395917
1
0.73821663
0.78434664
0.60448984
1.128006
0.90089382
1.1067566
0.82910373
0.59679055
0.72239419
5.0994779
0.66995518
1
0.93282068
1
0.40474827
0.8632457
0.79826502
0.82934019
0.5669649
0.83244156
0.73575899
0.86131214
1.3331484
1.0713571
1.2643932
0.60515017
0.84203679
1
0.88621817
0.72361342
0.70726328
1.346871
1.0784588
1.2698733
0.79052585
1.2453527
1.1487654
1.3399797
3.2139395
1.0867113
0.74364439
1.0116094
0.98929758
1
0.94537476
0.85573873
1.2338581
0.87921361
1.1726859
0.8068543
1.2717024
1.2078375
0.64622079
0.902211
0.72125366
0.67807527
2.6814804
1
1.5193583
0.85360066
0.68437997
1.562029
1.1554207
0.98371652
1.1739612
1.1466902
0.92921265
0.87933499
0.56221145
0.74398086
0.650824
0.55259454
0.90875795
1
0.77678745
0.96002484
0.98018291
0.97327274
0.93132276
1.0325605
1.0654932
0.92796089
1.7861519
0.94257687
0.98064435
0.96217434
4.0756397
1
2.37765
0.96248481
0.9621412
0.99656781
1.5788759
0.67573635
1.1982922
0.93081167
1.7901846
1.250339
1.4346841
1.0350945
1.379632
0.95212609
0.97040408
1
0.53106755
0.81010485
0.86886987
0.8542308
1.1762758
0.92749844
0.86843368
0.90400878
1.3397511
0.87332812
1.2522661
0.97760225
1.8139286
1
1.4835667
0.88039302
0.6856715
1.635199
1.2388816
1.1047837
1.1988786
1.1570475
1.4732799
1.0108068
1.2284497
0.86359313
1.5942367
0.74757656
1.2119469
1
0.65217812
0.61963745
0.63370131
1.2454656
0.64075025
0.707614
1.295311
0.73451404
1.5059309
0.60907568
0.88696458
1.2886436
0.97636034
1
1.0977105
0.7266845
0.85670447
0.97514335
1.4846392
0.98698653
0.95866472
0.9021386
1.1576749
1.0514658
0.095789541
0.93669541
2.3370009
0.66313206
1.0254158
1
0.75806783
1.1214755
1.1188511
0.98647678
1.3112533
0.94410537
0.78383972
0.90388245
0.94896985
0.98476841
1.0452761
0.98589871
0.71349043
1
1.2869494
0.8652466
1.0727041
1.1297459
2.0901477
1.0079153
1.0945213
1.2547707
1.5494933
1.2104963
1.392017
1.2235821
1.2166856
0.80111392
1.1322158
1
0.89905824
1.118856
0.97720467
0.98643084
1.1445838
1.1722415
1.4100302
0.97156389
0.80877301
0.94088865
1.2212179
0.98688375
1.1093476
1
1.1396692
0.68265871
0.6576127
0.89456506
0.82596489
1.0545042
1.2214435
0.9641936
0.82890597
0.49981816
0.75634107
0.90263893
1.0361705
0.91336837
0.97224571
1
0.53207694
1
0.90407689
1
0.98757613
1
0.82079352
1
1.1113881
0.93678702
0.98529285
0.99805296
1
1
1.6775919
1.6152379
0.87644096
1.3713721
0.86342002
1.0950189
1.3476241
1.8884425
1.4614398
1.202725
1.4444554
1.0106014
0.84969158
1.0688352
1.1223716
1
0.95395324
1
1.0595163
1
1.0759841
1
1.0912371
0.99999999
1
0.99655962
1
0.97992791
1
1
0.92801964
1.929208
1.0340213
1.8173215
0.96441244
1.3248193
0.91475507
1.7218836
0.94579266
1.2768599
0.85442211
1.4307665
1.1441328
1.0574444
1.2912233
1
0.52407291
1
0.9846144
1
1.4049251
1
1.2445199
1
0.9893794
1.0365039
0.99894439
0.93651316
1
1
1.3345978
0.89693466
1.0141035
1.5111676
0.82438325
1.6409367
0.84809805
1.1341662
0.94674291
1.3355545
1.1712889
2.0667523
0.98989458
0.79338142
1.4035598
1
0.47428719
1
0.91711483
1
0.68837745
1
0.96813699
1
0.97072979
1.3707113
0.97039953
0.99980351
1.0000002
1
1.0343708
0.82368709
1.0073804
1.1201647
1.0864719
1.1907075
1.1443195
1.4268833
0.82479306
0.8975333
1.1851723
2.7335619
1.3271648
1.0053914
1.1285947
1
0.93600766
0.94678955
0.98763395
0.9959156
0.81704923
0.94446829
0.99958295
1.3343881
0.88471681
1.1129715
0.89138112
0.9919373
0.64083186
1
1.2016432
0.78632769
1.3252958
1.4801029
1.2504941
1.5063496
1.0979787
1.7769875
1.9241011
1.0111737
1.1980242
1.6534972
1.0834643
1.4910078
1.2980938
1
0.81799231
0.92635238
0.91828833
0.9973387
1.0174342
1.1534835
0.86822728
1.0079886
0.93178874
0.81783829
0.99908918
0.99943938
0.99999995
1
0.59173311
0.35681064
0.93133729
0.98878119
0.92736584
1.2484854
1.3097551
1.7686745
1.4948791
0.63487266
1.4830431
0.9836595
0.9900227
0.75221768
1.1837309
1
0.85849992
1
0.97657211
1
0.96218429
1
0.89880814
1
1.0291156
1
0.89704208
1
1
1
0.62284752
1
1.1183259
1.2773193
0.95658532
1.3779851
1.5569065
1.5592618
1.210871
1.650367
1.4355649
8.9192758
0.94319771
1
1.0984696
1
0.96479588
1.0685643
0.81967585
0.65505366
0.60313401
0.80616057
0.87581997
1.2774779
1.1745482
1.0217387
0.78286103
0.96831107
0.97726658
1
1.3678612
1.0067912
1.0756631
1.9050134
1.3400563
2.0557649
1.2575123
2.110154
1.6743331
1.4483152
3.4588808
4.4889723
0.61967978
2.5695692
1.1878316
1
0.75163527
0.35201648
0.8877171
1.0565611
0.77663923
1.13091
0.95576282
0.78265304
0.75932251
0.96216618
1.0070841
0.92453982
1.0661456
1
1.2103319
0.8700625
1.0504024
1.8822021
0.83515167
1.058151
1.440799
1.3623695
0.61340733
0.86977953
0.42371563
0.43696141
0.89239015
0.78989716
0.98174674
1
1.2968938
0.76578907
0.9735494
0.98983799
0.98424979
1.1051941
0.99011835
0.95551271
1.1689794
1.1082891
1.0547197
0.99313309
1.3168815
1
1.9740421
0.8882011
1.2020049
1.102667
1.4804049
0.59165367
1.5047782
2.0130343
2.5413538
1.0198269
1.7914816
1.1219754
1.2643325
1.0776785
0.9437665
1
0.7228892
0.77259785
0.96409311
0.92487641
1.1057329
1.1120679
0.89506917
1.1782923
1.5732797
0.94235384
1.6527999
0.95373196
1.2065879
1
2.2524134
1.3268145
1.1909373
1.8846895
1.9167642
1.3194966
1.3349218
1.253002
2.3194938
1.4571876
1.291047
1.3245684
0.71481617
1.1313927
1.2025066
1
0.52472503
0.74838648
0.85277998
0.83771076
0.79379274
1.3464192
0.79203477
0.70312624
1.3881972
1.2476372
0.97853062
1.1844318
0.76482051
1
0.9401867
0.60625782
0.76485316
1.2835109
1.2008139
1.1635308
0.91373177
1.2652431
1.2740523
0.96313407
0.55665614
1.5199948
0.98352229
0.97140023
1.0014503
1
0.9742094
1.7775958
0.99456156
1.1015368
1.362954
0.9624987
0.93693262
1.1085572
0.98777018
0.91080605
0.99644027
0.9966652
0.82656666
1
1.2675938
0.5347674
1.1671703
1.2868343
1.383222
0.95786512
1.805216
1.243165
1.503804
1.3703838
1.2712372
1.1615524
1.2862785
0.91600177
1.0939375
1
0.89294085
1.1553034
1.0503313
0.98071313
0.99297339
0.96305125
0.94490513
0.98296357
0.97076109
0.98491624
0.99811121
0.99917283
0.92474355
1
1.3794975
1.0073443
0.84494441
1.1137052
1.3753922
0.93190708
1.9893948
1.4866002
1.4550026
0.67155324
0.82195805
1.9396469
1.4829184
0.96717891
1.283663
1
