0.81606404
0.91506326
0.57559994
1
0.71592965
1
0.81492562
0.9994471
0.8057889
1.2218762
0.99696561
1.0415399
0.91104421
1.2337546
0.64431219
1.2073282
0.86975342
0.93509857
0.77922767
1.0058303
1.0769057
0.91454008
0.75124129
1.0627953
1.1778817
1.0204787
0.88628114
0.89392419
0.9853787
1.0427101
0.61334029
1
0.823485
0.9984516
0.82899882
1
0.8346135
1
0.68930242
0.66419659
1.1320013
0.54519006
0.92262779
1.3443105
0.67148336
0.98935795
0.98923636
0.89474084
1.0063191
1.1806295
1.1824828
1.0905673
0.84064431
0.99960907
1.0210695
0.90000919
0.83118257
1.1778396
0.95754878
1.0173052
0.76091862
1
0.80031854
1
0.87052111
1
0.91472724
1
0.69216951
0.75909593
1.0450208
0.72302152
0.79588538
1.337697
1.1151904
0.92432704
1.1733864
1.1539611
0.9679602
1.0231178
0.92149647
0.90936408
0.68843625
1.0343104
0.95329302
0.88702148
1.1893419
0.83978237
1.0581101
1.0025782
0.83624181
0.99886398
1.0081459
1
0.97555355
1
1.0540937
0.99919655
0.74715384
0.89319946
0.8575531
0.90988158
1.0096522
1.367502
0.76766695
1.2433674
1.1442834
0.97753643
0.92543421
1.0416847
0.94062056
0.88420907
1.185477
0.93283698
0.71154112
1.1348281
1.0156845
0.97042284
1.0545677
1.0052031
0.99667074
0.65196761
0.76619173
0.96909849
0.84208585
0.9070497
0.94997745
0.67015852
0.96819095
0.81143497
1.1745398
0.97176693
0.87058321
1.6439033
1.2173728
0.89246484
1.1530757
1.0693827
1.2064685
1.1711827
0.933769
1.0533502
1.0607898
1.0057612
0.72928531
1.2015203
1.4333665
1.2279934
1.0614856
1.0290369
1.0467831
0.57773496
1.0033706
0.84043795
0.97908914
0.9340869
1.0716557
1.0650005
1.1797857
0.80432329
1.113488
0.8357384
1.2765092
1.0875451
1.1568052
0.70227609
1.1115198
0.99795525
0.98589324
1.0310229
0.94970142
0.90376135
1.408855
0.98147278
1.2882655
1.0326256
1.3647761
0.96983604
1.0507308
1.0213299
1.2241787
1.0104701
1.2085629
1.3029883
1.6401569
1.3746521
1.0219135
1.2810925
1.3940868
1.0173089
1.154363
0.96237066
1
0.99774411
1.1999952
1.1570608
1.4772532
1.0698268
1.049097
1.3199231
1.2354925
0.79929807
1.9456893
1.0519943
1.3505813
1.1064762
1.2162981
1.2629071
1.1626473
1.0304037
0.85985983
0.70814605
0.92341527
0.8415543
1.1568122
0.92210643
1.1528043
0.99765455
0.95226423
0.89387222
1.259442
0.79529576
1.4346844
1.5862398
1.3577025
0.96192591
0.93660047
1.0755628
1.0409564
0.83179736
1.1737611
1.0331028
1.2564637
0.94154045
1.0938629
1.0391346
0.92886286
0.88391134
1.0972483
0.96051069
0.71315363
1.0166794
0.68067698
0.78995243
0.78534665
1.0089151
0.84966248
0.90865227
0.776332
0.7150787
1.348366
1.12476
1.4122388
1.3633003
0.91424772
1.2314035
0.92115897
0.98454627
0.92486034
1.2190456
1.0424815
1.0441443
1.047523
1.1286411
0.90971191
0.75425823
0.94725162
0.87395206
1.0736498
1.0126849
0.82868905
0.50333999
0.7781754
0.78665064
0.94141386
0.83468787
0.74613202
0.79587516
0.80986035
0.78033626
1.3242568
0.77227011
1.1710446
2.0500569
0.90242469
0.9091043
1.0832828
1.0411529
0.76768391
1.0344899
1.3116795
0.99874228
1.1773828
0.95008681
1.1036712
0.81992791
1.467981
0.47855365
0.96004527
1.0049311
0.95133994
0.56728887
0.9669667
0.5232154
0.89211652
0.67525895
1.0938864
0.58639696
0.84843201
0.73716515
1.0527835
0.79467119
1.4950149
0.98940832
1.067836
0.97914621
0.98331417
1.0429803
1.2903602
0.87580764
0.87142814
0.90786399
1.2926977
1.0643217
0.95795827
0.82352624
1.4321675
0.49760998
1.0098791
0.98382894
0.75292903
0.8928355
0.86627736
0.96899728
1.0550877
1.0463893
0.80774133
1.050077
0.91367872
0.89921358
1.1415528
0.88013622
1.1127851
1.0248313
1.1291607
0.953625
1.1651518
1.0372692
1.1572495
0.87042472
1.0541956
1.0260258
0.69274313
0.97260197
0.93451866
1.0482984
1.3846641
0.94200513
0.95271709
1.0425967
1.0247327
0.48816225
1.0469128
0.49403014
0.8972165
0.43257618
1.1474959
0.65047776
0.78238702
0.45593513
1.3437919
0.57508268
1.2009167
0.86431999
0.90947765
0.72974348
1.1360665
1.046068
0.9522033
0.69803429
1.2076948
1.1259175
1.1464445
1.1591029
0.74477066
0.83868604
1.9911672
0.69792504
0.92572172
1.0018939
0.96106476
0.51839325
0.98300104
0.76758854
0.95505105
0.69683041
0.96135429
0.68429734
1.0448607
0.81967404
1.199696
0.93542699
1.0168775
1.193162
1.4767709
0.72080601
0.96257176
1.0918478
0.94336053
0.87410504
0.99614567
0.74992608
0.95057878
0.90698429
0.8739115
0.87029279
1.1007718
1.511422
0.92790459
0.99502453
0.69891312
0.9988815
1.0313519
1
1.1788347
1
0.73426169
0.99550676
0.81466329
0.97203989
0.87971013
1.0519592
1
1.2983705
1.2849624
1.2183427
1.1746165
0.86786561
0.98383732
0.84457495
0.93581468
0.99092855
1.0920559
1.0622238
1.389772
0.92402709
0.4972096
1.1300531
0.9957034
1
1.2025623
1
1.0979223
1
0.71285668
1
0.97526471
1
1.5469579
0.94943434
1.3085911
1.2163213
1
1.3729071
0.7716254
1.0432576
0.86555987
1.0913844
1.194635
0.80119483
0.99759462
1.0740263
1.7294321
0.95789823
0.94466762
1.2199367
0.69591714
1.4509994
0.98037102
1
0.62396091
1
0.97701334
1
1.0539807
1
1.047462
1
1.1280001
1.0045755
0.8580453
0.84738839
1
1.2741945
0.82957888
1.041005
0.80585659
0.94944239
1.2933153
0.93992828
0.99294027
1.1583806
1.4013738
1.0286133
0.92023469
1.0069702
0.84764834
1.1606952
0.99867291
1
0.88243706
1
0.9759342
1
0.62850995
1
1.2383297
0.99945502
1.2497263
1.2292561
1.1330262
0.84158437
1
1.4624904
2.2849415
1.0527125
0.67816454
0.98091685
1.2977826
0.95697541
1.128891
1.0031958
1.4599863
0.95780981
1.8147252
0.97748304
0.75351512
1.0937201
0.9740645
1
1.0863068
0.59582962
0.8443036
0.71115047
0.82387547
0.66204287
0.78121231
0.81406312
1.0805068
0.77457173
1.7340954
1.0124656
1
1.4922412
1.045601
0.76825601
1.1636337
0.92835109
1.0414593
1.1132668
1.0870519
1.160284
1.0650308
0.9333093
1.4546959
0.80572173
1.4217975
1.0009033
0.98979187
1
1.0555078
0.64002235
1.0699996
0.82280522
1.2114868
0.88053069
1.3176085
1.0875189
1.2651268
0.94358674
1.5797262
0.86924489
1
0.80374531
1.0556859
0.68811767
0.93920136
0.97667327
0.9223967
1.0909043
0.74745129
0.9875183
1.3648245
0.92668988
0.90739069
1.0894947
1.042201
0.71750934
0.99269353
1
1.1263283
0.84034992
1.3033584
0.98869785
0.648242
0.84107805
0.78671378
0.99814631
0.70614217
0.9506138
0.69602852
0.89971317
1
0.87951811
0.68949058
1.1438392
1.185893
0.99283686
1.0897219
1.2984663
1.3442437
0.84259899
1.0236755
0.98126943
0.82124935
0.95715151
0.67482922
1.2289931
0.97835537
1
0.82734167
0.73158267
0.56069208
0.84759622
0.83073688
0.83726519
0.7774023
1.068898
0.86274322
0.77998344
1.2865018
0.94896598
1
1.2492693
0.48523654
0.78563344
0.89328225
0.91608958
0.66158443
0.80608047
0.79211471
1.1587872
0.63480478
0.95937307
0.55943015
0.92356977
0.43072036
0.98827792
0.93377279
1
0.57700299
1.0692891
1.3397088
1.245915
0.65983857
0.77798118
0.6217761
0.94218454
0.54403535
0.8422753
0.84722818
1.3636766
1
1.6029079
0.57771018
1.3301827
1.0108431
0.89870411
1.1877655
1.2137908
0.7695201
1.0406612
0.75802843
1.3044665
0.50150728
0.76842575
0.43198355
0.82019042
1.0460684
1
0.98130412
0.59041779
1.0132048
0.87270987
1.1202628
0.84225349
0.89577305
0.73459348
0.82393473
0.78262074
1.4808453
1.0875887
1
1.304342
0.81154883
0.79980962
1.0123267
0.95029942
0.90024133
1.0304967
0.86241084
0.89144925
0.66029338
0.92500973
0.6905524
0.90859818
1.0163383
0.59023868
0.93422368
1
0.57421889
0.87705046
0.83189274
0.72714798
0.77434654
0.88497623
0.90078845
0.85616582
0.38193237
0.70898686
0.50944774
0.92731579
1
0.78949952
0.59282068
0.89200108
0.93246064
1.0003256
1.0078337
1.1645782
0.6935425
0.86769686
0.52541945
0.87026361
0.46275325
0.81458127
0.6374243
0.70426236
0.91608904
1
0.72709727
0.6171719
0.89363106
0.78113524
1.125554
0.85567416
0.56509333
1.1743028
0.90231677
0.78553775
1.2726865
1.1282686
1
1.0467759
0.76290278
0.82558505
0.86068131
1.0195378
0.88010469
1.0201945
0.8833789
0.93766499
0.62994587
1.0354369
0.62441855
0.77412091
0.45188975
0.87591977
0.98929603
1
0.83710726
0.41366533
1.1015361
0.47036923
1.4626821
0.57199904
1.3111347
0.70293725
1.0471861
0.4804646
1.3425806
0.64101544
1
0.83698538
1.4523085
0.68132578
1.0600411
0.82735096
0.85779738
1.1615687
0.84523846
1.0324044
0.92132926
0.981496
0.60580313
0.75702469
1.0232449
0.67626695
0.88151774
1
0.93927204
0.39245852
0.91047721
0.50673553
1.3426137
0.91060848
1.0105684
0.55419595
1.5750271
0.7386473
1.5903941
1.0237086
1
1.0872698
0.42985491
0.55277445
1.1778055
1.032381
0.66979822
1.0694836
0.799655
0.96365245
0.58259342
0.79490249
0.62074264
0.94320093
0.88313733
1.2941121
0.96205496
1
1.1242366
0.95231358
0.9896925
1
0.93166696
1
1.1569253
0.99062591
0.93184095
1.5158059
0.85690707
1.3190885
1
1.3703342
1.0905547
1.2045077
1.1660048
0.85877707
0.89626229
0.7190335
0.97349181
0.83697592
1.0642519
0.93478985
1.1199406
1.1345754
0.97711776
1.2786082
1.0753622
1
1.2799494
1
0.9964336
0.99802681
0.90524763
1
0.99660681
1
1.1455785
0.70668202
0.96672496
0.95450668
1
1.4206731
0.94420993
1.1891409
1.437705
1.1060574
0.9996612
0.83276933
0.99238261
0.9913466
0.93479752
0.88703142
0.95099317
1.1305346
0.94514325
1.414123
1.1142887
1
0.92972235
1
0.94118796
1
0.94863117
1
1.1481539
1
1.1799608
1.4709681
0.93967824
0.91983993
1
1.1401474
0.91954516
1.0339959
1.0204824
0.87996149
1.0220429
0.9408599
0.95224167
0.91908855
1.1669865
0.83829406
0.89173292
0.85522306
1.1472739
1.1872444
1.0944396
1
0.71082682
1
0.93713562
1
0.98883453
1
0.76203542
1
1.2694415
0.9998991
0.98062356
1.1673498
1
1.1685506
0.97263292
1.0709912
1.4975042
0.95612461
0.9987049
0.90626959
0.92276918
1.1050194
0.88674899
0.84350363
0.95426301
1.1238223
0.97492738
1.2117737
1.0338947
1
0.87148621
0.56976181
1.0120002
1.0597612
1.0847827
0.92355351
1.0000181
0.81383501
0.97579005
0.69411158
0.9353573
0.87812284
1
1.4075446
1.0598549
0.82750972
1.1444876
0.81967136
1.0783446
0.92399213
0.99171447
1.0628648
0.97453708
0.74983265
1.0697466
1.0293852
0.96421522
0.49334108
0.95441243
1
1.1193251
0.7217858
1.1916008
0.80649971
1.0889807
0.94545442
1.0967641
0.724034
1.0932253
0.48382429
0.98436677
0.69437349
1
1.0473314
1.1168547
0.72718895
0.96900608
0.87469648
1.2412938
0.89666524
0.86958199
1.0499473
1.3310186
0.76628634
0.82802244
0.97083091
1.1813964
0.72653911
0.94906829
1
0.71340514
0.82545975
0.97857699
0.8361051
1.5466675
0.99001175
0.85125042
1.7036081
1.2634719
1.5206522
0.9900381
0.90403815
1
1.292866
0.7487998
1.0238932
1.1394981
1.0274523
1.2343671
1.2487779
0.89461487
0.88361515
1.704286
1.0797677
1.69024
0.91791727
0.84299547
1.3732845
1.0135458
1
0.9222633
0.82099
0.85824802
0.89231225
0.94961773
0.85048625
1.318722
1.0808263
1.2721107
0.83973298
1.3748504
0.92862504
1
1.2292089
0.75706138
0.73312587
0.79398619
0.889672
1.1831174
0.68660674
0.85174586
1.37597
0.67811892
0.85069766
0.48262219
0.85442086
0.7355262
1.1224188
0.87014182
1
0.57789728
0.99886287
1.1703953
1.1514811
0.59565033
1.0517074
0.75092852
0.82195467
0.98346611
0.79703186
1.1128723
1.1554028
1
1.2762182
0.50838049
1.3993087
0.94605752
0.99735642
1.5862527
1.2997652
0.85098101
1.2616514
0.52823524
1.1463525
0.94596573
0.73582915
0.77520051
0.84092336
1.093382
1
1.0956916
0.40620951
1.0317112
1.0357312
0.92747398
1.0921725
0.97869962
1.2666548
0.97516774
0.65821919
1.116616
1.0408887
1
0.86904751
1.0188601
0.77748875
0.95309835
0.97596267
0.76819895
1.0178772
0.89192912
1.0789515
0.52097495
0.91072763
0.95619988
0.81910159
0.83222134
0.79798549
0.85837291
1
0.90581601
0.77707078
0.9005125
0.65186756
0.84264471
0.51344528
0.8981351
0.95059729
0.84442878
0.69414136
0.76720729
0.71955846
1
0.6975766
0.55262015
0.75017135
0.90007877
0.97232874
0.88834564
1.2348631
0.80097144
1.0688789
0.414941
0.94247752
0.51602979
0.70663507
0.47105691
0.68050065
0.85093218
1
0.7500303
0.83632376
0.94253629
0.90755658
0.96537197
0.98530589
0.89646712
0.92435006
0.92587453
0.99185542
1.0511037
1.1262672
1
0.96884093
0.84873875
0.87240146
0.73254507
1.0616452
0.9002549
1.0291616
0.87108723
1.3605605
0.54775058
0.91844284
0.94133968
0.91353845
0.73155607
0.94797238
0.94670179
1
0.61687508
0.49031477
0.91741186
0.85037093
0.87834286
0.6384344
1.022336
0.95591926
0.77102277
0.56837644
1.027952
0.60993014
1
0.76605985
0.75347597
0.66264728
0.93500574
0.77416978
1.1003467
0.96441023
0.61542648
1.0319409
0.57975542
0.90024738
0.78952782
0.72729156
0.92684978
0.73022181
0.81905672
1
0.94566853
0.62314824
0.89813245
1.1721851
0.90019869
0.6312989
0.92667604
1.2217464
1.0250277
0.69577389
0.8504034
0.73644697
1
1.1070593
0.77038962
0.56802134
0.96509136
0.8233362
1.0788102
1.2005683
0.93835421
0.86809042
1.1302973
0.75031607
0.57227946
0.86002567
0.98125387
1.3252604
0.92337219
1
0.60674589
1
0.60628953
1
0.77629003
1
0.86194718
1
0.77040175
0.86901677
0.61171882
0.61375899
0.9441716
1
0.73631996
0.83897983
0.86149407
0.98795885
0.82927138
1.0878023
0.75858672
0.81936672
0.91052165
1.2452959
0.94086133
0.66988185
0.86469447
0.16872675
0.92723164
1
0.80703192
1
0.87652928
1
1.2732416
1
0.66308073
1
0.93187544
1.1311531
0.92516759
0.90928372
0.93514468
1
0.41970794
0.94940415
0.82404731
0.73683522
0.8762073
1.0833048
0.99708607
1.1100938
0.68246125
0.80756371
0.70235814
0.88376575
0.96489627
0.48982832
0.98079643
1
0.78234854
1
0.88020282
1
0.67724159
1
0.87175566
1
0.89848482
0.86703864
0.72990571
0.90008653
0.9476271
1
0.83531587
1.076668
0.95158963
1.0241552
1.1194413
0.94755638
0.9415845
0.80995097
0.95084935
1.015065
0.85268101
0.80938614
1.1821529
0.26494045
0.99778407
1
0.95329026
1
0.75133582
1
0.73837344
1
0.95565511
1
0.83953634
1.3217465
1.0062313
0.84940227
1.4272532
1
0.92437321
0.82647639
0.99705725
0.99525634
1.0082421
1.0969811
0.91955558
0.74565461
0.84449268
0.86524017
1.0767251
1.1382519
1.0650969
0.44183784
0.98227362
1
0.89780262
0.79565042
1.039687
1.2648188
0.90200633
1.5913282
0.83687868
0.95879683
0.81257514
0.70780408
1.0766676
0.54229201
0.81677446
1
0.95647244
0.97818041
1.0395209
1.039732
1.0485124
0.94462394
0.94768779
0.92369068
1.0368314
1.2507545
1.0675632
0.78668497
1.4316999
0.45433174
1.0771519
1
1.0597359
1.1398293
0.80426616
1.0879872
1.2923986
1.30835
1.3634299
0.85099519
0.92849904
0.66993594
0.67910609
0.7355141
1.104699
1
1.0731784
0.84572754
1.044052
1.0505912
1.1153667
0.82853239
1.019448
0.76540429
1.1931024
1.1806852
1.3568796
0.97625888
0.80042818
0.80328599
0.9614008
1
1.5334247
0.50466459
1.4472464
1.053839
0.88061472
0.75214187
1.2540432
0.63261337
1.2254972
0.79412918
1.2589097
0.85676114
1
1
1.0116715
1.1338152
0.91019048
1.1288768
1.0378302
1.5670489
1.185506
1.6235508
1.1732138
1.5535665
1.2782073
1.8926553
0.78916179
1.3237926
1.1562465
1
1.0335735
0.7145454
0.88916736
0.74670154
0.97020546
0.81836396
1.0884839
1.1398756
1.0291035
0.56857796
0.99993872
0.6338634
1.0910797
1
0.92883658
1.0130802
1.0666195
0.99640356
2.6133744
0.91139984
1.0734482
0.86121509
1.1472998
1.0954861
1.2315816
0.84105457
0.91788075
0.35492851
1.1240391
1
0.55434373
0.75623389
0.57715745
0.89629816
0.62675005
0.83195485
0.80626919
0.74109369
0.70629378
0.3846322
1.181068
0.3777292
1.0539838
1
0.79772174
1.1354876
0.8736792
1.0358157
0.94288649
0.80385052
0.99118724
0.72889675
0.94233472
0.96299831
0.74536854
0.52897684
0.88986654
0.40419299
0.90919798
1
0.7288336
0.75908137
0.98369007
0.51654861
1.1060596
1.2044679
0.599058
1.2880833
0.9992382
0.91404264
1.4890644
0.86452646
1.2522161
1
0.81584224
0.99659024
0.99029487
1.0265839
1.8364767
1.0072673
1.3795731
0.80854246
0.90585245
1.1951725
1.0415178
0.80554542
1.6273327
0.62532608
0.9790148
1
0.77084931
0.65023477
0.98384848
1.0283216
0.87729942
1.4169551
0.70202914
0.78681331
0.77429569
0.66915459
1.135585
0.95918574
1.5183963
1
0.8259529
0.94434753
1.0562023
1.0943434
1.2751955
1.0056137
1.2266202
0.92337364
1.0959879
1.2173932
0.83680709
0.59189048
2.0692444
0.58499957
1.1056016
1
0.64367951
0.48911158
0.66375436
0.73531496
0.9844056
0.49132799
0.87762117
0.63115499
0.84068242
0.67538054
1.0883143
0.63724195
1.2831807
1
0.71243429
0.97330755
0.97966664
0.94568908
1.8341966
0.73450687
1.133336
0.75722004
0.88498852
1.2304633
0.63855028
0.74554064
0.85731712
0.41072542
1.0285818
1
1.1472465
0.59669351
0.57829378
0.65047246
1.1810656
0.69917251
0.94961176
1.0984092
1.0678403
0.65375467
1.3550746
0.44875693
0.91971299
1
0.76963056
0.71121484
1.168138
1.2668576
0.96528608
0.75109314
1.2318545
0.8757902
1.0070921
1.3739259
0.95082087
0.7300709
2.2332628
0.34753684
1.070749
1
0.96096608
0.27371096
0.78906433
0.85487477
0.89377757
0.41298198
0.81360677
0.93808998
0.88504979
0.40035076
0.91489425
0.37429551
1.0132025
1
1.3288396
0.89950324
0.92262068
1.1829087
1.3396017
1.1508168
1.3042377
0.88742611
0.957685
1.1631721
1.0151421
0.70686525
0.8540162
1.0353438
0.86496888
1
0.49668749
1
0.52620495
1
0.78513956
1
0.92013804
1
0.6750068
1.0990212
0.64646248
0.94356089
1
1
0.81012358
1.250248
0.80892842
0.87186139
0.77953975
0.96623381
1.1247027
0.97736859
0.73852704
1.0215306
1.1810807
1.0000453
0.54390615
0.88321024
0.8493301
1
0.787217
1
0.75572342
1
0.80438056
1
0.87296106
1
0.98107855
1.2631181
0.72099252
0.95359667
1
1
0.6885154
1.213301
0.99438801
0.99834936
0.98836904
1.1404935
0.99316406
0.70288249
0.61349667
0.82930809
0.61634288
1.1622643
1.5552176
0.55065291
0.89818512
1
0.57407692
1
0.49154454
1
1.073159
1
0.82585563
1
1.077289
0.92406852
0.75330566
0.6587779
1
1
0.6756715
0.85568115
0.54161074
1.0779726
1.0148604
1.0544707
0.84727262
1.0153863
0.78001506
0.79185723
0.8140262
1.0581633
1.3236795
0.65456609
0.8844117
1
0.52517644
1
0.79231915
1
1.0882745
1
0.98259422
1
1.0359682
0.97563942
1.0462678
1.0120766
1
1
0.82101484
0.95599212
0.95864763
0.91505332
1.1021
0.90242372
1.2044664
0.83172794
0.83776478
1.0460803
1.132125
0.96686779
0.953494
1.0519482
0.8785625
1
0.57558347
1.356604
0.66937194
1.1624749
0.51588766
1.3616931
0.77278019
0.93742403
0.80142669
0.93029891
1.6867634
0.71708623
1
1
1.0959134
0.76450393
1.0532689
1.1200962
1.1153847
1.1315335
1.0225004
0.93817465
1.0633741
0.91165289
0.65553385
0.92481556
1.1487049
0.48075265
0.99786157
1
0.62127239
0.83786556
1.2222972
1.233233
0.7758772
1.3058699
1.3853881
0.84195758
0.75141319
0.95954138
0.72176728
0.98260795
1
1
1.1158992
0.65322161
1.1561289
1.3466711
0.75771645
1.1486443
0.8741011
0.94693453
1.1957074
0.90298049
0.94588146
0.73973623
0.79091434
1.1188114
0.97261113
1
0.88900183
0.60790098
0.9437461
0.67124578
1.5016777
0.54558565
1.0004922
0.65454668
0.75725384
1.1234859
0.33079294
0.64496709
1
1
0.69570253
0.63897052
1.076197
1.0146744
1.0343016
1.5116844
1.0423123
1.0216761
0.83127897
0.86058458
0.72792242
1.4597384
0.92852991
0.57818626
1.1088233
1
0.66139658
1.2166507
0.78739247
1.5283523
0.71806292
1.4391952
0.68444618
1.4088191
0.8340519
0.81604284
0.98122259
0.78642086
1
1
0.80821962
1.1390153
0.94492071
0.8776846
1.1548414
0.80587136
0.90422052
1.0736009
0.76131654
1.2497948
0.75889613
0.87349278
0.5704848
0.79025141
0.92968288
1
0.53468916
0.8217639
0.56795667
0.98028859
0.73193999
0.7738362
0.95339855
1.1626821
0.53851912
0.60128079
0.75720259
0.66384537
1
1
0.96161604
1.16534
0.97311867
0.95176444
1.3001247
1.1846673
0.79892957
0.95201025
1.0288704
1.0953905
0.7017733
0.82344497
0.60779088
0.62210077
0.91732084
1
0.64997781
0.63853558
0.81055842
0.67390542
1.0587831
0.69792554
1.1332314
0.77751457
1.0121316
0.85232195
1.222892
1.2568999
1
1
1.0306024
1.1908152
1.053965
1.0234183
1.0471148
1.0677013
1.1887447
1.0219582
1.1202781
0.8791628
1.0017542
0.77305503
0.89547986
0.69376958
0.9497727
1
0.75618697
0.76643919
0.72457109
0.79424495
0.98548817
0.64395801
1.2287551
0.76235249
0.52676391
0.81265441
0.83078578
1.2309579
1
1
0.99378775
1.1003795
1.1833929
1.0947153
1.6557084
1.0271039
1.1172153
0.99433833
0.91599804
1.03695
0.76848182
0.78659784
1.0624283
0.80179949
0.96352842
1
0.66094364
0.38538355
1.0533658
0.5625593
1.1511718
0.70276027
0.88981167
0.67225929
0.68361152
0.69638719
0.94842668
0.65679164
1
1
1.0031485
1.0150254
0.95601111
0.91456855
1.3482993
0.97386059
1.0477105
0.85401007
0.92454439
0.96517316
0.90829634
0.84446766
0.71438517
0.90610913
0.89066442
1
0.82502347
0.39343489
0.90379064
0.73262218
0.82312658
0.92089144
0.85653448
0.61556673
1.2206124
0.72671662
1.3796063
0.80884825
1
1
1.0783123
0.67525439
1.148977
1.1332684
1.1150816
1.0664764
1.2191201
1.1063577
1.0913167
1.2213445
1.1912088
0.7600577
1.2475322
0.50806456
0.95736721
1
0.95393077
0.31944713
0.81829298
0.67556669
0.75995626
0.55152695
1.1809429
0.75648805
0.96526468
0.58514178
0.96544965
0.5047935
1
1
1.1445677
0.7892421
1.0902827
1.1557127
0.68768742
1.2227894
1.2108713
1.1966666
1.581978
0.98120423
1.0535834
0.64800877
1.1815351
0.86033626
1.2016902
1
0.9739016
0.99595706
0.99122539
1
1.1154761
1
0.643665
1
1.0419614
1.1653369
0.9709449
1.1539998
1
1
0.98126697
1.3041186
0.87981061
0.76958784
1.086887
0.91239322
0.94608484
1.0735003
0.83316244
0.98212404
1.1736725
1.4379155
0.84059441
1.0732774
0.97312289
1
0.87564106
1
0.99421112
1
1.17098
1
1.0446923
1
0.9557054
1.400744
0.97421403
1.6761528
1
1
1.2377013
1.0779297
1.0149575
0.77169188
0.96541023
0.87693369
0.99696707
0.88062437
0.89000449
0.80935543
0.89347979
1.7449297
1.1974143
1.229464
0.9534034
1
1.338052
1
0.9972405
1
1.0041424
1
0.95289357
1
0.92710652
1.2067912
0.94506417
1.1655745
1
1
1.1797859
1.0085152
1.1176477
0.89000555
1.1127174
0.96662506
1.1358327
0.79511298
0.87723471
0.84549216
1.3036827
1.3414726
1.1592405
1.1776371
0.97722013
1
0.72385579
1
0.99544208
1
0.94878622
1
0.98988308
1
0.95151389
0.91966594
1.1288349
0.99921797
1
1
0.83171534
1.2032739
0.72608973
1.0540879
1.1980958
0.72366423
0.99002617
1.0895512
1.077479
0.90538011
0.8084093
0.91523321
1.0250521
0.99927982
0.95935929
1
1.3634805
0.91765692
0.95673387
1.1302752
0.86198741
0.9993557
1.2199866
1.0708495
1.0352943
1.2294763
0.97205062
1.1595824
1
1
0.91959475
0.78394346
1.1139792
1.0986479
1.0477949
1.2949451
1.2285097
1.12546
0.86423339
1.0630587
1.5165173
0.84997683
0.88312972
0.48414548
1.0428805
1
0.67375712
1.0612331
1.2708863
1.1577819
0.90288434
0.79222985
1.2708795
1.0852596
0.97908428
0.9635831
0.97397535
1.0035516
1
1
1.3828373
0.84364399
0.92947315
1.1634897
0.91912035
1.4203725
1.4572043
1.1131519
1.2154753
0.84036984
1.3129448
0.86468512
0.9105933
1.4461654
1.047797
1
0.91568744
0.55180165
0.95492171
1.0713836
1.276214
0.99365461
0.98603003
0.82161834
1.1627131
0.77707686
0.91066731
0.97490992
1
1
1.271438
0.94301215
1.5460887
1.113303
2.2132087
1.3923291
1.5714107
0.91284106
1.3893488
0.92219145
1.6510207
1.6482865
1.4682794
0.74884916
1.3150147
1
0.74435486
0.91318167
0.94387931
0.92125684
1.0578379
1.1254105
1.0034748
0.78397473
0.90253303
0.69735179
1.14831
1.1088014
1
1
0.47079422
1.156095
0.74297682
0.86576313
0.62530882
0.84079626
0.76016914
1.5250016
0.65105039
0.97760317
0.59620837
0.99517759
0.64975168
1.1747957
0.89280147
1
0.7171643
0.81466546
0.86948851
1.0017376
0.62707963
0.77100748
0.7709646
0.86455374
1.1010786
0.88422537
0.8861668
0.79044656
1
1
0.83999727
1.2245276
0.89132843
0.93926787
0.81756567
0.85593065
0.81361371
0.91119293
1.0275921
1.2452139
0.76478651
0.93578677
0.53945601
0.95178359
1.0694157
1
1.1033167
0.76296289
0.91051404
1.0704589
0.87299827
0.74881396
1.1230279
0.9709865
1.0939748
0.66736005
0.98301395
1.2218712
1
1
1.0124645
0.72925912
0.96027391
0.98412641
0.94781521
0.59277492
0.86481653
0.99631281
0.56884514
0.99580227
1.071055
0.7362091
1.055127
0.88926386
0.93302776
1
0.68970607
0.80723054
0.75980579
0.83083654
0.78581654
0.83619017
0.76017217
1.3673144
0.7486588
1.1528159
1.0878307
1.0227238
1
1
0.51308149
0.94191956
0.98501654
1.3176561
1.2843946
1.1180325
1.1769485
1.1571783
0.65180651
1.2889577
0.57114841
0.77287433
1.9131538
1.2288013
1.0018795
1
0.94006293
0.67643338
0.94551949
0.85616547
0.94393441
1.290247
1.1883162
0.89726809
0.7579216
0.97590138
1.0699927
0.97996428
1
1
0.95139082
0.9308337
0.76128748
0.95078604
1.0211842
1.0560944
0.82657013
1.0837565
0.67918353
1.0308923
0.76004534
0.82524831
0.50030999
0.87508068
0.82952454
1
0.94024751
0.47928053
0.98719134
0.94076048
1.0381167
0.99093533
0.97037742
0.97462607
1.1467282
0.67158599
0.9566638
1.1497703
1
1
0.92620038
0.65199259
1.2717731
0.96380288
0.90200522
1.3007746
1.2890452
1.3204667
1.0206623
1.2330851
1.2747762
1.4597452
0.98148302
0.7944688
0.92494557
1
0.97150194
0.69877919
1.1257781
0.87921368
0.78834617
0.69148673
1.3832956
0.7317486
0.78478738
0.78824908
0.99290199
0.88908278
1
1
0.54303554
0.71552275
1.457323
1.1233404
1.2306823
1.1301867
0.79307737
1.144621
0.89984369
0.94433207
0.77810157
0.96930703
0.92528681
0.72732413
1.2725448
1
0.94958482
1
1.5154777
1
1.0280055
1
1.0436184
1
0.62736925
0.99918801
0.66731195
0.97325737
0.68243965
1
0.77132319
0.9912625
0.80859966
0.78961432
1.0234583
0.93953059
0.83754989
0.88350182
1.1327461
1.3953129
0.9224463
1.0567719
0.90972722
0.83950321
0.86272217
1
0.70288597
1
1.0179158
1
0.81170946
1
1.2662633
1
0.85556838
1.1376791
0.58425411
0.99995242
0.90819574
1
0.99446807
1.3635861
0.98181092
0.66618821
0.99660908
1.2397466
0.99981305
0.74851561
0.92314293
0.90033794
1.0420023
0.98896239
0.74810131
0.99521806
0.91594783
1
0.91612147
1
1.073073
1
0.96946997
1
0.66677076
1
0.99842231
1.1031493
0.92472766
0.99157411
0.90150776
1
0.57483695
0.89383616
0.91404572
0.83772175
1.1538857
0.90333847
0.99774796
1.0964609
0.94362125
0.95264966
0.83569151
0.97341759
1.0679449
1.1041199
1.030839
1
0.69960362
1
1.2343785
1
1.2525994
1
1.2492709
1
0.69293948
0.99959873
0.89902366
0.99330133
0.92217785
1
0.91084188
1.6465623
0.90647932
0.98015495
0.90893121
0.9925095
0.95076599
0.62648915
1.0015024
1.0682534
0.97302966
0.93795108
1.6670156
0.92366157
0.87180678
1
0.9530105
1.6550739
0.62402397
1.0771483
0.86545079
0.96123844
0.98109823
1.1346342
0.54225603
0.98477479
0.75757537
0.95868859
0.7456635
1
0.91925071
0.88216802
1.1587362
0.93506807
1.2402964
0.69383785
0.81959823
0.97943192
0.92667982
1.2184076
0.80054503
0.82774479
0.96274072
1.0548832
1.0277909
1
0.96468214
1.0053707
0.73025508
0.95746275
1.5463303
1.0516821
0.88417461
0.98466345
1.1361733
1.0358746
0.66744963
1.1625674
1.1133231
1
1.0314672
0.61890966
0.98392706
0.98550649
1.0745631
0.82017799
1.0473467
0.70081571
1.0850344
1.3697489
0.99025684
0.85981931
0.76466141
1.0922432
0.95137933
1
1.0585295
0.23284163
0.87226176
0.36439791
0.90225773
0.28325992
0.88746737
0.60043412
1.0821808
0.76476137
1.000433
0.64803436
1
1
0.85822208
0.43955302
0.84562979
0.98247932
0.90667541
1.8549195
0.50440117
1.581467
0.78590978
1.3320655
1.4866554
1.3942936
0.73260571
1.2539289
0.84612601
1
1.2191269
0.28478323
0.96315896
0.5642495
0.94656415
0.337665
0.92833266
0.59377951
0.87460738
0.55658187
0.88851121
0.84779115
0.58113055
1
0.73037483
0.73984058
1.0233707
0.87178961
1.32518
0.94694755
1.00448
0.87447738
1.1772739
1.1097439
0.90728729
1.0240755
0.99840154
0.91896183
1.0627425
1
0.80078546
0.92505793
0.8269958
0.92167423
0.88344112
0.79165866
1.0735035
0.91698919
0.72984121
1.0060599
1.1821238
0.912372
0.75315753
1
0.69110133
1.732613
0.88024473
0.77439533
0.83128488
0.39690959
0.95923261
0.65383415
0.89174616
1.0418771
0.65316671
0.73369782
0.64616983
0.78084037
0.84242596
1
0.44622445
0.79527038
1.0940457
0.91590451
0.70140306
0.90878906
1.0948965
0.93350055
1.2205933
0.90838346
1.3986156
0.98964769
1.262956
1
1.0081321
1.2428303
1.4542791
0.95711223
1.2564594
0.96715942
1.3078676
0.9018369
0.83481414
1.7666767
0.61226082
0.95993561
1.466844
1.070224
0.99983181
1
0.66187177
0.694144
1.2153824
0.90173533
0.52464098
0.93797852
0.92144556
1.0767993
0.87054691
1.0040883
0.82613424
0.92064568
1.197494
1
0.8311721
0.91151255
1.2326076
0.991068
0.9837819
1.0450806
1.0221898
1.2199843
0.98339913
0.95096094
0.92988887
0.84228668
1.1875297
0.73057765
1.0291361
1
0.69758565
0.44467196
0.69227149
0.792551
0.77293229
0.67365615
0.87680859
0.89749491
0.96691403
1.087263
0.8732493
0.85674126
0.7899478
1
1.4220948
0.77822392
0.95050996
0.86456929
1.3212674
0.76151369
1.4535624
0.97241479
0.81144727
0.7846738
0.79082584
0.97716136
0.5966714
0.62219556
1.096138
1
1.1325242
1.0723098
1.2270584
0.93421267
0.92464708
0.89177205
0.95248029
0.86977352
0.85166932
1.1283736
1.1513279
1.0783494
1.1915198
1
1.0231598
1.0256436
1.146962
1.3683274
0.99071663
1.0197969
1.033681
1.0713233
0.88021765
0.91574519
0.92817657
0.88724543
1.5324596
0.78324031
1.0885476
1
1.6538087
0.23642235
1.4631735
1.180926
1.2123156
0.54585735
1.1191219
0.74137971
0.91490395
0.66778804
1.1855085
0.92403911
1.3536398
1
1.1805439
0.6655356
1.001088
0.84530939
1.1810166
1.2141165
1.0099682
0.86532482
1.1120765
1.3958872
1.1004138
0.88276708
1.5339715
0.88785496
0.98752926
1
0.90660872
0.99994352
0.85013794
1
1.2549965
1
1.2481638
1
0.54164244
0.99694289
0.76780658
0.99705564
1
1
0.72292515
1.0285923
0.82988062
1.02383
0.94927592
0.98300531
0.86963293
0.99574271
0.57870748
0.97844968
0.9269145
0.97028736
0.80655848
0.77181001
0.78712022
1
0.93592182
1
0.83245435
1
0.97943856
1
1.0437501
1
1.2699989
0.99976767
1.0823883
1
1
1
0.97446713
0.65707402
1.0805437
0.90249704
1.109084
0.65593777
0.99747843
1.592362
0.7721476
0.75579345
1.178769
1.020092
0.96383034
1.095482
0.69627011
1
0.54027333
1
0.72898977
1
1.0541262
1
0.96489356
1
0.99205668
0.97612081
0.89177316
0.9957339
1
1
0.80407427
0.6813442
0.98833032
0.95672563
0.99022536
0.90988162
0.99889879
0.80119437
0.77672308
0.64091241
0.85027044
0.75581627
1.2674249
0.8737718
0.90075253
1
0.84886313
1
0.98943482
1
1.0629732
1
0.81546081
1
0.96088385
0.99860237
0.96723187
0.99997302
1
1
0.85380731
1.1013118
0.86630135
1.1076952
0.97938327
0.77317116
0.77223301
0.90821642
1.0321357
0.82028645
0.81322281
0.97409277
0.84452612
1.0244003
0.85440296
1
0.97644426
0.90763096
0.89566523
0.98660206
1.174527
0.93918517
0.90234228
0.94425935
1.0563062
0.9497058
1.1695293
1.1192102
1
1
0.85617445
0.70525806
1.004888
1.113511
0.88138321
0.68700771
1.0883004
0.94470279
0.84761735
1.1569921
0.72930143
0.70339669
0.59382603
0.92189538
0.99450191
1
1.1569624
0.80093563
1.2167771
1.1101749
1.0940267
0.95422166
0.83910377
1.0193652
0.85147468
1.4103434
0.91196785
0.99054869
1
1
1.3003715
0.72857908
1.0466331
1.2240996
1.362808
0.7880987
1.1956071
0.9593841
1.4396628
1.1427599
1.1611932
0.9562124
1.3617798
0.97552788
1.0151577
1
0.6376935
0.67208557
1.1248441
1.661826
0.97371662
0.75734719
1.0237598
0.95450889
0.83637545
0.81530915
0.92967425
1.5382031
1
1
0.76951655
1.2155454
1.0288278
1.0233049
0.95906179
1.1890932
0.92844591
1.5431364
1.9296533
1.1149248
0.70325241
6.6943912
0.85593966
1.7710408
1.2000219
1
0.83837167
0.58961535
0.96753442
0.68039088
1.0065171
0.70778207
0.95217589
0.81272134
0.97003108
0.8659883
0.87662884
1.3639209
1
1
0.61153945
1.0117713
0.90270328
0.7942143
0.86089652
0.98047914
0.82309613
0.80619724
1.21867
1.4522189
0.53011631
1.2717891
0.7989382
0.66420323
0.80743559
1
0.45024243
0.89485751
1.0773604
0.92475819
0.51361104
0.83755479
1.0905232
1.0345405
0.57301582
1.0665904
0.91851018
0.9804354
1
1
0.76879523
1.0369958
0.89996111
0.75672592
0.83600448
0.76275452
0.71589376
0.73260399
0.97529119
1.002372
0.70693772
0.5137278
0.56566568
0.75516238
0.87032753
1
0.76357772
0.82087485
0.94463983
1.038078
0.89544109
1.1327442
1.0468259
0.96522691
0.57118236
0.91302126
1.2111222
0.96577254
1
1
1.1133369
1.5793442
1.1965558
1.1202691
1.751282
0.83406752
1.2642168
0.91492685
1.0403762
0.97742564
0.70857455
0.98391755
1.1744423
0.91636796
0.96997686
1
1.0033142
0.6708093
0.77905873
0.92163749
1.1711125
0.93976968
0.72378844
1.0637623
0.74137888
1.0273567
0.92945682
1.4280236
1
1
1.0239819
1.8443942
1.0931014
1.1411325
1.1206161
1.1132927
1.2390024
0.99644067
0.84283902
1.1144559
0.63840869
0.86549448
0.88821594
0.72179567
0.94409267
1
0.77091268
0.3862086
0.86913407
0.92539601
0.95667015
0.97227213
0.94460771
1.2339622
0.74410169
0.97019439
0.73680347
1.0070801
1
1
0.89254534
0.7339608
0.81909991
0.89411967
0.96388073
0.78467427
1.1355331
0.94766654
0.72900047
0.70892394
0.7383144
0.97384258
0.84417678
0.81506283
0.90251731
1
0.95058489
0.88722873
1.0345759
1.1563465
0.81232761
1.4517231
0.89514162
0.90728884
0.89364245
0.96767818
1.4395436
0.98374027
1
1
0.94846955
0.66987487
1.303838
1.2769883
1.5126818
0.7594489
1.1797168
1.1578977
1.0938389
1.0337445
1.2313404
0.91483915
1.5086649
0.96611097
1.1046474
1
0.69863359
0.28996394
0.94130125
1.061229
1.1789289
0.53914015
1.0267119
0.76152452
0.96763328
1.0085936
0.97109918
0.98909962
1
1
1.1035743
0.77852932
1.1130426
1.1339259
0.97884286
1.4407203
1.1935336
0.89218201
0.97260954
1.1113756
1.0049197
0.90097227
0.70792461
1.1480112
1.2652782
1
1.0142233
1
0.99800073
1
1.0776899
1
1.1376571
1
0.96223271
0.99628359
0.99854696
0.99973589
1
1
0.95006887
1.2701496
0.93635865
0.65960673
0.99714756
0.7333595
0.98170516
1.1547861
0.91540265
1.014121
0.955619
0.94480655
0.99700106
1.0902987
0.74536785
1
0.9477356
1
0.99993089
1
0.99094651
1
0.97853384
1
0.99903712
1.0453034
1
0.99890788
1
1
1.1760815
0.86232903
0.99631149
0.63612624
0.96028148
1.2453434
0.9912203
0.81697483
0.7509472
0.46502607
0.99498241
1.193682
0.99197935
0.93755276
0.59840715
1
0.93825472
1
0.99853423
1
0.99825639
1
1.0100845
1
0.99865482
0.96949085
0.99641329
0.99977033
1
1
1.2408118
0.77731914
0.82230205
0.68577144
0.98509819
0.70183647
0.99035603
0.97665068
0.81755216
0.63730914
0.99072554
1.1219564
0.99826349
0.80942881
0.85509829
1
0.91587048
1
0.97643445
1
0.98925223
1
0.93076844
1
1
0.9988472
0.99998172
1
1
1
0.86193715
1.3049114
0.65586971
1.0452333
0.96443472
0.87337847
0.98480807
1.1690458
0.85279116
0.98074129
1.1407198
0.79617904
0.99904732
0.92954205
0.87487941
1
0.86415444
0.89964716
1.0070427
0.99853883
0.946295
0.97682514
0.98772433
0.90205171
0.99449449
0.98350202
0.99044767
0.9970586
1
1
0.7970906
0.49957246
0.9039276
1.0597687
1.2996759
0.68456215
1.0290169
0.88627206
0.99570488
0.56158767
0.8764567
1.196308
0.9632593
0.88205476
1.0317503
1
0.89725729
0.89941814
1.1367043
1.0633129
0.9394021
0.9530579
0.88533489
0.88882443
0.98679588
0.96789442
0.9999807
0.99692549
1
1
0.82213005
0.4621479
1.1831598
1.2485876
1.1686266
0.99971912
1.0279155
1.0716405
0.82402015
0.8141639
0.87984929
0.81265537
1.1476976
0.86897573
1.0973501
1
1.1336498
2.3979829
0.98597495
2.2675528
0.99932599
2.9908602
0.93647016
2.4679802
1.1691465
1.5709371
0.98265714
1.0061557
1
1
0.99298056
2.1907203
1.5741515
1.3022778
1.4548185
1.4057461
1.3185999
2.0884377
1.1674675
2.1786696
0.78586627
11.230321
0.62789061
2.7894987
1.4301033
1
1.1306465
0.64672738
0.98187981
0.76677602
0.93026806
1.1039545
0.9110892
1.1039738
0.89333055
0.96581911
1.1538653
0.92877108
1
1
0.8238766
0.89448844
1.5207709
0.86969135
0.90023897
0.76497965
0.61812767
0.82056047
0.58952677
1.1548425
0.16511962
0.57226258
1.0306509
0.94020383
0.73965983
1
0.67587295
0.66488507
0.92993084
1.1698042
1.2053328
0.98239314
0.76744728
0.89721303
0.66278011
1.1180246
0.96213065
0.98300781
1
1
0.92923999
0.89375618
0.9355725
1.0067654
0.84795985
1.1471651
0.80866704
1.0102316
1.0991819
1.0623479
0.83521983
0.9339197
0.8229837
1.3270618
0.7997994
1
0.93991373
1.1659473
0.99296111
1.0657206
0.87935182
1.0987764
0.99216577
0.97543831
0.95386423
0.94703101
0.99671849
0.99584303
1
1
1.0152399
0.86909565
1.0462758
1.1412172
1.5398823
0.82299935
0.69969337
0.99672731
0.84364187
1.2217824
0.95829287
0.92935263
1.0655656
0.95659657
0.97381954
1
1.4504941
0.78609754
1.0577411
0.96462514
0.94490829
0.93459826
0.92604074
0.96656902
0.93670648
1.616513
0.98513579
0.98142572
1
1
0.97079846
1.4674377
1.2856431
2.0231434
1.1210683
1.0824929
1.1306279
1.29284
0.75477479
1.6461233
1.4046951
1.2277261
1.174514
1.2217258
0.97815287
1
1.1363577
0.50365373
1.150866
1.0542699
0.89026037
0.85135417
1.0597924
1.1088892
0.87380153
0.87056651
1.0597259
0.93728312
1
1
1.0170623
0.69497654
0.93875243
0.92194105
0.75924193
1.0517453
0.89916672
0.83533
0.90406408
1.0669731
1.0013574
0.93410205
0.76871059
1.1455118
0.80662607
1
0.90141887
0.7470481
0.99601373
0.98926351
0.95954914
1.0504563
0.99123508
0.98500968
0.97592426
0.99585943
0.99693581
0.99540341
1
1
1.1113855
0.87943507
2.3838878
1.6670614
1.1655219
0.75550138
1.3324074
1.3098012
1.0129008
1.2402072
0.73841919
1.4198893
1.3602939
0.91612597
1.1941332
1
1.0329109
0.35200323
0.99260391
0.95633837
1.001311
0.86677716
0.93944122
0.83737147
0.93321733
1.0531732
0.99963746
0.99338398
1
1
0.90996439
0.86833963
1.6868279
1.10718
0.97686387
1.2549554
1.2942555
1.327778
0.97129407
1.2303254
0.7928862
1.2459198
1.1173053
1.1302256
1.4254796
1
