1.3040647
0.73106378
1.1228011
0.98871556
1.502439
1.1778519
1.574797
1.1497802
1.4651104
1.7974101
1.0014283
1.9640756
1.6243766
0.71998123
1.4827351
1.4583947
0.39091832
1.0591006
0.48630078
1.2952958
0.65712514
2.0767928
1.3224345
2.4868597
1.3131456
4.5150889
0.75173733
4.6369872
0.81484618
0.8595052
1.0844929
0.9892402
0.85935614
1
1.5835649
0.99016861
1.5057765
0.99813817
1.2653712
1.3721808
1.0415833
1.2774352
1.2728606
0.81289456
1.3370524
1.3339859
0.3601752
1.1289869
0.69689533
1.5567723
0.76629635
1.6625692
1.046784
2.4998524
0.8967564
3.0267903
1.1043288
4.6795493
0.79580137
1.077859
0.72333411
0.96070803
0.69800514
0.99525421
0.92786206
1.027516
0.71932846
1.0575452
1.1272687
0.92312726
0.7388289
1.1199163
1.0444831
0.54915112
1.1524576
0.71442877
0.15736386
0.86740465
0.57832481
0.80517598
0.81871753
1.1321289
1.3500364
1.155077
1.1130022
2.1182722
0.58541402
2.0861971
0.75612321
1
0.6232757
1.1194738
0.61861602
0.98556936
0.7016795
0.98467454
0.84843966
0.9597126
0.92673807
2.4848173
0.95239331
1.3633894
1.2931338
0.97293619
0.98012391
1.3267505
0.34646864
1.1866441
0.60609286
1.6269208
1.0790202
1.7245432
0.77672068
2.0553423
1.0594281
4.9157943
1.1700788
3.4621821
0.78097597
0.99999995
0.70821247
1.518845
0.81599638
1.0728854
0.68066887
0.85692947
0.6500659
1.012657
0.68049016
0.31681714
0.67284423
3.1002711
0.84508661
1.0435993
0.82059079
0.75599708
0.73076099
1.0766258
0.69435172
1.4549816
1.1367187
1.9705659
0.75951081
1.9932303
0.9696879
3.9689566
0.50083631
1.9566738
0.76662902
1.2571749
0.88677052
2.2901194
0.72828919
1.0393696
0.97138708
1.8488023
0.98663045
1.2837867
0.90511988
0.31188078
1.0654974
0.7761795
0.68587415
0.24344219
0.52791921
0.25650189
0.59925797
1.248959
0.6929364
0.61734901
1.0544035
0.87843943
0.61393988
1.0555018
0.76358553
1.0278201
1.3844719
0.64640339
1.0008321
1.1151389
0.75629386
1
1.0633462
1
1.1359409
1
0.9303971
1
1.3935381
1
0.82251813
1
1
1
1.599686
1
1.4676678
1.2222102
0.61784027
1.58438
1.6824149
1.1498169
1.2964803
1.0399446
1.0981313
1.5443676
1.3376286
1
1.16805
0.87251798
0.45784641
1.2040915
0.43930496
0.51518774
0.54259642
1.0977245
0.64957076
0.97699297
0.88134767
2.2248176
1.0768214
4.6135484
1.0070305
3.4940576
0.91553342
1.5775659
0.85901101
1.2921114
0.80209815
2.1646521
0.5245453
1.7584165
0.81889522
3.146924
1.1429205
5.0982158
0.65646074
4.8341278
0.88898453
1.5391037
0.55145644
0.28139263
0.73796057
0.37470822
0.68989475
0.33258241
0.97632374
0.35354019
1.2191221
0.21175972
1.0664309
0.31574546
2.217282
0.14229863
1.5263622
0.34239495
1
0.90503894
1.038089
1.1043026
0.72058331
0.65198631
1.5397498
0.79905081
0.94090172
0.66201671
0.58744618
0.32469046
0.43355527
1.2582321
0.53924084
0.34388261
0.79812659
0.4888231
1.4424426
0.43874746
1.4318219
0.36861079
1.9497218
0.39047751
2.7689173
0.58137688
2.4909362
0.59273882
1.3993537
0.73289871
1.7340048
3.2113431
3.5609745
3.7258619
1.641184
1.9771858
1.7854032
2.0183429
1.2485375
1.3586153
3.8999018
0.44390428
0.31060986
1.6297355
0.80564413
0.18451349
0.80294858
0.52756744
0.8616051
0.4020366
0.76126937
0.38278808
0.93581924
0.32435462
0.51498607
0.61432948
0.78200754
0.48185044
1.1134342
0.54781741
1.1517389
1.0248222
0.81542411
1.5111927
0.69992777
0.8669648
0.9331175
1.0101376
0.57462579
0.9515286
0.47048393
0.70973581
0.82860723
0.72139025
0.51759617
0.29192372
0.46917303
0.37077538
0.58779862
0.35158403
0.52957307
0.45490426
1.0439716
0.59123956
0.70239646
1.0276297
1.3445677
0.55950496
0.7290904
0.6712916
0.86664087
1.1496279
0.58716846
1.9064643
2.1845533
0.94335225
0.99810404
1.1596827
1.2537822
0.87176199
0.82686994
1.4510033
0.78217023
1.9771299
0.85881273
0.63509408
0.95986685
0.6410473
0.89581359
0.38320924
0.82579453
0.29478614
0.58258673
0.28808676
0.77261293
1.218627
1.1601064
0.77904162
0.81979895
0.36150223
0.79450393
1.1454025
0.88512875
1.5042306
1.1322901
1.0979945
0.81639716
1.4053584
0.63481137
1.1101005
0.47415829
2.2337093
0.77317472
1.6092246
1.2271914
1.0070316
0.79279295
0.45865263
1.0322268
0.56021194
1.0300066
0.55374254
1.0907366
0.13597762
3.0057387
2.7169434
0.56699252
0.66748327
1.1353937
0.047009939
0.47917094
1.336268
0.9647399
1.1963504
1.0091814
1.3373908
0.54824986
0.74571758
0.56179596
0.85197594
1.7603722
1.6205325
1.0843623
1.0302185
1.1232818
1.1151724
1.1160958
0.98164163
1.8503495
0.97891831
3.2312768
0.93252525
3.6157053
1.3838014
2.6862146
1.4519943
1.9311109
0.74536883
5.1452012
0.87992114
0.64961343
1.0644239
1.9080393
1.6388045
1.4911209
1.4531765
2.8981504
1.6743273
3.9351457
2.8844815
6.6890505
2.042807
0.75518409
1
0.97823354
0.96453186
1.666754
1
1.0760331
0.9962548
1.0889509
0.99466495
2.0399829
1.0855645
2.764129
1.1162687
1.2433199
0.65169788
2.2934104
0.94153918
0.47155434
0.97809681
0.81903127
1.1778264
1.3283983
1.3097884
1.7974063
1.3390987
1.557742
1.9154455
3.2950822
2.5170083
0.78557236
1
0.61906721
1.1140177
1.2679106
0.99779626
1.5505871
0.99768347
2.0781684
0.94751747
3.7122016
0.77451005
2.0501182
0.9857949
0.68751815
0.38109259
3.9548484
0.81918983
0.20412809
0.94033619
1.8554807
0.95674617
1.051449
1.0969063
5.7482914
1.1485697
2.4110907
1.3748551
8.5696974
1.4104774
0.99535081
1
1.1000074
0.81003357
0.88612049
0.92698498
1.571743
0.97662716
1.7772337
1.1236844
4.0308461
1.584709
2.1083999
1.7216314
0.96201505
0.90638152
2.8282695
1.3684122
0.42605498
1.0658155
1.7447806
1.6261614
2.133323
1.3377299
1.9674468
1.2627573
2.4072525
2.2691846
7.3271669
2.3950734
0.91809555
1
1.0793019
1.4634637
1.3043202
1.7271431
1.33366
1.5811314
1.1231431
1.3162046
4.7364198
0.50141968
6.7683968
1.5877379
0.76473774
0.80056397
4.0609068
0.92987545
0.74432333
1.1603103
1.9666984
1.5342143
2.3763337
1.6586864
2.3590901
1.0639849
3.6206498
2.1926339
12.501612
1.8879654
1.0289507
1
1.5075795
1.795775
1.3180897
1.0020573
0.88355767
1.3201622
0.93388287
1.9395543
1.9601421
0.64641569
2.8313813
1.055125
0.51999695
0.39622821
0.82781967
0.71957585
0.53837605
1.2630519
0.90802979
1.2260375
0.8762021
1.0529177
0.8611665
1.0896842
2.0366957
1.2567695
1.3277141
1.499978
1.1445564
1
0.9937273
1
1.1935077
1
0.96597043
1
1.0469693
1
1.3314436
1
1.0155309
1
1
1
1.1686359
1
0.95048286
0.62361348
1.0891958
0.93560967
0.93252714
1.0392743
1.5329366
0.42878784
2.2385764
0.57674062
1.4141075
1
0.81907708
1
1.3625186
1.4993566
0.99438402
0.731339
1.7338758
1.0525772
2.471186
1.2906694
2.3516747
2.5771684
2.1123941
3.9349001
0.67203728
3.2099898
4.2997423
1.6075637
1.3219313
1.3968167
2.5699971
2.0482649
5.0971281
1.7786263
4.0737344
2.0774996
2.9015472
3.9767862
5.5658938
3.3349185
1.1870813
1
1.5057989
0.26315207
2.8103165
0.43816316
1.9835056
0.39294577
2.4196567
0.53954651
5.0851294
0.30689164
1.5591992
0.47242058
4.0553757
0.25867455
2.8293663
0.36600326
1
0.90912247
0.79195127
0.87480843
1.3071485
0.80063935
2.6235645
0.80834333
1.4665785
0.82772601
1.4036139
0.49241776
0.54810801
1
1.0265008
0.32052162
1.2604649
0.54145865
1.739131
0.51006269
2.5981134
0.51187057
5.5408527
0.47766643
3.4172593
0.51499907
0.73578601
0.62607084
2.0505829
0.74799091
1.9325818
2.5659313
0.83069479
2.4475327
1.7622253
1.9216197
1.9861334
1.6104446
1.67893
1.4165146
2.6050492
0.74553823
0.79855408
1
1.3520201
0.25610906
1.0262014
1.0614625
1.8356823
0.43425013
1.8164075
0.61105749
3.2306608
0.45766345
5.5345357
0.76039258
1.6416935
0.56494106
3.9104257
0.75583613
1.3457621
0.95916867
2.2593367
1.1933009
0.84768815
0.96637517
1.860132
0.8963324
1.723118
0.75816856
5.7138753
1.1953027
0.93009847
1
0.59948475
0.81194997
0.64313405
1.1797292
0.95287473
1.0282846
0.73570307
1.2015117
3.5800831
1.2848393
2.6407121
0.97634664
1.0601447
0.61353653
4.157171
1.0355748
0.97706351
1.1362846
0.80918169
1.4765041
6.8936042
1.1572258
1.583732
1.1494636
4.3035612
1.1698113
6.1297877
1.3196673
0.89376369
1
0.71666745
1.7430722
0.78764718
1.0629933
0.80179995
0.95592916
0.94721445
1.0914562
2.4624347
0.81968858
3.4462037
2.5053638
0.90629928
1.1483693
2.2602029
0.56871262
1.0844744
1.2681258
0.88934643
1.7890011
2.3066971
1.3092283
2.0352109
1.4869849
1.3688939
1.0944709
10.116867
2.5363668
1.0053976
1
1.5095106
1.6217098
1.2417548
1.1895912
1.40332
1.3591198
1.4414162
1.3404842
1.7172711
0.53331566
3.2015014
3.0439752
0.4659527
0.80235382
1.6668713
0.73097605
1.1683971
1.4264903
2.5632374
1.0144157
1.3120007
1.2940571
1.1356633
0.63541238
1.4672229
0.74106093
1.8349942
2.8831184
1.2047118
1
0.92921448
1.074239
1.0481745
0.94342296
0.96098484
0.90386532
1.0013414
1.1913863
1.9055307
1.1621116
0.94528875
1.2431413
1
0.63635767
1.5157111
0.68250548
0.36659757
0.83965954
1.4920107
1.1629448
0.98477104
1.0023366
1.1145809
1.3971844
1.0706726
1.9102554
1.0914787
0.88630788
1.0392295
1
1.1898653
0.9224581
0.89907552
1
1.2204225
0.99825403
1.1872877
0.93841159
0.99999096
0.94938386
1
1.0161357
1
0.77446934
1.4471299
0.82246122
0.70919941
0.74454439
0.91348986
0.88377242
0.94466539
0.87881454
0.94102178
1.0251214
0.97531489
1.0081146
1
1.0653892
1.0116186
1
0.65270738
0.98170759
1.0359413
0.70959917
0.81575823
0.99531072
0.88102695
0.99340703
1.4060095
1.1027629
1.4293608
1.3071663
0.89799611
0.37183929
1.6640777
0.86883791
0.23927488
0.8649277
1.0637272
1.1034587
1.2504523
0.93160114
2.4768442
1.0197481
1.034473
1.1892831
2.2806409
1.2409707
1.0509561
1
0.85867965
1.0636941
0.77462321
1.1330548
1.3097022
0.98934731
1.0039019
0.97663237
1.3897026
0.85324071
1.1016304
1.1906775
1.0428181
0.75136969
1.2140071
0.93143975
0.40373513
0.90712593
1.0155567
1.2985003
1.6930193
0.99697714
1.0788227
0.91185851
1.0358906
1.472705
1.4789311
1.0376016
1.0450924
1
0.62029755
0.98121383
0.87042488
1.1436699
1.0382119
0.73569716
1.2926934
1.2401456
2.2580287
0.62508815
1.5761667
0.93117193
0.50574462
0.68700807
1.0397189
0.70704107
0.63132927
1.100701
1.3162224
1.400767
1.660667
1.2613219
0.89090552
0.86159419
1.7219783
1.3374611
2.5494233
0.85911059
1.17371
1
1.5017085
1.0867639
0.97883734
0.90131662
0.99715345
1.1367576
0.8412799
0.79813717
1.4483188
0.66126421
2.8241683
0.67766389
0.84558014
0.42788494
1.6439805
0.78391382
0.46086612
1.3052358
1.1391661
1.0648692
1.8409341
1.070862
1.2048978
1.0420937
2.3029251
0.93873076
1.5128474
0.86702322
1.1512512
1
1.1444137
1
0.99999999
1
1
1
0.99986894
1
0.87484002
1
0.99980112
1
1
1
0.28322878
1
0.55353192
0.4289639
0.52325826
0.67746534
0.19735523
0.71848489
0.60399032
0.36992005
0.61329066
0.36343002
0.90902894
1
0.46883962
1
1.2393216
1.1186071
0.75363792
0.53848184
1.4152092
0.72625288
1.0917635
0.97863264
1.5323575
1.7277581
1.4264154
2.4267651
0.22697682
2.6122086
1.0886634
1.2606344
1.1146532
1.1841605
1.8707627
1.3099141
1.427047
1.2790711
1.4985589
1.4106513
2.6829657
2.3937584
4.7287463
2.016387
1.2472698
1
1.5423244
0.46118476
1.3725566
0.54493616
1.2186133
0.5233238
1.2816643
0.78251511
3.869124
0.5379597
0.90334365
0.54618287
0.69016918
0.34715115
2.1108766
0.43562679
1
0.94683815
1.3727334
0.57425041
0.66136361
0.85443315
0.9977485
0.877889
0.78469032
0.97698626
1.9514679
0.7472741
0.79040114
1
0.92640625
0.55948881
0.98999151
0.85947944
1.3622669
0.89387083
0.96759252
0.90902531
0.94870747
0.71019005
0.99821671
0.67305499
0.76235362
0.87199743
1.3516468
0.71131529
2.0981824
2.2104637
0.88509977
1.2839293
1.1381948
1.8717145
1.2002312
1.7178327
0.92186474
1.4425994
0.97642468
1.2673506
1.0268877
1
0.93660247
0.82685643
0.99926478
0.84118652
0.99964836
0.91752253
1.302524
0.72319832
2.655814
0.80072691
1.1637681
1.4893125
0.50661361
1.0055131
1.6867262
0.97017367
1.2913873
1.0097948
1.3067923
0.99199101
0.80767671
0.95584113
1.2292341
0.9501326
1.2213184
0.6382247
2.8113778
0.69799083
0.9558887
1
0.81293083
1.159289
1.0172139
1.4347567
0.68304722
1.3503406
0.75848992
1.1056627
1.8475017
0.68621273
1.2653906
0.78736556
0.27544243
0.71160507
0.97184934
0.64287746
0.80225927
1.084895
0.71516322
1.5550836
1.8116939
1.1517527
1.4270439
0.95628766
2.19348
1.3785692
6.1658799
0.90183435
1.0150198
1
0.7963091
1.4534608
0.91419121
1.9147417
0.85085448
0.93740701
0.84440158
1.1941831
1.0782441
0.75018171
1.181363
1.7191036
0.48146659
1.503759
1.0512468
0.38557501
1.0838832
1.493258
0.72684468
1.5946605
1.5981276
1.6081622
0.49581892
0.90481857
2.000363
1.5217248
3.3460639
1.1020716
1.0862549
1
0.98895307
1.9659236
0.91235884
0.77840585
0.99712463
0.98359064
0.86175298
0.86654283
1.1731117
0.81459764
0.96127914
1.4828845
0.62955669
1.0102362
1.3573274
0.87346839
0.79682018
1.5632281
2.7410489
0.87686032
1.251633
1.0060885
1.4662643
0.57981485
1.4272247
0.47122527
1.5842038
0.94209198
0.9152471
1
1.7609137
0.99736435
0.85064989
0.9999621
1.9916095
0.99906883
1.7672436
0.997713
1.9081766
0.76128182
1.272804
0.86916079
0.69170519
1
1.6659551
0.44989999
0.30622039
1.0252835
0.59860873
0.45746021
0.69830807
0.62013399
1.5375945
0.63694235
1.4953037
0.59636593
0.43457302
0.88397315
0.73769065
1
1.0248596
0.99854663
1.2425663
1
1.3417351
1
1.2544416
0.99922366
1.1814657
0.97616475
1.2200768
0.99129775
0.92433012
1
1.3773446
1.065048
0.52655271
0.98322158
0.76333364
1.0842511
1.0959482
1.0762112
1.694492
0.76227795
1.2990483
1.0081577
0.75791404
1.1219348
0.7114234
1
0.94527744
0.9986961
0.81888244
1
0.77862422
1
1.2740831
0.99949136
1.3495916
0.80421843
1.0004106
1.0123007
1.5599227
1
1.1217764
0.66094893
0.19209445
0.99285261
0.4774286
0.82809566
0.64894703
0.80012558
1.3604274
0.6770047
0.98775782
0.63605846
0.73686173
0.68915297
0.77742765
1
0.81983061
0.99504333
1.0055635
0.99929776
1.2081237
0.99108168
1.1306638
0.99658464
1.1247404
0.87773011
0.81863268
1.0375958
1.14168
1
0.94169049
0.7928768
0.38328401
0.980175
0.78842194
0.70087195
1.2804453
0.59611927
1.1480227
0.82241055
1.3409692
0.64948775
0.78288676
1.1122361
0.75616174
1
1.1364607
0.88865418
1.0742351
0.90961989
1.0414341
1.3088849
1.2338956
0.94068406
0.68165879
0.71453926
0.68791622
0.69517726
0.8698431
1
0.7827115
1.0841896
0.71634995
1.1199152
0.56614226
0.7289487
1.104077
1.0612671
0.79947163
1.7679999
0.99381904
0.89524968
0.55868127
0.7001782
0.79614767
1
1.0556527
1.1495399
0.65717752
0.97516611
1.1861845
1.0370686
0.89093761
0.98045951
0.7013256
0.91946066
0.88758656
1.0163552
0.85237467
1
0.85650392
1.1148427
0.79329116
0.93807344
1.1000137
0.67048797
1.4332954
0.98733074
0.89837016
0.89997233
0.88723061
1.2868596
0.7235714
0.96261061
0.88132775
1
1.1958259
1
1.6340586
1
0.81926069
1
1.2141505
1
1.1317544
1
1.5016867
1
1
1
1.0649021
1
1.2238655
1.3209163
1.0446943
1.5559543
1.1747259
1.805413
1.1842864
1.1324522
0.95359648
2.0575074
0.85658492
1
0.98488274
1
0.46951682
0.86447854
0.66847465
0.61100659
0.7509226
0.44237374
0.79916342
0.60409257
1.0046874
0.5322388
0.86828179
0.55281172
1.3057933
1
0.49968163
0.89161045
0.71673472
1.1790821
0.37779489
1.4926939
0.75906165
1.0298358
0.64159135
1.6879212
1.0346728
1.3318292
0.73321511
0.9538873
0.9535045
1
0.53100375
0.32293836
0.65749425
0.52440059
0.96076908
0.45142692
1.1397543
0.65839747
2.0415402
0.17306573
1.0987536
0.25858527
2.5138931
1
1.5840042
0.3319076
1
1.5133441
1.7655587
0.9672408
0.95481864
0.59999214
1.9013664
1.6431144
1.4104477
0.4046059
0.67809553
0.20254911
0.83860228
1
0.9010322
0.26722125
1.0496309
0.42986081
1.3696854
0.64378209
1.2552816
0.6803881
1.8633778
0.63270769
3.8368459
0.44579999
2.2517801
1
1.3106845
0.80536082
1.7259998
3.4705808
6.3296777
3.5361486
1.641674
2.1579854
1.7051809
1.944092
1.9050567
0.63869858
4.8608014
0.99650565
0.33877965
1
0.6045014
0.20178917
0.79375442
0.56459263
0.71120701
0.49064438
0.71005733
0.44444069
0.93735263
0.21543847
0.63066504
0.33487255
0.72661206
1
0.92564128
0.49569085
1.133044
1.1196097
0.50068167
1.3185974
0.75596511
0.98713734
1.0438241
0.86458161
0.51161824
0.40162553
0.40907796
0.42985358
0.84989109
1
0.44412615
0.25256065
0.40378674
0.52997142
0.89052101
0.35836288
0.72070864
0.43339297
1.1855622
0.59601999
0.91336215
0.53348963
1.2433788
1
0.67836873
0.45192244
0.68618905
1.1219799
0.23135774
2.0369428
2.0369458
0.80856783
1.0815017
2.003199
1.4833384
0.81304671
1.0012117
0.49240263
0.96169393
1
0.66824863
0.59276862
0.72117613
0.90332972
0.88476089
0.98651669
0.82644963
0.58724314
0.87710788
0.54409917
0.674826
0.46898157
0.6202316
1
0.70456216
0.39567258
0.88004702
1.1558723
0.76827112
1.0790508
1.3395491
0.91007883
0.98585859
1.0897594
0.87785593
0.76215571
0.46017146
0.9016371
0.86106042
1
1.0749237
1.0012701
0.98002181
0.84178344
1.1559573
0.90068336
0.84523363
0.93813375
1.0291022
0.4602744
2.0423903
0.9502025
0.9683722
1
1.2129598
0.36665975
0.60917684
1.4330492
0.75497376
1.6681448
2.5677948
1.3434256
0.55295745
0.74416221
1.0119666
1.5529964
3.8180536
0.78778574
0.92091676
1
1.2732045
0.81658255
0.83148141
0.99972089
1.2708572
0.99093672
1.9493557
0.97201194
2.4236558
1.1184426
1.3211754
0.81895515
0.76772875
1
1.5271365
0.8506331
0.36081845
1.4989419
1.7194496
1.4376383
0.86660229
1.5484776
1.3712536
1.3231861
1.7342389
1.7770544
2.215719
0.96442803
1.2459826
1
0.86128863
1.3933753
1.0243941
1
2.055337
1.1273695
1.2605117
0.99318248
1.6498667
0.85186241
2.0938772
0.99415214
1.076844
1
1.4926912
1.2468169
0.33117608
1.338325
0.64402006
1.4120378
1.1172996
1.9430727
1.0418254
0.71302902
1.0642351
0.81570859
1.0101913
0.88515074
1.0851222
1
0.61692405
0.96548631
0.92465631
1
1.2814361
0.99985007
1.5947251
0.9959279
2.5656986
0.66481992
1.5897163
0.87374414
0.86880706
1
1.8059479
0.89765898
0.24791047
1.4072039
1.2308668
1.975978
0.86463503
1.3383088
2.0087138
1.1597626
1.8646056
1.5516447
2.8687038
0.99598623
1.228944
1
0.56359883
1.4602963
0.79411019
0.9838416
0.9965637
0.97671612
1.2881833
0.98662817
2.2200687
0.96524702
1.1014784
0.84186774
0.98420278
1
1.0839728
1.1884414
0.33961414
1.3380542
0.61081479
1.6837497
1.5001674
1.653789
0.91811595
0.96157864
1.6776088
1.4992162
2.8961986
1.2452356
1.0231323
1
1.1864258
1.4653607
0.88581846
1.5233642
0.97947337
2.2037327
1.2587403
1.1640541
1.9863398
0.41897964
3.2981677
0.64559396
0.44850022
1
1.3247681
0.86346527
0.65655134
1.277361
1.1389472
1.5696181
1.6500411
1.9066277
1.3543929
1.2705457
2.1484348
1.9008624
3.3076973
0.38154445
1.044918
1
1.3848794
1.9385568
1.1038601
1.2020767
1.3956198
2.074696
1.458759
1.2765449
2.5962273
0.33779376
2.4577902
0.93795145
0.46313482
1
1.5896105
0.47827757
0.81203668
1.3688648
1.3641081
1.4173576
1.7652136
1.1986487
1.6345679
1.0489007
2.5815132
1.6292536
2.1529341
2.3541469
1.1717427
1
0.72517605
1
0.97961399
1
0.8064037
1
1.0726411
1
1.6048205
1
1.1201106
1
1
1
0.74639366
1
0.990585
1.0720711
1.117903
1.0951633
0.6791432
1.1461345
0.87629307
0.70948775
1.7860358
0.63655023
1.1220054
1
0.84191593
1
0.62285786
1.8956433
0.85305055
0.81254521
1.2687293
1.3710061
1.0569424
0.90145729
2.1248573
0.9255095
2.3703383
0.83071307
0.50910864
1
1.3810136
1.4457033
0.86185083
1.7208035
1.44942
2.3315727
1.6121102
2.3184287
1.4522126
1.8526796
3.3715931
2.1306349
3.0132349
2.4016188
1.2020451
1
1.0257335
0.39851676
1.5495083
0.55221287
1.2062476
0.29486
2.2168134
0.75151112
4.700644
0.47324938
2.7108749
0.37080527
3.6453593
1
1.7801161
0.38540239
1
0.93178648
1.0183441
0.95396773
0.91235359
1.0440511
3.0699079
1.1006587
1.9757376
0.86876515
1.5547954
0.42586844
1.2713506
1
0.72327481
0.31965443
1.0433735
0.51369992
0.7359782
0.60961624
1.0606344
0.62747428
3.0848426
0.54089462
2.3494007
0.67394109
0.82557037
1
1.3478349
0.52513171
1.9718106
2.7670046
5.8125471
2.3405281
1.7000083
2.0235512
1.8623172
1.6067676
1.3498558
1.5954082
3.712349
1.0860062
1.130699
1
0.75754163
0.35684782
0.96432559
0.61723353
0.9324235
0.54469894
0.75506959
0.76798383
2.9414418
0.6256803
3.1533184
0.7221517
1.0325258
1
2.3184133
0.62987716
1.3834829
1.2116513
3.5113935
1.4471861
0.96019637
1.31901
1.6622963
1.0011999
1.8600956
1.5387818
3.066939
1.0056991
1.008039
1
0.62875826
0.46830727
0.67074909
0.69015048
0.94899901
1.0168434
1.2749274
0.8906691
2.9670744
0.74701811
3.0619647
0.57315048
0.87097273
1
1.9337659
1.129854
0.94214263
1.3267079
1.5650437
1.9429733
2.6254962
1.6386483
1.9385424
1.8215393
4.1368717
1.8939201
2.7421089
1.3454297
1.058715
1
0.67597418
1.4054829
0.91745852
0.92925775
0.69828808
1.6394201
0.93123193
1.2368567
1.7808367
0.65073103
3.9420737
0.71992964
0.61190652
1
1.7424431
0.96555156
1.2041124
1.3677768
1.816518
2.7796422
1.9096958
1.537499
2.187554
2.3495753
1.8401353
1.5414996
4.4313196
1.5648421
1.2091864
1
1.1099468
1.5090958
0.97145303
0.90110429
1.6687188
1.0721921
0.85441474
0.82868172
1.8414761
0.75420805
2.6792847
1.1223114
0.41881342
1
1.8655896
0.42261378
1.1041822
1.4642031
2.1525653
1.1585936
1.090262
1.1575368
1.5694622
0.64820968
0.73572253
0.99283751
2.1063853
1.4134223
1.3902514
1
1.1324974
1.262364
0.87730395
0.99847519
1.3686327
0.93777117
1.044644
1.0925292
1.5966536
0.6710385
1.1596284
1.1086407
1
1
1.9015962
1.0166013
0.39778038
1.5548934
1.636984
1.7028201
1.0447482
1.8481374
2.1493342
1.5156271
1.1355682
1.5211482
1.1148045
1.0993239
1.3525657
1
0.95093609
1
0.99385913
0.99995275
0.7753576
1
1.1884385
0.99721086
1.0385828
0.86558513
0.99723859
0.99621835
1
1
0.96115305
0.82090406
0.36019715
1.2956953
0.83670308
1.3001224
0.72012937
1.2819864
1.5914692
1.2338659
0.98865794
0.96559055
1.2496427
1.0124816
1.1820709
1
0.55927601
1.1551184
0.9284344
1
0.99626571
1
2.3112665
0.99938212
1.4440375
1.2983589
1.051502
0.97011664
1.0660421
1
1.7553947
1.110689
0.28577504
1.3285236
1.7716982
2.2170496
0.92489453
1.4214568
2.8952744
1.8654701
1.899658
1.6116833
1.1018217
1.574057
1.4548276
1
0.61256685
0.96591676
0.93765316
1
1.0041682
0.99873254
0.87463436
0.97177789
1.0831492
1.1403493
0.99894523
1.029292
1.3380485
1
2.0987997
0.99505922
0.41144758
1.1605181
0.83893919
1.6276384
1.6397319
1.4971291
1.113758
1.4119438
1.1642585
1.5869132
1.0572327
0.90413641
1.176668
1
0.67834832
1.2248822
1.0285539
0.79559349
0.83554127
1.2801292
1.1132021
0.92466025
1.4795118
0.74870772
1.1209643
0.65830801
0.56894982
1
1.6677631
0.90786035
0.80958636
1.3931476
1.3969325
1.7246292
2.1226332
1.5164485
1.7233878
1.3697013
2.6269743
1.3631193
2.7569963
0.62011529
1.2397848
1
1.1628729
1.2338091
1.1463935
0.83181677
1.1091141
1.1323882
1.0015554
0.67377548
1.1720608
0.6629583
1.5049639
1.1845644
1.0022277
1
2.1486409
0.64384591
0.79899655
1.4082872
1.7159706
1.4726072
1.7495436
1.2525713
1.8327291
1.1314615
3.5682948
1.3129058
1.6375885
0.91381923
1.3292173
1
0.96531864
1
1.1191889
1
0.93895076
1
1.0474353
1
0.73704613
1
0.98628085
1
1
1
0.67309611
1
1.3090378
0.7218965
0.68057701
1.2743441
0.53817434
0.65701938
1.0493207
0.47954272
1.2541517
0.48698522
0.96931631
1
0.48831764
1
0.93224339
1.1460413
1.0797729
1.364737
1.0244763
1.5615663
1.9150158
1.397688
1.857456
1.3937127
0.96667993
1.161909
0.44312192
1
4.3324728
1.7747996
1.3063842
1.5547879
2.9025711
2.1067431
3.4260712
1.8485202
2.6618193
2.0004552
4.5948443
2.2378722
3.0979839
1.7042757
1.4265101
1
2.449108
0.623335
1.355592
0.70980343
1.5356372
0.61747452
2.5733834
0.70853422
11.896047
0.59648547
1.0082912
0.92911964
1.1628614
1
4.062518
0.5794099
1
1.0025784
1.7926793
0.76771777
1.2574564
1.1120661
4.7616527
1.2476259
4.6249407
1.3480966
2.6060975
0.4475267
1.3737488
1
0.93064931
0.70022563
0.97926948
1.121672
0.96530913
0.99654577
1.6265477
1.0136757
2.169159
0.84755334
0.9962856
1.1459044
0.88501639
1
1.3885025
0.68298005
1.9805615
2.1334749
1.2033984
1.3757352
0.60007337
1.1570906
1.6416324
1.2144147
1.3925218
1.3553106
1.4215434
1.0452173
0.89270407
1
1.1092437
0.4928525
1.0495481
0.88212748
0.99565437
0.92608359
1.1503929
0.87823486
2.6356046
1.0465823
1.4041814
1.1782889
0.83518822
1
2.9297616
0.80590417
2.0489785
1.3015086
3.0412097
1.1319156
1.3395245
1.0061531
3.4916011
1.1835211
3.2615749
1.3797866
5.326027
1.377498
1.0294432
1
0.61823608
0.89582783
1.0868296
1.5520718
0.9799613
1.1540896
1.0567775
0.84094148
1.8785736
0.86282422
1.3072456
0.9803782
1.1313376
1
2.1794142
1.0293042
1.4334324
1.5281885
2.0440586
1.5018819
1.4842011
1.6948909
2.3563347
1.6876095
3.9281024
1.8582008
4.0488705
1.0942312
1.1630142
1
0.88677521
1.5706959
1.1066258
1.2444362
1.2001723
1.4460044
1.0214435
1.0331019
1.7153873
1.2272356
1.0390394
0.92496521
0.83187815
1
2.4436503
1.057787
1.8569011
1.7817011
2.5816691
2.0618203
3.0647269
1.9934322
2.1750513
2.1355664
3.2793438
2.0033903
5.337399
1.5678825
1.5447338
1
0.94991006
2.0730733
1.0783318
1.199751
1.0819051
1.1420172
1.0165453
0.96537665
1.7427869
0.99117102
0.99439389
0.97489022
0.8822867
1
2.6980071
0.47930976
1.3487984
1.6555723
2.803399
1.1304131
2.250789
1.2198541
2.5298452
0.53627486
1.6726151
0.7564987
1.350538
0.98057716
1.6414602
1
1.1791038
0.99901394
0.66076447
1
1.4190633
1
1.3844669
0.99991907
2.2539398
0.98923204
0.8202466
0.99173737
0.97798326
1
1.5708519
0.93120864
0.37140054
0.87898436
1.6556137
0.68654806
0.61467521
0.44953869
1.1337863
0.94722239
1.3827693
0.88729082
0.70723854
0.95399886
0.82152312
1
1.1863127
0.99998249
0.82299197
1
1.0001105
1
0.78245662
1
0.73878004
0.99961354
0.96405191
0.99945659
0.76621015
1
1.3075188
0.97787026
0.47849827
0.98380542
0.98955927
0.97654823
0.95695675
0.82073759
0.81391337
0.93739543
1.7029902
0.98756351
0.86307255
0.99916746
0.82591623
1
1.0142739
0.99999482
0.6793356
1
1.0221764
1
0.8028465
1
1.1314689
0.99833561
0.76287199
0.99910244
1.0066719
1
1.1090246
0.99619137
0.22209783
0.8551357
1.0473732
1.3674285
0.88569551
1.0357601
1.3944101
0.68843701
0.87857507
0.93868075
0.66447925
0.98660107
0.78555489
1
0.62165331
0.99999583
0.62713417
1
0.86637775
1
0.83576994
0.99995092
1.0926001
0.99264923
0.94786873
0.99979844
1.1516296
1
1.1640662
0.9075005
0.4689314
1.0418777
0.73402387
1.5043444
1.0799444
0.8175141
0.66863226
1.0015982
0.79154058
0.88596317
1.1957678
0.98939377
0.87193529
1
1.4320825
1.0548132
1.1553711
0.98453339
0.67927826
0.98187836
0.9995946
0.96111115
0.76947044
0.95433479
0.81413562
0.95333961
0.86853286
1
0.74269264
0.77850605
0.68374035
0.94627651
0.61699379
0.83930479
1.1622067
0.81048024
0.80030282
0.97816784
1.0408172
0.8890907
0.59781014
0.90659257
0.78346241
1
1.2227092
1.1539783
0.64911635
0.99329264
1.1350358
0.98715329
0.91102848
0.9960548
0.95492714
0.95927771
1.0297747
0.97111683
0.92901569
1
0.91077772
0.89296961
0.80482512
0.99129334
0.93464546
0.63746863
1.0688236
0.67664172
0.95668395
1.3225641
1.0796246
0.84339878
0.80489057
1.1152175
0.84705023
1
0.92755168
1
1.2086846
1
1.006109
1
0.88527379
1
1.3423636
1
0.73495703
1
1
1
0.76125401
1
1.0892945
1.0108489
0.66901178
2.5251856
0.68204244
1.0345498
1.821571
1.186089
23.313359
1.0550712
0.93912603
1
0.75827153
1
0.43023983
0.75125273
0.59181093
0.93363028
0.95918232
0.74377497
1.3968147
1.0493938
0.70357393
0.79862267
0.8898405
0.77685414
0.98551027
1
0.69164406
0.84748055
0.52300342
1.0144332
0.38677432
1.5690154
0.92557932
0.88878187
0.36055774
2.3749133
1.45932
1.5455145
0.31114563
1.1018681
0.92104564
1
0.91125481
0.45181386
1.1380725
0.64618778
0.95300675
0.80826347
1.2843253
0.94314561
3.1359275
0.88363461
1.4998624
0.66614083
2.4228959
1
1.6491269
0.69883439
1
2.8154721
0.93004173
1.5692853
1.4560485
1.1333615
1.9494522
10.104653
1.4203524
1.0560506
0.62300022
0.77403524
1.2620315
1
0.94487114
0.4355057
0.97248909
0.81053068
1.2249821
0.82970146
1.1864398
1.0168479
2.3911579
0.93357193
3.3404427
0.9157952
2.2344851
1
1.639199
1.0360861
1.722188
3.54759
6.2437911
1.1612975
2.525035
1.4197949
2.0351636
1.2410198
1.711847
0.9740869
5.8877094
0.94754634
0.59210675
1
0.67191937
0.40176957
1.0613515
0.77613993
0.93013933
0.64886955
0.84867676
0.65216067
1.0395297
0.676833
0.49161798
0.80527676
1.2197735
1
0.92501412
0.77412088
1.2411434
1.089898
0.56137833
0.64558966
1.0015557
1.2493569
1.3270015
1.1119021
0.59321668
0.89788544
0.44476574
0.87651203
0.88215561
1
0.40531907
0.40566413
0.72796585
0.89510336
0.58633394
0.59019319
0.7925368
0.77919844
1.1639844
0.86148378
0.58486787
0.82456344
1.2786859
1
0.83067036
0.63565535
0.70768175
1.2642376
0.46561859
3.0683498
1.5721387
1.1518005
1.4961519
3.6313164
1.2975143
1.4893859
1.1732123
1.0377687
0.8796109
1
0.94851224
0.8200765
0.74368107
1.129771
1.5789843
0.89911192
0.87891164
1.0092363
0.51043675
0.91035667
0.56773317
0.92158029
2.2498533
1
0.7659004
0.93992377
0.98268058
0.87923269
0.91031375
1.4413261
1.3965607
0.97064367
1.1586533
1.3204037
0.77951328
1.2001336
1.1036657
1.2532014
0.7326635
1
0.96874998
0.79522243
0.73601187
0.96627484
0.75055339
0.99411367
0.82453545
0.9897364
0.89108319
0.93186589
2.0418039
0.98117725
3.0812492
1
1.7909381
0.90438895
0.82360338
1.1536498
1.5189641
1.27818
2.5050783
2.1420963
0.72727406
0.77008156
1.5087811
0.77505576
1.3800689
0.99742109
0.96315152
1
1.2274833
0.99704221
1.2706036
1
1.509071
1.2151862
2.0662248
1
2.7121556
0.98487657
1.287843
0.99996826
1.6373018
1
2.2049242
0.65149315
0.39984147
1.1208286
0.53283608
1.4101309
1.3107354
1.3918387
1.4366774
0.95462614
1.7372695
0.90761803
1.4129776
0.95583749
1.3831829
1
1.0190008
0.99966468
0.98872734
1
1.0479434
1
0.85244139
0.9997798
0.95554864
0.99988971
1.0720321
1
1.1283509
1
1.0702047
0.96414951
0.39800436
1.1177955
1.0014476
1.2750026
1.1293799
0.94690889
1.7418366
0.74518333
0.82274912
0.85325454
0.98642685
1.1145247
1.1483949
1
0.83890053
0.99905103
1.1787692
1
1.3029866
0.99981044
1.2780457
1
0.95442264
0.98985936
1.8879161
0.99933565
0.79436766
1
1.5647667
1.318319
0.29244166
1.6870724
1.1473735
1.7039479
0.85322823
2.2851963
2.0312045
1.5685122
1.7477212
0.9399113
1.3809046
0.95287034
1.3121873
1
0.59739048
0.99989509
0.93440778
1
1.0446813
0.99998976
1.0290108
1
1.4382796
0.98947553
1.5964601
0.99983976
0.79395871
1
1.3220707
0.71572891
0.38711955
1.4243011
0.96669066
1.2626605
1.4547653
2.3643248
0.77797414
1.3563781
1.6777029
1.5050783
1.1201539
0.92889708
1.0709379
1
1.1959669
1.232951
0.81327705
0.90850332
0.82620812
1.4855294
1.3424507
1.1078502
1.5199385
1.0077913
2.5397735
1.0823121
0.39969118
1
1.1675924
1.0829757
0.72047729
1.7813356
0.71250533
2.1192225
1.5203427
2.3730198
1.2349451
1.3045523
1.0210921
2.4511148
1.5435123
1.0970097
1.0020526
1
1.8329749
0.97058813
1.2146068
1.0088329
1.0114574
0.98582211
1.442146
0.94306614
1.5265727
0.95067245
2.0928443
0.99052207
0.71069425
1
1.1356268
0.88703341
0.75187065
1.5419527
1.2950605
1.7884278
1.2934637
1.8795801
1.1495678
1.0610285
2.3079938
1.7457606
0.77798964
0.86362288
1.1588152
1
1.1669237
1
0.84022214
1
0.74243357
1
0.82874916
1
0.92079963
1
0.71531845
1
1
1
0.41081035
1
0.7703448
1.0167513
0.68660948
1.174212
0.52701188
1.0307932
0.65946284
0.70290106
1.4860623
2.0475929
0.9812884
1
0.71494643
1
0.52272746
0.73913313
1.1492033
0.80090121
0.82026138
2.117996
1.4367043
0.91356581
2.4016472
0.98033801
2.6587073
0.73503869
0.34926803
1
1.0683506
0.75252924
0.60447959
1.5251072
0.94991017
2.1312712
2.0297544
2.0683165
0.966782
2.1517459
2.5713606
1.6325316
2.4284925
0.80886614
1.1267119
1
1.2417679
0.53955273
1.0680533
0.72321013
1.8771759
0.77189528
1.9003762
0.72841016
8.0975854
0.7858206
2.4700134
0.95328675
4.318044
1
2.1629539
1.1204142
1
1.6796462
1.319559
1.4518784
1.6557054
1.2666854
3.386858
3.5333888
2.4492302
1.2373382
1.6456782
1.0441413
2.1558231
1
1.1741747
0.66662847
0.99205025
0.90657815
1.0702496
0.97408892
0.95703407
0.94764164
2.3145019
0.97952651
1.9026451
0.99498549
0.95436641
1
1.7890704
1.0281141
1.7250212
3.212273
4.8564973
1.4357997
2.0500345
2.3086166
1.811971
2.4537984
2.1216734
1.4311844
5.7795376
0.97745407
1.2913964
1
1.1722135
0.46689357
0.9949469
0.87854436
0.98049565
0.7635626
0.87177371
1.0208907
2.7341826
0.94781177
2.9790475
0.97613976
1.0071078
1
2.3107701
0.79317277
1.1086315
1.255124
2.0448193
1.2394271
1.0395809
2.1327591
2.0790205
2.0369482
2.1969572
1.7831181
3.3442433
1.840198
1.0400292
1
0.42740805
0.51740844
0.75514406
0.85740048
0.78909574
0.79345783
1.0270671
0.76100873
4.3309886
1.1593858
2.0893446
1.1317175
0.76934475
1
2.0628707
0.88914434
0.92984218
1.3296947
1.6813566
1.4748284
2.6685213
2.3621126
2.4479011
2.0569173
12.074515
2.7194973
2.5029078
0.66296778
1.1028703
1
0.68744421
1.4952657
0.85752803
0.97731893
0.81110085
0.96117819
0.99411013
1.2227595
1.6261614
0.97497898
3.698195
0.97111323
0.64191012
1
1.6016781
0.76226652
1.2490466
1.3055811
2.2579022
1.5214373
1.6244173
1.9545786
2.1334641
1.8921589
1.7604659
1.1124863
3.8920084
0.89422284
1.2079573
1
0.74507952
0.96726807
0.94443849
0.99312962
1.2190024
1.0382249
0.99474146
1.6444948
1.533884
0.99097304
0.94836268
0.99953906
0.61947213
1
1.2595657
1.1485353
0.99752505
1.6494318
1.8685212
2.1772509
2.6956994
1.5632201
1.6114135
1.1652819
0.96934986
0.81069309
1.1370878
0.98737602
1.3566154
1
1.7704118
0.98625679
1.0547853
0.99972271
1.50483
1
1.5523156
1
1.1300332
0.93987304
0.95776374
0.99971727
1
1
1.058376
0.82162518
0.44620415
1.245943
1.1238652
1.7960428
1.2978324
1.3077334
1.3661627
1.0810428
1.376017
1.5336412
1.1442617
1.0552817
1.6441244
1
1.1469198
0.99319758
0.98520727
1
0.91747927
1
0.99820791
1
1.1447289
0.9992321
1
1
1
1
0.89977486
0.86711987
0.54917514
1.1524214
0.88888242
1.3483946
1.5150119
0.6700192
0.78873095
1.474097
0.9905107
0.91054632
0.99581729
1.0543805
1.2975584
1
0.83593349
0.99985209
0.95525503
1
1.0525432
1
1.0378281
1
1.1203999
1.1574146
1
1
1
1
1.7873082
1.2245803
0.34450616
1.9059092
1.2832208
1.7782185
0.75518158
1.2760696
2.0499303
1.1879788
1.0512496
1.4497358
1.1356225
1.2107756
2.2034924
1
1.3097516
1
0.94807987
1
0.85119732
1
0.95456423
0.99810799
1.089988
0.9971973
1
0.9999005
1.0751825
1
1.9776224
1.0237487
0.49112607
1.4860819
0.81408857
1.3063007
1.9906746
1.6235252
0.84904339
0.97312916
0.94951312
1.1410561
0.9942631
1.1901713
1.3847126
1
1.2671644
0.95255183
1.0217002
0.9684701
1.2755185
1.4854619
0.88887566
1.2799921
0.94980705
0.79437779
1.1182858
0.96351609
0.6104648
1
1.2727121
0.99408288
0.82323708
1.7628694
1.5651836
1.6668221
1.5696935
2.0969039
1.4903608
1.3103249
1.6450347
1.3811823
2.1098081
0.61294731
1.2964667
1
1.5557516
1.180478
0.94881858
0.96437922
1.255236
0.99790227
1.0196275
0.89721009
1.1075282
0.77949839
0.98251876
0.99743742
0.99259686
1
1.3165761
0.8190448
1.2700433
1.6522804
1.4277923
2.2459573
1.5330021
1.6707023
2.6201492
1.3104196
1.8579403
1.6827627
1.1323566
0.79965579
1.5261501
1
0.84241729
1
0.86192375
1
1.2721151
1
0.98060293
1
1.4187368
1
0.86140014
1
1
1
1.1643265
1
1.0015304
1.0448598
0.95809618
1.1821374
0.87038855
0.66233486
1.2326538
0.9616104
0.57582999
1.4841045
0.91851385
1
0.58648742
1
0.84528592
2.1570619
0.88630306
1.012281
1.1115861
1.7000721
0.88242097
1.1325296
1.594725
0.87472472
0.92512431
0.98459377
0.39758869
1
1.5189407
1.5385488
0.95190471
2.1350835
1.5099807
2.4194825
2.016492
1.7896174
1.6658098
1.8090544
2.5908614
2.708171
2.1919609
2.7698613
1.3521175
1
1.8248806
0.6999837
1.1566491
1.2980818
1.3370792
0.96105992
2.0824104
1.2318015
4.2666408
1.7271504
0.98823739
0.98769107
2.4270927
1
3.9178679
0.78202256
1
1.7072632
2.6660688
2.1206237
1.9836892
2.299579
4.5030819
1.4070875
2.5443321
2.3943498
1.571692
1.1230002
2.3111358
1
0.97139286
0.82478129
1.2167244
0.97673381
0.9922996
0.96803252
0.99339902
0.97760289
1.2353035
0.98824446
0.99832063
0.99450104
0.74502662
1
1.7286173
1.052968
1.5701348
2.1260822
1.3114224
1.2994244
1.3822753
1.1997015
1.409589
1.4815583
1.4618274
0.98018042
1.8820652
0.99067579
1.0287005
1
0.99169644
1.2970139
0.99948781
0.9670516
0.99687625
1.1571241
0.99755671
1.0239552
1.3942912
1.0556466
0.98959441
0.99186279
0.85198329
1
1.8659184
0.90175148
1.6197714
1.5730618
2.8519106
1.0842622
1.8438654
1.2305644
3.6456562
2.0238512
2.6366226
1.4457724
3.4402994
1.1675004
1.2008119
1
0.62682032
0.59231828
1.6055283
1.162903
0.96573604
1.1619834
1.0081243
0.85451269
2.3074887
0.94187345
1.3283595
0.97407295
1.0887954
1
3.0516009
1.1788017
1.3596721
1.7282932
2.0944743
1.8997497
3.1371718
1.8162596
2.8465994
1.7566532
2.1841587
4.058598
2.6709561
0.94792887
1.2873797
1
0.82452122
0.90239797
0.99586983
1.3688384
0.98490506
1.0955865
0.95075379
1.0143169
1.1984975
0.99569657
0.99485336
0.99823694
0.81269878
1
1.6842485
1.4038946
1.7752145
2.3359694
2.7391849
1.4875788
3.6989545
1.8861021
3.7009763
2.3593961
1.9198694
2.2190008
2.8627405
0.93615064
1.7771682
1
1.0340583
1.317084
0.99420006
1.4253877
0.99345296
0.93112704
0.97486799
0.93892277
0.99119654
0.96125307
0.99950579
0.99957836
1.3025357
1
2.4001937
1.0702221
1.3872752
0.97180934
2.6050693
1.0527217
1.2483918
1.3236058
1.9023948
1.7442304
0.98222766
1.0517969
0.96070562
0.98617914
1.5059646
1
