0.75885152
1
0.88263544
1
0.71045276
1
0.84140181
1
0.98062513
0.69941445
0.93889233
0.99494137
1.0567726
1.2438608
0.74054623
1.1326853
1.1490732
0.96974314
0.90449245
1.1421244
1.0560665
1.0333424
1.1875006
1.0478796
0.9422071
0.91845702
0.93374853
1.1283658
0.99494826
1.0186552
0.88384006
1
1.0325301
1
1.0317473
1
1.0254877
1
1.2038093
0.6874515
1.1593104
0.80409507
1.4121199
1.4470856
0.81374109
0.9711022
0.85967033
1.0619403
0.96607144
1.2371327
0.98918462
0.90786703
0.79418886
0.87561627
0.96579305
1.3288855
1.0624867
1.4247073
0.94578409
0.93893044
0.80705524
1
0.86289296
1
0.93049219
1
0.93391184
1
0.68818826
0.87401422
1.0732191
1.0357418
1.1253806
1.2031756
0.90768396
0.91750605
1.0119806
0.9299664
1.1491758
1.0153779
0.90721574
0.95310273
1.019672
0.89230671
0.63153269
0.75763327
1.1553055
1.0930251
1.0357379
1.0406075
0.88676578
1
0.6658228
0.98834108
0.91694807
0.99839184
1.0480844
0.99994785
0.85275076
0.80156888
0.89687947
0.84384845
1.5418933
1.4051223
1.0805426
0.96993956
1.0325603
1.045879
1.0270724
1.2413027
1.3453045
0.89860095
0.89294717
0.91774134
0.75207459
0.96032804
1.2390237
1.3823854
0.97860002
1.0102554
0.99279805
0.76661986
0.96290241
0.71337821
0.73195145
0.68501512
0.94533527
0.91372092
0.94404381
0.7581151
1.2462105
0.96056199
0.76906173
1.7782878
1.1169765
0.87991321
1.1350493
1.0228339
1.1924953
1.168529
0.88199379
1.1666654
1.1384507
0.9311034
0.76983359
0.77572694
1.2550326
1.234529
1.0344589
1.0264439
1.3874677
0.78845477
1.3407782
1.0239
0.91528105
0.61326969
0.92425736
0.78912733
1.1114724
0.73409395
1.4427504
0.78288303
1.3231786
0.96435314
1.4039028
0.77343021
1.083902
1.0242016
0.92059508
1.1165033
1.2444181
1.0282745
1.3373201
1.0623941
1.2303158
1.0123479
1.2271952
0.99029252
1.0758361
0.9887035
0.97994815
0.94294064
0.69069164
0.97702289
1.845112
1.1555201
1.0045655
0.95404237
1.2791409
0.81670497
1.2194359
1.1225551
1
0.83726105
0.85905567
1.1034354
1.2217094
1.031203
1.0484598
1.19586
1.2997201
0.80224322
2.8010868
1.0152543
1.0408496
0.84270599
0.2911806
1.0386396
0.94259321
1.005971
0.92564496
0.64240048
0.96227098
0.67517663
0.90464205
0.72579292
1.1828367
0.91140915
0.95046703
0.8574049
1.2659245
0.78129283
1.7686973
1.6495355
0.97847248
0.96497365
0.95052772
1.0285713
1.165992
0.82120436
1.4726679
0.98619176
1.0532443
1.0751033
1.0011141
1.0607905
1.017996
1.0145385
0.99526454
1.0532479
0.65673419
0.87357509
0.53572159
0.93882772
0.65855755
0.92786414
0.82648802
0.87453592
0.68631888
0.60288955
1.1083821
0.83632009
1.4143508
1.2625006
1.0232747
1.0976846
1.1057746
0.8361146
0.88689859
0.95010963
1.0500461
1.068938
1.0492075
0.99398447
0.86469222
0.89881732
0.81492916
0.70167827
0.96446462
1.1118523
0.74795541
0.61770811
0.71067292
0.83130924
0.79373933
0.59953367
0.78166293
0.92217812
0.67474331
0.69098852
1.3092065
0.74800346
1.379063
1.3501386
0.8114634
0.765846
0.90340093
0.91496115
0.98598624
1.2567517
0.89129449
0.86832419
0.8904928
0.90335573
0.96605531
0.76176551
1.1687627
0.75676255
0.90174297
0.99474525
0.98514333
0.76188981
1.183902
0.78919673
1.0356237
0.89981522
1.1919003
0.84241574
0.82795028
0.68197316
0.98738656
0.82822966
1.6443564
0.67608526
1.0494432
1.043064
0.89092864
1.0415294
0.81681475
0.90934338
0.87296955
0.87581814
0.94278609
0.90989799
0.87627294
0.8228434
1.3323163
0.73186247
0.99793097
1.0473415
0.9926251
0.93999629
0.72358732
1.1102881
0.95486287
1.1498273
0.9404752
1.1134751
0.93386111
0.77053065
1.0867808
0.84955853
2.6143825
1.1673908
1.7262211
0.97656375
0.94150729
0.97038027
0.98818956
0.96083143
0.89092095
0.93864912
1.1587135
1.0784739
0.89874887
0.70753524
1.2386134
0.80302732
0.89125514
1.0609517
0.95140667
0.56669664
1.0530243
1.0294381
0.89825937
0.70648755
1.1425042
0.66037456
0.86200395
0.56159148
1.1446805
0.61378372
1.3592812
1.0622799
1.1296365
0.83496556
0.90931393
0.92339088
1.2630959
0.92106036
1.1079902
1.0057802
0.9436556
0.97998888
0.74904159
0.65927418
2.4003684
0.78551837
0.9267073
0.94216206
1.1179232
0.44575065
1.1095535
0.75885339
1.3799386
0.7397739
1.2239368
0.75649205
1.0443634
0.85032873
1.1389691
1.0087496
1.2003775
1.566912
1.2937355
0.80629906
1.2884594
1.1225918
0.95231153
0.90306186
1.1791701
0.86677604
2.1700587
0.89274264
1.1035768
1.3364451
1.1381744
1.4065331
1.0176049
0.91353772
0.67213342
0.97238605
0.76790641
1
1.1209412
1
0.9013168
1
1.0783973
1.0465169
0.42301285
1.0245975
1
1.0861795
1.4467553
1.1720314
1.0882466
0.85803666
0.88504267
0.998289
0.96038465
1.0911757
0.89676475
1.0342748
1.6844429
0.97717367
0.51878629
1.1212184
1.0337426
1
0.80075053
0.99829518
0.90275026
1
0.82460544
1
0.92735947
1
1.2513935
0.92243041
0.82621306
1.2382877
1
1.5218449
1.4570295
0.92462309
0.87066816
1.0703699
0.99198014
1.0665694
0.97827142
1.1846949
1.2241818
0.95728544
1.1901805
1.3333231
0.83981917
1.1514291
0.99041786
1
0.73184174
1
0.94689885
0.85312917
1.079164
1
0.93750818
1
0.78590648
1.0459298
1.1720257
0.88421024
1
1.2657768
0.69054365
0.93143635
1.0401705
0.85288599
0.92212392
1.0698141
0.97461315
1.0505008
1.2170314
0.87914136
1.5846699
0.803301
1.3972504
1.0188169
1.0342843
1
0.84956823
1
0.69011452
0.99997901
0.80520084
1
0.89617916
0.99982945
1.3251034
1.1139944
0.98566025
1.3228943
1
1.3777551
1.3660008
1.1346862
1.9898736
0.96064864
1.1271552
0.96769299
1.3999546
1.060958
1.0502218
0.9392726
1.4315003
0.90668969
0.91677699
1.192073
0.94276517
1
1.0350815
0.5749434
1.1140926
0.68005581
1.1823587
0.95726536
0.68175149
0.64181201
0.59281847
0.69503007
2.2447042
1.0118977
1
1.6442897
1.3474683
0.77529578
1.0809399
0.89023963
1.1671121
1.647618
0.95662486
1.2107397
0.59650802
0.81518471
0.83176413
0.77456389
1.3073076
1.0028507
0.93472315
1
1.0637865
0.79144101
1.5062265
0.6985809
1.3447455
0.65960261
0.90481423
0.70470009
1.3334922
0.8190722
1.4015792
0.7328492
1
1.149129
1.2925914
0.67820767
0.88163702
0.98432866
1.0554429
1.0773686
0.91053043
0.77857157
1.0719294
0.86988114
1.5947217
1.1245817
0.80824231
0.75947579
1.0509405
1
0.81339888
0.80270338
0.79610608
1.2351754
0.70051516
1.0920616
1.0439581
1.1829944
0.58564173
0.82294378
0.66068084
1.2177523
1
0.85948717
0.6250815
0.95548697
1.0261777
0.95306161
1.2038701
1.2789129
0.99048907
0.77034233
0.81617138
1.0049554
0.84276033
0.87980136
0.64330499
1.0310992
0.86087562
1
0.74150319
0.73569172
0.4935047
0.9376415
0.56027582
0.66860508
0.84926518
0.98654496
0.70572464
0.84728107
1.3085735
0.99148091
1
1.3932392
0.52246491
0.69386624
0.89467201
0.94664768
0.79758159
0.88415511
0.81342258
1.1438177
0.60577817
0.98396809
0.493175
0.87964217
0.32154655
1.051455
0.91696945
1
0.64180412
0.96592793
0.87458631
1.2567676
0.56761011
0.8822314
0.51075979
0.93353048
0.35985128
0.64077183
0.90363211
0.97289722
1
1.4480382
0.62835667
1.1452244
0.96919689
0.88549557
1.1350075
1.0968106
1.1117624
1.0862366
0.63949664
0.99973571
0.42651363
0.80798658
0.3086436
0.75944168
1.0849443
1
0.99405327
0.66136222
0.84055445
0.80671425
0.61039763
0.83308987
1.3568631
0.79244934
0.75627237
0.67996347
1.6520546
0.84787676
1
1.1612826
0.66435752
0.69054875
0.8594306
0.93765248
1.1177169
1.2838747
0.70555288
0.87277972
0.66099589
0.83336772
0.70305126
0.72842784
0.753271
0.76062753
0.87193218
1
0.52639837
0.73812394
1.3354876
0.89249709
0.7800935
0.71473256
0.89251578
0.85509125
0.56525127
0.71447848
1.0404221
0.96649084
1
0.75318416
0.87975204
0.82812036
0.96812458
1.0101377
0.79201248
1.386146
0.70903462
0.90079702
0.59986079
0.90363032
0.67034192
0.74751195
0.36573102
0.75137685
0.9187838
1
0.85495489
0.87210691
0.81929052
0.94774672
0.92656204
1.1287569
1.1400926
0.96898459
0.7326188
0.82117265
1.2844274
0.89135534
1
1.1415292
0.86715634
0.83857552
0.8987887
0.95172162
0.97110959
1.1005705
0.84323536
1.0375409
0.60644675
0.90882924
0.44282764
0.71890164
0.58892095
0.73228891
1.0019072
1
1.1607587
0.58847134
1.33555
0.71661849
0.99590799
0.73319491
1.2497458
0.64765628
0.78667509
0.62246758
1.4362336
0.72061918
1
0.9791915
1.9849849
0.74160949
1.1210752
0.90493795
1.1241221
1.3153857
1.0496931
1.1593641
1.2459315
0.93419949
0.91482952
0.70141548
1.1004636
0.70007398
0.93889857
1
0.89628592
0.54585437
1.2926662
1.024821
0.7494206
0.77753891
0.75659162
0.82915935
1.2696946
0.81131582
1.1431971
1.131849
1
1.5622355
0.48872283
0.72166856
1.1469243
1.0215362
0.84475289
1.1873446
0.99704071
1.0422981
0.97692133
1.1428954
0.81348617
1.0304502
1.2628446
1.6148476
1.1114993
1
0.93956902
0.99991973
1.5380713
1.2103858
1.0409215
1
0.80795764
1
0.8348894
1.0551448
0.9165797
1.0442976
1
1.2264782
0.93273067
1.109859
1.1033149
0.90899843
1.3043907
0.88432598
0.98760627
0.7937709
0.96900127
0.96265672
0.96693431
0.89466733
0.92805997
1.3623713
1.0786706
1
1.0448406
1
0.99934955
1
0.98500409
1
0.95980031
0.99687936
0.99536269
1.1447647
1.094909
1.0004467
1
1.4896349
0.88336263
1.1490212
1.2460208
0.80142135
1
0.97891241
0.99878554
0.97799836
0.96620413
0.93376522
0.99149573
1.0823761
0.99842344
1.201461
1.1014834
1
1.1033151
1
0.97572665
1
0.98185606
1
1.1262403
0.97374058
1.0653849
0.90186931
0.87662071
0.83146487
1
1.2342328
1.0008485
1.0364588
0.96377145
0.84977974
0.97649067
1.0441641
0.99152909
0.91223187
0.92344783
0.95967505
0.84679536
0.79464381
0.97940898
1.0136089
1.0343678
1
0.8091235
1
0.99698629
1
1.1802972
1
0.82549816
1
0.88399375
1.4762155
1.1532241
1.0652153
1
1.3946952
0.92689778
1.1379948
1.1164675
0.95588868
0.99034743
0.87182576
1.0647312
0.81605728
0.95807291
0.98372813
0.92067628
0.90348748
0.86658461
1.2642062
0.98068875
1
0.75308277
0.76571703
0.88411945
0.8015998
1.0369739
0.94977589
0.8170584
1.0734944
0.98652331
0.66997492
1.1162273
0.7984541
1
1.4305962
1.0643571
0.69080995
1.0554048
0.79902693
1.2032278
1.2668477
1.0069872
1.0885503
0.58742674
0.79211948
1.1051715
0.75892759
0.98211576
0.94215836
1.0002486
1
1.097555
0.85956133
1.0064209
0.90190211
0.98170888
0.86225923
0.89744268
0.81316189
0.97274374
0.81839726
1.1807061
0.90670257
1
1.0868162
0.88572268
0.65655572
0.87203085
0.87235812
0.92788922
0.96777745
0.81923599
1.010984
1.0937267
0.76944568
0.96740696
0.89825123
0.99782046
0.99963097
0.98335829
1
0.7930727
0.60273554
0.8463561
1.3644104
1.0454162
0.6141975
0.83021795
0.94532624
1.0562014
0.90139326
0.95675529
1.1507369
1
0.77174329
1.3177807
0.76717603
0.9471132
1.0535198
1.5129202
1.4414492
1.0864539
0.70421328
1.3347755
0.91869248
1.1099446
1.2412619
0.9939287
1.2579982
0.86928909
1
0.48729114
0.64974996
1.1643775
0.82865233
0.86139075
0.8231896
1.1315956
0.89894229
1.0816916
0.8684933
0.932116
0.98110806
1
1.383203
0.76705457
0.72620145
0.90822942
0.93556776
0.90761409
0.84375828
0.80442049
1.1956902
0.61529044
0.96427206
0.63842537
0.90384661
0.686759
1.1054955
0.89398742
1
0.70335283
0.98015057
1.0907428
0.82544385
1.072292
1.2304027
0.84202585
1.1820205
0.95925574
0.69702357
0.90152845
0.96038731
1
1.2490581
0.65910668
1.1185056
0.98610735
0.84558934
1.0736742
1.1314053
0.8255522
1.2201463
0.8022237
1.0765933
0.50030317
0.79026213
0.61176022
0.82483603
0.8977053
1
1.1219494
0.68854218
0.97592928
0.73985133
1.117728
0.95781772
1.439925
0.8345985
1.0018016
1.0002015
1.1108984
1.1326852
1
1.0506617
0.87911577
0.66212642
0.8071042
0.89187405
0.90451469
1.1402705
0.58394423
0.98478777
0.58358818
0.8062092
1.050226
0.8007463
0.91078643
0.64008879
0.83379583
1
0.62483339
0.63035928
0.94053784
1.1856166
0.86716612
0.87840793
0.89894352
1.0865296
0.81773658
0.74739917
0.72364744
0.98045422
1
0.81470686
0.69082777
0.79198944
0.95235909
1.0344972
1.1930405
1.1696925
0.65201099
1.0802494
0.73848606
0.91410112
0.62946101
0.56484446
0.69935817
0.63091796
0.81848032
1
0.8508237
0.74360549
0.91394129
0.85288599
1.1487807
1.1664558
1.0342762
1.0485698
1.181927
0.83263921
1.0750988
0.83019428
1
1.1212115
0.61863474
0.86934233
0.95316333
1.0584421
1.6576717
1.0548814
0.56974461
1.1710583
0.72805048
0.89534785
0.58937919
0.88178896
0.71709558
0.84094539
0.95857137
1
0.66175614
0.42627313
0.97109612
0.71029359
0.94510467
1.2160325
0.8830634
1.2026389
1.0851339
0.62658154
1.106843
0.8588221
1
0.91276989
0.9857996
0.84146462
1.0502398
0.96855536
1.0096407
1.3327099
0.6817356
1.2094812
0.80502245
0.89449933
0.88484915
0.72287653
0.79760461
0.95886151
0.89920413
1
0.66927613
0.67123486
0.97061001
1.2208508
0.95178362
0.86974082
1.4460521
0.69199631
1.1654323
0.81067865
0.95142059
0.80517933
1
0.85656071
0.92630975
0.63407655
1.2946293
0.99984755
0.46189453
1.1301891
0.88307809
0.95052749
1.3150101
0.98057261
0.79866834
0.89871848
0.97731357
1.4070867
1.0007352
1
0.79529309
1
0.90098169
1
0.80943019
1
0.79296057
0.99996895
0.87290502
1.1202145
0.6995467
0.40441328
1.212154
1
0.71286743
0.70844812
1.0932585
0.8666829
1.4474317
1.058748
0.94236364
0.90257538
1.0221879
1.0893578
1.0025696
0.82085017
0.95077335
0.25794111
0.96814959
1
0.87580275
1
0.99358974
1
0.86380233
1
0.82895153
1
1.0075533
0.83100529
1.123049
0.95263938
1.1352202
1
0.729638
1.0594692
0.78542644
1.0861938
0.80542717
1.6299742
0.97373419
1.0942786
0.84336123
0.86666467
1.5840462
1.0381782
0.98655078
0.76921898
1.0072602
1
0.77077801
1
0.744581
1
1.0380139
1
0.74001083
1
0.78309014
1.1675374
0.86962612
1.0028722
0.92055296
1
0.90664935
0.6917059
0.78682933
0.87403435
0.9309873
0.81430259
1.2914332
0.78257356
1.0707457
0.85744695
0.90697201
0.80161724
1.2376491
0.43002396
0.99549712
1
0.81630235
1
0.79419129
1
1.0427121
0.99983318
0.80038585
0.99996201
0.59720499
0.92941221
0.84497732
1.0577735
0.56775645
1
0.90481784
1.4628933
0.8359587
0.95926259
0.67563945
1.2441566
0.81336745
0.69728023
1.1633752
0.99941499
0.82896138
0.51236576
0.92389938
0.63142682
0.95612611
1
0.92326292
0.87665959
0.58951367
0.95197733
0.78319231
1.4735363
1.0688627
0.87460132
0.82018493
0.91640984
1.1163317
0.51303364
0.89562385
1
1.0577802
0.93209551
1.0211543
1.0594595
1.1396651
0.88566735
1.0197963
0.87818074
0.96257118
0.9847914
1.1520389
0.72830085
1.1243994
0.51119271
1.0380368
1
1.1739947
0.71859437
0.82101878
1.0098375
1.3557529
1.1390327
1.2155996
0.99363677
0.90803809
0.66810833
1.0437181
0.73450253
1.2645796
1
1.1943511
0.75281695
1.0131831
1.0922925
1.2904861
0.87992462
0.9751578
0.92873476
1.200375
1.5909954
1.372334
0.84626504
0.9549052
0.72531575
0.97137352
1
0.75495151
0.52587988
1.1911363
0.86990022
1.2473351
0.65112278
1.2027166
0.48870361
1.016702
0.9343065
1.007574
1.1131398
1
1
1.0687193
1.3230203
0.97446629
1.2053975
1.4222689
1.6989004
1.2178341
1.2716588
0.95910113
1.6565395
0.91201332
1.9507695
0.70025066
1.5679571
0.97810428
1
0.85567206
0.623976
0.94240972
0.66344152
1.1572533
1.010659
1.0185196
0.72603211
0.81191559
0.49519286
0.9639272
0.5253943
1.0991788
1
0.72734527
0.86967057
0.70568225
0.9925731
3.9632161
0.91158902
1.1955113
0.96828719
0.9512273
1.5657629
1.2990485
0.75463258
1.0306686
0.4267559
1.06786
1
0.59805746
0.58906471
0.64857575
1.1098864
0.57227931
1.2627873
0.74027747
0.92425832
0.73254093
0.68300889
1.2547617
0.51030853
1.0823201
1
0.88782468
0.89625608
0.78155417
0.92218625
1.0512706
0.60674542
0.96029967
0.88418694
1.1033833
1.1876618
0.68256671
0.42908155
0.80885674
0.49123347
0.93852408
1
0.64974231
0.68095725
0.890127
0.90238001
0.97421611
0.85836379
0.8797528
0.79669058
0.78972674
0.99229889
1.4212366
0.91749373
1.3798141
1
0.82818821
1.0265503
0.90440364
1.0057845
1.9036005
1.2360178
1.6486416
0.88216861
0.85448787
1.2015738
1.9809148
0.68741774
1.2402999
1.1145127
0.9684361
1
0.91056747
0.53193048
1.0734002
0.81157326
0.9180592
0.74322764
0.87191774
0.80381111
1.055694
0.82025089
1.3046
0.64281952
1.5741256
1
0.98349834
1.1010353
1.0832164
1.0398703
1.2771317
0.75135845
1.064791
0.93845586
1.0194131
1.0982371
0.94021331
0.7980953
1.5842758
0.56299933
1.0464985
1
1.065904
0.52201802
0.93568707
0.75324353
1.0388733
0.68081714
0.74198458
0.5312517
1.0374274
0.82284913
1.0871645
0.36123468
1.596917
1
1.0078317
1.1622621
0.67065858
1.0184951
1.8381123
1.1202859
1.0192894
0.87753368
0.99659553
1.5083531
1.0147326
0.71542006
1.1373582
0.46562553
1.2669654
1
1.0247219
0.71767358
1.3377149
1.0190496
1.2432816
0.76563483
0.77992317
1.1288624
1.1323206
1.0266192
1.4044231
0.57513754
0.98181809
1
1.2152627
0.78612483
1.0129797
1.0644318
1.398123
0.80329346
1.1080371
1.001599
1.0336604
1.0337375
0.93999881
0.88034171
2.096652
0.69295572
1.0086026
1
0.95455881
0.30410019
0.49817826
0.48917112
1.2238966
0.54264523
1.3294547
0.81117236
1.0291768
0.4064515
1.1773701
0.86198016
1.0788577
1
1.2889622
0.83192223
1.0013812
1.0847254
0.99611628
1.13908
1.2218984
0.81097092
1.0849509
1.7683435
1.0470373
0.62900679
0.78721843
1.4092119
0.88736815
1
0.84292842
0.99611186
0.5480432
1
1.1950489
1
0.80307662
1
0.96539687
0.51191784
0.45838075
0.90833287
1
1
1.157843
1.0709215
0.79925502
0.91882968
1.0714631
0.87119529
1.0587898
1.0138442
0.79818035
0.99977386
1.0682542
0.88088808
0.70463448
0.59590513
0.90224168
1
0.57716977
1
1.0966418
1
1.1988812
1
0.89872159
1
0.73600958
1.5317006
0.91989386
1.4086807
1
1
0.74567396
1.0884195
0.82676218
0.79084773
0.85678244
1.0001103
1.1553882
1.0637237
0.48615334
1.1377868
1.0874949
1.3501403
1.1500204
0.86993378
0.9255782
1
0.99664786
1
0.98704412
1
0.91518048
1
0.7196544
1
0.9285907
0.7934946
0.95686162
0.75921571
1
1
0.75633144
0.82267358
1.0462942
0.79605478
0.98926862
1.0015208
0.92159565
1.1270321
0.87830898
1.0587469
0.97391848
0.68641193
1.1610412
0.8502286
0.93080769
1
0.80335772
1
1.0346665
1
0.84283151
1
0.94121808
1
0.66889916
0.7713031
1.0037189
0.82522396
1
1
0.91949883
0.82132844
1.174969
0.90367054
1.2464519
0.97287678
0.8767113
0.95279324
0.74484462
0.99851136
1.1422368
0.82434175
1.0838843
0.73211569
0.90893014
1
0.78431482
1.218313
0.50912228
0.906682
0.8229074
1.4126407
0.52395112
2.27624
0.52336258
0.56924398
0.81285153
0.96618146
1
1
0.95487641
0.66984106
1.0102921
1.1223625
0.83505997
0.99593966
0.81589184
1.1443346
0.71831746
0.89441231
0.63045473
0.67469454
0.98893069
0.42318585
0.97079886
1
1.0445025
1.1697383
0.63611924
1.1091182
1.010914
1.3883138
0.75533396
1.3612669
0.43738649
0.84968476
1.0661498
1.0043718
1
1
1.1891634
0.6723118
1.0424926
1.3989363
0.78067728
1.0798407
1.1618173
1.0136515
1.3071374
0.95826935
1.2511898
0.95790733
1.1798721
1.0118624
1.0347445
1
0.91353065
0.52151508
0.98115528
1.0152585
1.079588
0.65788589
1.0111752
0.66451086
0.48428505
1.0669827
0.55985472
0.69587489
1
1
0.54143275
0.67836456
1.0579656
1.0482788
1.0674603
1.1897184
1.0029272
0.84291352
0.87889502
0.96090676
0.74060793
1.7475024
0.67369561
0.5988655
1.0295362
1
0.70054181
0.87656216
1.0463338
1.4971278
0.80880072
1.0853259
0.91979647
1.2973425
0.59937419
0.79809841
0.60494934
1.2512063
1
1
0.66701742
0.98047182
0.94804524
0.98462279
1.0123825
0.98307728
1.0393154
1.0727397
0.78758932
1.2741056
0.8628407
1.0114512
0.67873817
0.69561716
0.92667827
1
0.69110806
0.78418459
0.51329029
0.72391758
0.75725763
0.56250631
0.9734482
0.84292829
0.64794699
0.49927082
0.63987638
0.61039053
1
1
0.93911018
1.0329628
1.0137665
1.0300664
1.1337075
0.89294105
1.079013
1.0129963
1.0458723
0.91593782
0.74325294
1.0964955
0.7350638
0.5400031
0.97337626
1
0.60763031
0.41521654
0.68486858
0.87996908
0.73674764
0.63948529
0.74257547
0.67955698
0.91165353
0.72457581
0.90371618
0.85429803
1
1
0.8653015
0.89528197
0.98949187
0.97980804
0.85120147
1.0109173
1.8139526
0.86664303
0.93012187
0.89423991
0.96858056
1.2686452
1.8919109
1.4289822
0.93397684
1
0.58909304
0.59306514
0.70312898
0.56732747
0.75008266
0.92960469
0.96056403
0.91894819
0.79457937
0.7315153
1.1058342
0.81300739
1
1
1.2313959
0.94997247
0.9393501
1.1287495
1.2550689
1.215586
1.3074867
0.95541072
1.0292832
1.0456652
0.8939157
0.9656815
1.0328604
0.80617205
0.96490163
1
1.0780537
0.36031062
0.77311
0.7653355
1.0199819
0.87081564
1.5079201
0.81147912
0.73084581
0.64574517
0.69894803
0.79654846
1
1
1.0935064
0.9297113
0.96058852
1.0311118
1.2406013
1.1019472
1.2118562
0.89642092
1.0149544
1.2847939
1.1563085
0.65238045
1.1844405
0.95124244
1.0428574
1
0.83646783
0.54805178
1.6536096
0.73145442
0.80158023
0.61227605
1.2735337
0.82850055
0.8741244
0.78266006
1.2529198
0.58471016
1
1
1.0901439
0.80919469
1.1129518
1.2457266
1.646396
1.3106127
1.2238442
1.2553733
1.1523636
1.3435442
1.1506277
1.0225433
0.99674307
0.92997631
1.0869639
1
0.86804353
0.32808057
1.0033543
0.58114793
0.70951426
0.67253261
0.67559752
0.77399488
0.9777586
0.54509095
0.942949
0.78961919
1
1
1.0103694
0.78511315
1.3154896
1.1097086
0.78328767
1.1417854
0.982063
1.062056
0.85839423
0.88389114
0.86423239
0.50453313
0.95391466
0.57218665
1.0540061
1
0.70267351
0.80028289
0.99283524
1
0.91441434
1
1.0160006
0.99343443
1.1527626
1.0587279
1.0767769
0.98537584
1
1
1.225841
1.3753797
0.71178184
0.95491926
0.90391633
1.0397066
1.182388
1.0304368
0.8976521
1.1136518
1.2222171
1.0104169
0.96745815
1.1576067
0.9249729
1
0.97791463
1
0.9626199
1
0.93923733
1
0.9946051
1
0.99604007
0.92649648
0.99931111
0.99502715
1
1
1.2643204
1.4516933
1.0510463
0.89815439
0.9504435
0.91220811
0.99896024
1.438987
1.4091727
1.287936
0.92502403
1.1622629
0.99998627
1.1108218
0.99232235
1
0.97797371
1
1.0405868
1
0.98718394
1
0.98934696
1
0.97327681
1.0367481
0.99965885
0.99491586
1
1
0.9985907
1.0917127
0.84643099
0.83426767
0.87797569
0.94064407
0.99209752
0.71681369
0.81219106
0.94146264
1.1075617
1.2123709
0.99254526
1.0247994
0.94966046
1
0.68894391
1
0.93845703
1
1.1479871
1
0.99290383
1
0.99554416
0.61604044
0.99076902
0.99584153
1
1
1.1375801
1.1195085
0.95277641
0.87555519
1.0288461
0.95235164
0.92599741
1.2029089
0.7546882
1.1096452
0.97688359
0.92103583
0.98138588
0.89337776
0.96728483
1
0.95399199
0.67947224
1.0831974
1.16438
0.85120034
0.87852305
0.90636808
0.97448457
0.92436861
0.93662473
0.97701098
1.0298394
1
1
0.99685733
0.8552113
1.1067034
1.0115197
1.3670298
0.94561558
0.89159592
1.2070069
1.0999658
1.0663207
0.88510689
0.76482637
0.78367724
0.56957815
1.0276841
1
0.9305772
1.3399218
1.0230051
1.142848
0.88495623
0.87494203
0.96590439
1.213416
0.97529145
0.86657263
1.1825773
0.93433417
1
1
1.6664319
0.71933028
1.3326554
1.1171733
1.5160589
1.0424512
1.1573604
1.210514
1.1877635
0.92146737
0.77069084
1.0354402
0.89272707
2.0093265
1.0247715
1
0.84451389
0.45172338
0.83420698
0.98999855
0.95554002
0.96279629
1.0531346
0.8685899
0.86203417
0.58926126
1.0255951
0.88718659
1
1
1.0526619
1.0532401
1.6371435
1.0819113
1.7773733
1.3750293
2.0654755
0.95854029
1.7500182
0.86420527
0.78292496
1.1860697
1.1208867
0.98056872
1.337378
1
0.66880443
0.73035526
0.95369985
1.5490021
1.0963578
0.71678933
0.85114241
0.9972772
0.85323438
0.5780498
0.93636373
0.87166363
1
1
0.52897442
1.101597
0.93352026
0.93239597
0.73356927
0.98130854
0.86868307
1.3481367
0.71606957
1.0375911
0.79702699
0.95935281
0.53811694
1.0875238
0.92025013
1
0.82452176
0.79243909
1.2243282
1.0021202
0.96928344
1.0283881
1.2968491
0.73120423
0.86437847
0.79910488
0.897413
1.6021874
1
1
0.87226491
1.2015437
0.90570162
0.85759828
0.89344492
0.90243513
1.0017826
1.0085641
1.1819853
0.98291213
0.92262686
0.72752954
0.77631268
0.67319364
1.0339508
1
0.6826331
0.44202644
0.94679574
0.92163895
1.1002291
1.0131269
0.96441458
0.76297473
1.0621476
0.81955796
1.083664
0.93338754
1
1
0.83320008
0.88463512
0.85281743
0.87612599
1.0816572
0.79085274
0.79034382
1.0068184
0.77024256
0.95043072
1.0947141
0.99492334
0.97481866
0.78408738
0.9042654
1
1.0261477
0.65309738
1.0802164
1.0619403
0.87704344
0.9161298
0.84487225
1.0629595
0.94113469
0.57669157
0.9392087
0.59365381
1
1
0.98177097
0.96887493
0.98924148
1.1025794
1.1784266
1.1770901
1.0357624
1.0184101
0.73817112
1.1208925
0.4802783
0.8444964
0.94625342
1.3958179
1.0316389
1
0.93862532
0.65340645
0.89300307
0.92367692
0.8536983
0.93834456
0.92477713
0.66662732
0.79059955
0.55196312
0.91802617
0.87248032
1
1
0.81820271
1.0278125
0.85489156
0.89884643
0.91323598
1.2200523
1.0980098
0.96433791
0.86619622
1.1652206
0.76167063
0.89459479
0.63041351
1.1020688
1.1057781
1
0.97259067
0.75529163
0.96443134
1.0580003
0.90393344
0.86396249
0.8787499
0.99546733
0.94254488
0.79152808
0.97975087
1.0604591
1
1
1.4786274
1.0672827
1.4591786
1.134398
1.0274811
1.4573531
1.2856222
1.3736549
1.2864205
1.1989369
1.0406137
1.1205393
0.76827816
1.7105868
1.0921423
1
1.1707261
0.57457109
1.0203516
0.83896627
0.96035734
1.287726
1.0363289
0.94521322
1.0378862
0.69022911
0.99658842
1.1608674
1
1
0.56825354
0.86937395
1.2177157
1.0993728
0.90533768
1.2450603
1.2605233
1.238825
0.98405488
0.907539
0.84409998
0.89748992
0.94086486
0.81521757
1.0278109
1
0.77523487
0.9980116
1.0149435
1
0.9195082
1
0.79559932
1
0.82896971
0.99439253
0.77705572
1.5661098
0.85478061
1
0.8316305
1.1875022
1.225898
0.91748215
0.98501846
1.1183214
1.1136134
1.0728316
0.95992725
0.85501663
0.80737366
0.7209939
0.91878046
0.83227644
0.90132805
1
1.0470956
1
0.71981569
1
1.0403743
1
0.88651853
1
0.97715822
1
1.0398721
1
0.88387701
1
0.93342974
1.0872595
1.0322352
0.61461973
0.9746473
0.8422542
0.99430582
1.1113802
1.4863906
1.0711732
0.94475365
0.92108889
0.92365839
1.1398212
0.99752001
1
0.86282959
1
0.76958126
1
1.3317989
1
0.77318193
1
1.0038989
0.98390741
1.1623716
0.87195287
0.79605531
1
1.2985465
0.84081033
0.98397658
1.4892741
0.99993118
0.85936725
1.1719328
0.82594809
0.91641269
1.0296376
1.1088955
0.95718305
1.2678179
0.76575907
0.99879876
1
1.0582323
1
0.9251452
1
1.0667
1
1.0555928
1
1.1980807
1.1847656
1.1274968
0.98963068
0.75521281
1
1.2330675
0.75760973
1.2494149
0.9356228
1.0754384
0.65156558
1.1685454
1.0364075
0.62241891
1.0974315
0.83698417
0.87414696
0.70170256
0.96754656
0.94321455
1
1.145093
1.3177456
1.0780661
0.97254228
0.63259506
0.9560976
0.94470754
1.2879459
0.79215124
0.81201823
1.2634797
0.86208267
1.0588575
1
0.98774393
0.93581698
0.96788136
1.0257223
1.0134845
0.90273631
0.94584227
0.8581509
0.97885417
1.1979408
1.1190688
0.78226738
0.94189086
0.86060889
1.0149482
1
1.1779107
1.1681475
0.75458171
0.99185166
1.0929131
1.0887782
1.1204655
0.97645579
1.0931704
1.0532733
0.93445296
0.98250504
1.0918797
1
0.94653172
0.85665927
1.1370878
1.0171525
1.1773602
0.89461473
1.2547939
0.67646249
1.1383247
0.95825568
1.3851912
0.76958671
1.1028557
1.1098739
0.95270015
1
0.90907852
0.29254117
0.93684174
0.44348828
1.4788352
0.31216807
1.0852486
0.47791786
1.1582466
0.67707344
1.1021192
0.81795851
1
1
1.0569916
0.66424152
1.1314885
0.87704407
0.89280278
1.0723735
0.63204929
1.2242309
1.3040611
1.8867408
1.5718357
1.4542391
2.1916729
0.94672111
1.0409344
1
1.0238686
0.25060402
1.2802985
0.77673026
1.2364166
0.60160767
1.4585374
0.71448517
0.93609029
0.66320499
1.0522272
0.96990115
0.7181347
1
1.1676189
1.0894862
1.1252949
0.95505258
1.5003376
1.1468601
1.0301748
1.0712752
0.86645006
1.2445164
1.4675704
0.74396233
1.0676128
1.334347
1.2697242
1
0.85543595
1.1212225
0.63772809
0.830425
1.0101539
0.90796014
0.74105099
1.2334763
0.82783771
0.98188913
1.2661609
0.9413764
0.92711323
1
0.90889562
0.90616724
0.87746414
0.8671614
0.95167076
0.65478603
1.1032522
0.95862044
1.1285087
0.88553362
0.79231854
0.63060516
0.71007328
0.86378656
0.72338893
1
0.58726869
0.8376205
1.1275104
0.94458744
0.93962575
0.91735558
0.64812425
1.1335017
1.3724016
0.89865764
0.77275431
0.94295976
1.395756
1
0.89709976
0.8056048
1.1588639
0.88892886
1.2734729
1.0487736
1.7078992
0.81220029
0.76191407
1.243992
1.5764022
0.7897102
1.5534123
0.97505481
1.0817477
1
0.78107104
0.81567457
0.68675896
0.92558019
0.69136063
0.89880963
0.7660427
0.90892801
0.82169658
0.82876236
1.5631402
0.8727836
1.4006614
1
0.93970347
1.0398898
1.0986623
1.0631472
1.1572211
0.7957248
1.1990164
0.65271427
0.89068325
0.99399324
0.91598959
0.59159399
1.493507
0.86887324
1.1174723
1
1.146708
0.44195976
0.82397161
0.80412841
0.96413116
0.8173882
0.87837868
0.87199778
1.0359295
1.0462114
1.0771327
0.93125671
1.0013021
1
1.5775548
1.4880837
0.77112286
1.1572471
1.5126656
0.72511421
1.1993274
0.921908
0.93470946
1.4210095
0.85914179
0.64196239
0.91909747
0.74582973
1.4054799
1
0.90547818
0.88381158
0.83808024
1.2092574
1.1792478
0.93887671
1.4566604
0.81690294
0.84545032
1.0349303
0.99673149
0.96222111
0.98812558
1
1.162069
0.79106787
1.0445982
1.0990049
1.1039883
0.96834998
1.1640435
0.9518677
1.1346043
1.5002988
0.92946481
0.95988456
0.76889782
0.89404246
1.1526046
1
0.93459159
0.29064321
0.9135152
0.9242327
1.0247761
0.4700424
0.86127431
1.1181776
0.78821518
0.79056288
1.0988936
0.95921706
1.1204875
1
1.2303316
0.81205694
0.75362942
0.59789034
0.8668647
1.3213406
0.88274556
0.78449177
0.91908718
0.74997703
1.3855395
0.81951566
1.3449049
1.0668765
0.8460906
1
1.0397036
1
0.85676242
1
1.1427429
1
0.88782894
1
0.83092778
0.8997306
0.76067268
0.99958305
1
1
0.59981158
0.66507956
0.95943368
0.91042913
1.0878631
1.0483766
0.89484203
1.2849562
0.69364811
0.77851442
0.83887503
0.71475065
1.0371194
0.78554513
0.84804789
1
0.95267173
0.99956574
1.1543686
1
0.97916643
1
0.94300097
1
1.0579105
1
1.0432907
0.99994578
1
1
0.91091802
0.92285108
1.0719233
0.81283639
0.99666985
1.2216431
0.99918826
1.2231867
0.93949717
0.95185061
0.81111477
1.0944363
0.99807976
0.98976748
0.90486008
1
0.90073597
1
0.96702716
1
1.1632635
1
0.93934982
1
1.1560763
1
0.93232114
0.99973324
1
1
0.99070257
0.82199951
0.75378869
1.0102669
0.98896754
0.92332173
0.97763131
1.2532444
0.87118633
0.77288518
0.81945183
0.88178869
1.0655755
0.74895763
0.94838259
1
1.1690324
0.99997185
0.98784281
1
1.0058225
1
0.95526086
1
0.8355773
0.98983506
1.2644939
0.99999952
1
1
0.93202103
1.0650497
0.68254685
1.2119337
1.1871056
1.1370812
1.023469
0.83023993
0.86951082
0.98799489
0.94499065
1.2015668
1.2176799
1.0436806
0.83368627
1
0.67283222
1.1118794
0.5698503
0.98902569
1.0269964
0.97421538
0.80726566
0.97347414
0.99293987
0.98385851
1.1704164
0.99461977
1
1
0.85563648
0.57976171
1.1574008
0.96816618
0.98057776
0.84475367
1.0108473
1.0708778
0.94101266
1.1362094
1.1496458
0.54583729
0.8488056
0.87918933
0.96363486
1
0.90761781
0.92251134
1.028605
0.99041303
0.81823631
1.0826703
0.91139526
0.89633645
1.0886904
1.0135673
0.90484387
1.1058416
1
1
1.0890539
1.0950134
1.2382009
1.3000268
0.84805272
0.96964772
1.1254111
0.95810059
0.91047654
1.0322867
0.92134542
1.4845276
0.83841926
1.2705312
1.0397006
1
0.78290229
0.64714207
1.0424093
1.2532943
0.92450331
1.1006174
1.0456868
1.009101
0.53749243
1.4704722
1.0260483
0.99174602
1
1
0.72602549
1.3321352
0.93951407
0.92015958
1.2599022
1.3917522
0.8576875
1.3769347
1.5918494
1.248677
0.83192941
7.2164992
1.125753
1.5369014
0.99253672
1
1.0832473
0.5417889
1.1615371
0.91144786
0.66093088
0.64694457
1.4808141
0.98000527
0.61511779
0.85257092
0.93996806
0.97573817
1
1
0.74897862
1.2625112
1.156007
0.99042826
1.1441637
1.1102957
0.97823972
0.87791787
0.81157347
1.9444728
0.8121506
0.95831564
0.75381253
0.77297432
0.95552941
1
0.72706645
0.91202761
0.8142579
0.93020766
0.94993643
1.2579921
0.68916424
0.91525962
0.6877648
0.87110532
1.0391155
0.86933607
1
1
0.89733562
0.96395292
0.97830938
0.89222077
0.73359363
1.1183724
1.0064988
1.0599208
1.1402198
1.087398
0.75953712
0.60509982
0.74881519
0.75686804
0.8980102
1
0.92777474
0.84202936
0.93102282
0.95799576
0.91711034
0.85672347
0.83317089
1.1220128
0.62570844
0.97224322
1.2313038
1.1733584
1
1
0.88906191
0.6876297
1.1967268
1.0097259
1.2792768
1.0840261
2.7304759
1.0338166
1.3307917
1.059303
0.721125
0.86738579
1.1864873
1.150604
1.0192958
1
0.77526299
0.89615624
1.0913317
0.91796348
0.96414485
1.172002
0.99549746
0.89350773
1.2357781
0.92880628
0.96103208
0.98070698
1
1
0.89199282
0.91684397
0.91423112
1.0911358
1.6901472
0.94488824
1.5201612
1.0340514
0.82225778
1.1824346
1.7622001
0.90968039
1.1685987
0.68181814
0.97876465
1
0.83382969
0.54510725
1.1208222
0.88251746
0.970788
0.74707568
0.95061666
0.89501006
0.9221179
0.994185
1.0493601
0.95250154
1
1
0.85592663
1.1489158
0.78911277
1.1131053
1.4124768
0.94857938
1.1635622
0.88585284
0.88688628
1.3022596
1.2763697
0.80368467
0.74865434
1.0773106
1.0483626
1
0.74056903
0.91766211
1.0485637
0.97688868
0.70995253
1.2726718
1.7043863
0.94344592
0.80257387
0.98724631
0.93822697
0.99498468
1
1
0.96805603
0.66683337
1.1557986
1.0686256
1.2556902
1.8030743
1.3121946
1.3991124
1.027761
1.1555527
1.4055237
0.94323532
1.466255
0.84727085
1.1712233
1
0.67188762
0.44514448
0.97911007
0.84898119
1.3029164
0.77974859
1.1902204
0.95903986
1.0081076
1.0479861
1.3162083
0.99645086
1
1
1.0191986
0.78304011
0.97485741
1.0090498
1.2231047
1.3619217
1.0899032
1.1750171
1.2186231
0.76478921
1.2099634
0.95401314
1.006156
0.98402248
1.023335
1
0.85401867
1
0.99618619
1
0.91390534
1
0.991106
1
0.9972747
0.97713983
0.99719167
1.1877093
1
1
0.95690726
1.1717225
0.7821614
0.79191767
0.8564453
0.87443839
0.95177093
0.95882933
0.80825555
0.95148429
1.0448494
1.500699
0.99933457
1.3201616
0.91697719
1
1.0723591
1
0.99999109
1
0.98861174
1
0.99883582
1
1
0.99676
0.99909886
1
1
1
0.94807716
0.76974964
1.1536442
0.69181995
1
0.9176785
0.99969154
0.55666871
0.95453287
0.83654693
0.98330311
0.86686656
0.99814427
0.92950238
0.75453247
1
0.92573955
1
0.99684519
1
0.99434708
1
0.98990917
1
0.97817905
0.99762296
0.98968804
1
1
1
0.91649903
0.89637492
1.0443899
1.0183533
0.96351687
1.0785174
0.97804525
1.0751224
0.91788149
0.68437403
0.950436
1.177758
0.98779808
0.73251486
0.7723194
1
0.84942245
1
0.96750976
1
0.98842087
1
0.99658863
1
0.99997676
0.97911294
1
0.99942329
1
1
0.93742351
0.82491595
0.8441364
1.2913023
0.97041136
0.97039618
1.1076685
0.97475412
0.92940354
1.0885551
0.98893664
1.065706
0.99998996
1.0152682
0.91855414
1
0.90826424
0.87005556
0.92696018
0.96065437
0.84569637
0.95501074
0.96793932
0.97394379
0.98718412
0.94223567
1
0.98574921
1
1
1.2063018
0.50262284
0.9698614
1.2281319
0.9184257
0.84338487
0.77689814
0.84457571
1.8125182
0.70425996
0.95653151
0.79745667
0.94038559
0.96623966
0.95114554
1
1.0217094
1.2805822
1.1727437
0.99509147
1.0865584
1.0695996
1.1371766
0.96566914
0.98463567
0.93419049
0.99882739
0.99747822
1
1
0.63088154
0.41181418
1.5127511
1.2439771
0.89824896
0.91712772
0.76318171
0.98151697
1.0385514
0.75942974
0.90634923
0.88864966
1.0409697
1.0531822
1.1268591
1
1.0480359
1.4444982
0.93230917
1.7462556
1.0303202
2.5772856
1.3971027
1.7295678
0.8975464
1.8412496
1.0000153
2.1020469
1
1
0.84180714
2.603365
1.3267296
1.2826234
0.94089966
1.3708968
1.5405169
1.4204623
1.3716435
1.9988134
0.93240643
16.149866
1.1909625
5.0014078
1.3032059
1
0.76579114
0.53162121
0.92988388
0.92595166
0.79073672
0.97704994
1.1100351
0.86679745
1.0498107
0.89706152
0.9518679
0.9919877
1
1
0.85005903
1.0097031
0.91337798
0.8776012
1.1077876
1.1503686
1.1811376
0.82436604
0.57521081
1.3512647
0.98588396
1.585853
1.264071
1.1288648
0.86944719
1
0.65506013
0.75569768
0.93833307
0.93653554
0.89289776
1.0507741
0.72701032
0.96081935
0.99066431
1.1094361
0.9754596
0.96853684
1
1
0.67685629
0.88136586
0.958894
0.95828225
0.82129762
0.8472521
0.88411167
1.1165913
1.1850351
1.002362
1.0298389
1.0205153
0.78644772
0.74573188
1.0144408
1
1.0286022
0.78581968
0.987805
0.98723646
0.94468199
1.11055
0.89008122
0.97948382
1.1305513
0.98690276
0.97829212
0.99759271
1
1
0.816031
0.866316
1.5247401
0.90464396
0.97369644
0.94239285
1.11204
0.88294513
0.66301721
0.72086124
0.68019455
0.81532604
0.9053284
0.91889058
1.0758418
1
1.2669256
0.97689175
1.1763994
0.9677038
0.94503513
0.88669033
0.94628528
1.0038237
0.94184777
0.85624861
1.0123214
0.9854294
1
1
1.2152841
1.0396244
1.0075121
1.4759575
1.3510322
1.2097863
1.561184
1.0667697
0.70050368
1.4949857
1.1526907
0.87247046
0.95727377
0.85640104
0.9093744
1
1.0335224
0.65608138
0.95131718
0.93690922
0.9205678
1.0316399
0.95587443
0.89195811
0.94060562
0.88662658
0.95772299
0.98662449
1
1
1.2216499
0.96571613
0.96581256
1.1457893
0.90991264
1.3282136
1.0424779
1.0596552
1.2671553
0.96290151
1.3688199
1.2376874
0.81968445
1.1938454
1.1698542
1
1.0565611
0.76697658
0.99419287
0.97873749
0.96401878
0.95842357
0.96352141
0.96167142
0.991875
0.99373284
0.99490375
0.99740482
1
1
1.5413282
1.1829762
1.9570654
1.4748831
1.2877113
1.8251773
1.8752709
1.2390699
1.1492564
1.4216658
1.1896792
1.0545442
0.85083186
1.0842618
1.2143849
1
0.84839985
0.42073843
1.2170005
1.1758978
1.0910756
0.83696775
0.99174771
0.81359263
0.93331026
0.96590111
0.99951029
0.99894204
1
1
0.91815651
0.54955153
1.1019537
1.1689135
0.94941646
1.7083474
1.0031948
1.1775201
0.9018529
0.87996779
0.54747828
0.91969255
0.98082206
0.69776232
0.99743862
1
