0.89190389
1.1120867
0.86010098
1
0.77054202
0.99866153
0.73265759
0.96303888
0.77838216
1.3602194
1.2490979
1.1269532
0.8525652
1.2036207
0.87699047
0.97402809
1.0612651
0.97768405
0.92768963
0.94028289
0.76291341
0.88676277
0.82863207
1.0675913
0.71149731
1.1766224
1.2222236
1.4313535
0.86244288
1.0422787
0.9426322
1
1.0241416
0.99278374
0.9657551
1
0.99610403
1
0.90665524
1.0339111
0.89556319
1.087086
1.3255029
1.234914
0.86857207
1.1055734
1.1989973
0.89883456
0.97156547
0.7156396
0.79683188
1.1734999
0.79788322
1.211771
0.79780793
0.76951768
0.75113175
0.8368571
0.92676526
0.98178679
0.80489817
0.97246377
0.56227434
1
0.79620337
1
0.52490857
0.99964347
0.79568857
1.0719984
1.0696491
0.66535677
1.0676941
1.2814672
0.92992917
0.9275505
0.87550135
0.92416945
1.1459607
1.0589407
1.1184876
0.98290092
0.93514247
1.063014
1.0875428
1.1816178
1.1786663
1.0330586
0.92348308
1.1422754
0.79142388
1.04925
0.81269871
1
0.65923859
1
0.87101488
1
0.64300665
0.95897829
0.96762749
0.91326963
0.89717345
1.2494341
1.0894664
1.0894126
1.016455
1.0675337
0.84196704
0.78898618
0.92736433
1.0630335
1.154626
1.3380751
0.78046689
0.98334644
0.97504448
1.2791053
0.94670973
1.0121539
0.89803069
0.51966781
0.85058206
0.51853076
1.0078777
0.85123446
1.1915075
0.79775051
0.79358851
0.93643533
0.82484481
0.96459759
0.90535864
1.4899722
1.0615114
0.99286716
0.94420799
0.89765902
0.8880067
0.89450714
0.85209853
0.91948009
1.0991395
0.97477198
0.95595849
1.0556267
0.71244406
1.4532546
0.94864049
1.028449
0.98860886
0.92191346
1.5217939
0.77943862
0.9694384
0.65221856
0.85995922
0.658061
1.055918
0.76095307
1.1353078
1.0382281
1.2149415
1.2160436
0.96629716
0.69154986
0.92927278
0.94956349
0.9728643
1.1129441
0.84565206
1.1549343
0.88732941
0.72951931
0.80834216
0.84409908
1.3388611
1.0624408
1.051764
1.0117264
1.9199642
0.52374908
1.2385262
0.65669627
0.93527991
0.72945774
0.97505618
0.80472152
0.88294847
0.76142224
1.21418
0.55478213
1
1.2037133
1.5759273
0.87628185
1.1718385
1.0803019
1.2444042
1.1473228
2.5776951
0.91928115
1.6409487
0.81696182
1.3543176
1.0174244
1.2027947
0.82952114
1.0716963
1.1543478
0.85390308
0.79097664
0.8975594
0.84681918
0.99918142
0.96392884
0.8423964
1.182191
0.862221
1.0661248
0.78436636
1.5745786
0.75464602
1.6821687
1.2808554
0.96663688
1.5602189
1.0728809
0.55437354
0.74227576
0.78449943
0.94310263
1.0211295
1.1531284
0.66381819
1.1458138
0.87425953
1.4594492
0.94918147
0.94231026
0.69876002
0.67229391
0.8480556
0.70518092
0.6947928
0.72451165
0.8778254
0.67139194
1.2389631
0.70766828
1.2143124
1.1801205
1.1647935
1.1255466
1.1729783
0.95593398
1.5052384
0.83409166
0.7028831
0.87481284
0.75684313
0.78976308
1.1589125
0.92897826
1.1124898
1.0422655
1.0383289
0.9243128
0.91360021
0.98332069
0.83860079
0.69768134
0.88613302
0.67349807
0.76363659
0.62083543
1.0739723
0.79526278
0.99909403
0.76673817
1.1033522
1.5253362
0.92934169
2.2209641
0.86972574
0.92453297
1.0516086
1.1162062
0.77505967
1.2568355
0.849976
0.99240987
1.121988
0.95193919
1.0132731
0.9827527
1.9306447
1.2457792
1.0526726
0.95601084
0.65438492
0.69658852
0.67168711
0.81795264
0.76644656
0.6356113
0.68389545
0.81397778
0.87535845
0.72979285
0.70243827
1.6054666
1.1202138
0.4631305
0.81406661
0.97431899
1.1541445
1.0838798
1.0214067
0.81745897
0.91909492
1.077538
0.88790807
1.0509272
1.0290213
0.84302485
0.95061299
1.3258479
0.95832266
0.94174167
0.90980322
0.5772202
0.71319476
0.89076699
1.1133093
0.72797588
0.88915976
1.0198492
0.89180769
0.79951449
0.80668842
1.2609312
0.81560086
1.4622112
1.0469845
0.94040318
1.5749422
1.0188832
0.67472628
0.56003968
0.74007139
1.0767334
1.4701732
0.96038636
0.89183903
1.0269318
0.99588624
1.1039591
0.86455392
0.95164568
1.0642218
0.65735998
1.207498
0.5746267
1.0297091
0.68730795
0.88643897
0.9802224
0.77373622
0.77042511
0.87430417
0.99361301
1.0090417
1.2310879
1.0216559
1.1735992
1.0622192
1.227592
0.33388863
0.81274037
0.84078644
1.1095346
1.2750765
0.90665989
0.94367388
1.0477923
0.9364196
1.2729877
1.1034458
0.99400684
1.1189839
0.68261364
0.9146027
0.7401357
1.0772764
0.88597533
0.9744669
1.0336744
1.2282765
0.38986485
1.3082525
1.5130113
0.95732039
0.566346
0.57745296
0.56163266
0.83168693
1.1446049
1.1258
1.2236833
0.64366958
1.2448066
1.0671021
0.90650108
1.2974394
0.79481031
0.79610764
0.75755374
1.1201891
0.95682538
1.1035281
1.1873919
0.67064766
1
0.86729759
0.97067091
1.1473513
0.99962786
1.5736394
1.0807734
1.2742715
0.79222214
0.99016609
1.1750531
1.1400741
0.96067427
1.1443655
0.98326461
0.8460127
0.87552505
1.0031354
0.98490356
0.92753424
1.2204622
0.57829172
1.2847402
1.5448747
1.2352104
0.92680487
1
0.8452768
1
0.93697635
1
0.77572264
1
0.86132348
1
1.3101405
1.6571312
0.76299348
1.2277728
1
1.4772588
1.1544047
0.98520123
1.2652468
0.95766299
1.0620443
0.85866271
0.83509714
1.1007085
0.96101168
1.1621331
0.98675064
1.1338648
1.2661003
1.098438
0.93442174
1
0.98728736
1
1.1199171
1
0.52618613
1
0.81005864
0.9941402
1.6334734
0.91200885
1.7207752
0.67207293
0.99852236
1.3168677
1.5419755
0.93754591
0.92529813
0.93597807
0.9619937
0.87293757
0.96748078
0.97252143
1.2515573
0.96665019
0.76553729
0.9887145
1.7135351
1.1497587
0.98479086
1
1.2264952
1.0815998
1.0476216
1
0.58463279
1
1.4892753
1.291307
1.5514862
0.90365388
1.2494924
1.5136453
0.95324435
1.4194749
1.0383181
1.0640709
0.81443177
1.0189036
1.0956873
0.9035612
0.95987966
1.3069677
0.81435575
1.0809935
0.75657058
1.0299301
1.7314695
1.0872424
1.0072375
1
1.1353921
0.75129616
1.0501037
1.089434
1.1054404
0.64443046
1.4993461
0.68712469
1.2952204
0.79021577
2.9482321
1.190699
0.8223961
1.7425926
1.298642
0.81133773
0.98606983
0.96270987
1.3768493
1.3032172
0.85045567
1.256217
1.4588089
0.93119361
0.73082358
0.82960906
1.1102799
1.5034205
1.0330294
1
0.83774496
0.79902933
1.015976
0.68028807
1.0268077
0.63286565
1.0786437
0.65348331
1.1549896
0.59885499
0.83697593
0.99870044
1.0387788
1.394207
1.3008804
0.68638745
1.0060417
0.93346174
0.88850725
1.0449351
1.617255
1.0799916
1.3897504
0.74399336
1.587576
0.76606505
0.9304352
0.68074172
1.0430817
1
0.77666497
0.37645096
0.96994717
0.43163201
1.015478
0.56328649
1.3181557
0.57731877
0.95763536
0.68529176
0.70610537
0.7918765
1
0.98430572
0.6576229
0.66413636
0.90753815
1.2332074
0.94644138
1.2143216
0.67482269
0.94674734
0.61991077
0.67378691
0.52883148
0.81037514
1.1012665
0.71870593
0.81070585
1
1.0995842
0.86999038
1.0731427
1.1666747
0.79168204
0.89242219
1.1898586
1.2222012
1.3199788
1.0535946
1.6695252
0.96538209
1.0459979
1.748961
0.95775406
0.84259693
1.0408046
1.0463108
0.77753927
1.2432027
0.99318469
1.4522759
0.64750481
1.2727464
0.60943994
1.1832214
0.70413911
1.0157144
0.96347527
1
0.66061026
0.99744405
1.0639346
0.83143368
1.1320852
1.0391011
1.0724967
1.0019277
1.5436243
0.93487231
1.5208191
1.0087991
1.3147353
1.0328825
1.3665761
0.96992077
0.98867582
0.72014176
1.4734606
1.12397
0.75517308
0.81934575
0.91713695
0.89255569
1.03688
0.96405041
0.98124027
0.96028707
0.90731262
1
0.85977162
0.68969975
0.99913687
1.1854987
0.9124541
1.0972312
0.83732381
0.88408911
1.283677
0.88813031
1.5829474
1.4272903
1.1712613
1.2088214
0.88175909
0.80008236
1.041352
1.0798639
0.81036324
1.237503
0.91047306
1.0753233
1.0159012
0.98148258
0.4905036
0.81362913
0.75960912
1.2956026
1.0781761
1
0.83454549
1.0809017
1.03113
1.0141164
0.98562566
0.95038853
1.0908427
1.0649867
1.3253608
0.82764876
1.4564327
1.4043091
0.97301177
0.48974927
0.86153794
0.99733462
0.99697449
1.0851068
0.83594173
1.0114329
0.75700581
1.048236
0.94663674
0.96620762
0.82129321
0.79189204
1.1931202
1.2580785
1.0274373
1
0.68897846
0.6415216
0.96337947
0.9511331
0.97307703
0.86608011
1.0503117
0.87997619
1.1457064
0.81502793
1.2330858
1.018761
0.81173984
1.2025893
0.75399731
0.74638602
0.95058503
0.86496617
0.77580476
1.2343288
0.65099846
1.2124107
0.65844354
0.86137195
0.92644798
0.81671433
0.36062668
0.94698574
0.86097892
1
0.83701311
1.1280812
0.74503459
1.5722801
0.95135101
1.2410825
1.0390432
1.0823955
1.1695454
0.99164377
1.1066751
1.0468574
0.80535413
1.5951079
1.1633193
1.0530656
1.0246697
1.1757514
0.93670649
1.5177003
0.8519237
1.1485714
1.1937016
0.98421941
1.5514397
0.90416514
0.64690467
1.1697812
1.147046
1
0.66235895
0.61148111
1.2008546
0.85012478
1.3302737
0.90412979
0.92337406
0.79739659
1.9346966
0.54006199
0.85271727
1.1639661
0.89601778
0.6554757
0.82539531
0.73178583
0.5174734
1.074306
1.4375144
0.78609255
0.91631461
0.8929262
1.1145553
0.73206855
1.2613653
1.0623568
2.1780934
0.97557792
1.1527143
1
0.71390437
0.9595889
0.96025544
0.99888589
1.05455
1
0.76004438
0.86869101
0.89828659
1.5179945
1.022319
1.3150582
1
1.2980129
1.200126
1.0918451
1.4381051
1.038527
1.588856
0.89841775
0.64052506
1.3265069
1.3208394
1.2438709
0.79757597
1.3830924
0.8363159
1.06386
1.0672683
1
0.88604485
0.9979499
0.99119935
0.99597593
0.96473932
1
0.91549523
1
0.96709882
1.0654923
0.9279336
0.71609408
1
1.3724596
1.033958
1.000135
1.008398
1.0181051
1.3269717
1.0562164
1.1319467
1.5239748
1.0049245
1.2319344
0.86504237
1.2186445
0.98787266
1.0369339
1.0677066
1
0.99504638
0.99899589
0.9697661
1
1.1698651
1
0.98977849
1
0.9728385
0.78259283
0.92420984
1.0650286
1
1.3525354
0.92342529
0.93136397
0.79766217
0.9555024
0.97209294
0.95784364
0.83988997
1.4654619
0.79133253
1.1673869
1.1529137
1.2709923
1.1601609
0.9054876
1.0345408
1
0.97052962
0.99887005
0.997975
1
0.98519958
1
0.98933994
0.99537859
0.98963189
1.1100382
1.2280622
0.95822892
1
1.4522577
1.0222594
1.0105776
1.4877994
1.0552726
0.96764213
0.86601091
0.86743736
2.0895387
1.179721
1.1954701
0.98935813
0.99162197
0.99370359
1.1545311
1.0654508
1
1.0233401
1.0111072
1.2011479
0.83640232
0.89373664
0.96814205
0.97697904
1.2534341
0.99263044
0.79725174
0.95924168
1.0784492
1
1.3610702
1.7293942
0.96690203
0.95760985
1.049671
3.0539835
1.2308763
0.95514081
1.6197216
1.0154216
1.1647939
0.90494278
0.80068596
0.76081105
0.86503736
1.0459587
1
1.1518555
0.78560597
1.0979787
1.0010213
1.0282767
0.85882376
0.93582254
0.78723665
0.95254432
0.71647213
0.97898323
0.77964255
1
1.1407338
1.6772072
0.80315628
0.95322331
1.0350531
1.3536249
1.2103565
1.1882257
1.4918166
1.4510481
1.0228119
1.2661642
0.76979928
1.1410516
0.51618149
1.0084428
1
1.1990495
0.71451546
1
1.1137323
0.9918025
0.89777902
1
0.92836654
0.82315517
0.61250235
0.9935204
0.97354649
1
0.94298151
0.58525088
0.82994396
0.73428465
0.98302437
0.6260063
0.73091018
0.72347399
0.68951596
0.82938172
1.0281467
0.80110798
0.76954423
0.94467267
0.66586825
0.78815965
1
0.99977402
0.92274874
0.95927786
0.76450261
0.97689518
0.70505021
1.0297778
0.8814929
0.99312284
0.93775104
1.3316756
1.0553116
0.70164977
1.8852736
0.52771712
0.84629691
0.97799816
1.1491605
0.76270492
1.1645277
0.77295763
1.9541466
0.5853184
1.6420632
0.96281613
1.1656306
0.61020189
1.1035957
0.94523813
1
0.72386589
0.84442016
1.11643
0.94922045
1.0079137
0.82990392
1.3439391
1.2414792
1.024024
1.1845562
1.4281267
0.83842435
0.88287035
0.87204393
0.72112202
1.0091075
1.1163302
0.62916075
1.3598849
1.0016443
0.84723175
0.90692526
0.69206495
0.96520566
1.426559
1.0596647
0.77644775
0.83233177
0.75551911
1
0.90664287
1.1846503
0.96840112
0.88866589
1.1563279
1.4735401
0.98107559
0.77882709
1.2308894
1.0188731
1.3744868
0.92514983
0.99557281
0.87825311
0.85073286
0.89638846
0.87630314
1.0199301
0.78555516
1.1516342
0.65226098
1.1672553
0.71865941
1.1139339
1.2012581
0.81419693
0.75101442
1.2852283
1.0280719
1
0.85337585
1.0237621
0.97677465
1.256995
0.94797458
0.86172125
1.1002588
1.2526458
1.0256563
0.9100295
1.3759228
1.5725088
0.99826547
0.72864215
0.55259018
1.022891
1.0551981
1.2141802
1.367853
1.1223255
0.98856229
1.1005186
0.92783205
1.0709214
0.95882335
0.90723092
2.0627595
1.343268
0.94257824
1
0.65208203
0.70447866
1.3635737
0.80430441
0.95799997
0.74941888
0.93370727
0.54419614
1.3155691
0.97566629
0.81538692
0.9845501
0.98869146
1.0576376
0.86727608
0.7811191
0.91044702
0.90519054
0.84306449
1.0952684
0.66403758
1.3692545
0.78973445
1.1443702
0.86523779
0.87204202
0.44745199
0.77296275
0.80384261
1
0.74278017
1.0469591
0.94624615
1.2858554
0.8014834
0.90437928
0.9515278
0.80336097
1.0763365
1.1239868
1.0593263
1.4221122
0.99875314
1.0858884
1.2619622
0.90837097
1.1424385
1.2525371
1.7993967
1.8016561
0.95539543
1.3434798
1.9227146
1.0128078
1.1704861
0.77153372
0.80418331
1.0162148
1.1068643
1
1.1624147
0.65892533
0.98470805
0.96439244
0.93549524
0.77433659
1.1557562
1.2569178
1.2288576
0.66003178
0.9879609
1.1237709
1
0.68436483
1.0251798
0.63140485
0.72794481
1.0387432
0.7845211
0.9496921
1.3294528
0.66371801
0.95175752
0.50032181
1.1120879
1.0718319
0.99079312
0.58382309
1.0703672
1
0.75645458
1
0.73429397
0.9996415
1.0393737
1
1.0172616
0.99996401
0.93090126
0.74670622
0.9674081
0.51701327
1.0765615
1
1.2080076
0.91461251
1.0369413
1.0413869
0.96011062
0.82695573
1.0636471
0.68635902
0.90813272
0.91523028
0.90774032
0.76965044
1.2539919
0.41553914
0.98826977
1
0.9094932
1
0.91510194
1
0.84602466
1
1.02557
1
0.57722017
0.84430359
0.77004074
0.9715485
0.92662849
1
0.59588861
0.76466404
0.9195477
1.0043594
0.86723682
0.65388539
0.95341857
0.77619221
1.099331
1.1524644
0.91399438
0.73011079
1.1239498
0.56736003
0.9708504
1
0.94523083
1
0.63425301
1
0.99199852
0.9970981
0.99915165
0.99926519
0.91102046
0.47008379
1.053275
0.5402479
0.94923329
1
1.1559503
0.79405661
1.1934323
1.0488631
0.70601162
0.70127958
0.5452404
0.6733358
0.98991926
0.85689488
0.88246595
0.33727691
1.0644762
0.28260187
1.068153
1
0.98219846
0.99685093
0.83096944
1
0.98419612
1
0.78537705
1
0.87758729
0.57291723
0.62091275
0.67232845
0.57993107
1
1.2113859
0.7130851
1.0187137
1.0636222
0.83003159
0.64088696
0.93622137
0.81185222
1.1607067
0.86805455
0.94520626
0.66245532
1.2384127
0.27492078
0.9647
1
0.93475859
1.1186855
0.76441605
1.0804684
0.85403238
1.1763312
1.3049517
0.88872633
0.77595226
0.56814279
0.64192271
0.57789481
0.70798181
1
0.84234361
0.77359693
1.0024466
0.98713401
0.89862622
0.66889614
0.8161855
0.65168064
1.0468404
0.8280814
0.77233675
0.73824914
0.74892688
0.33602944
0.94604872
1
0.99876279
1.4961516
1.060146
0.95311088
1.0135561
0.99528721
0.97254866
0.8610232
1.0351929
0.75032129
0.7724659
0.94820881
0.86251026
1
1.0254271
1.4567403
1.024375
0.95694958
1.0165016
0.80657077
0.97666976
0.81076311
0.93790878
1.1214489
0.83611842
0.79747141
0.94540881
0.5930141
0.95718502
1
1.044384
0.59969245
1.0099538
0.7859546
1.2236681
0.72160908
0.55457993
0.65565446
0.95187491
0.89145632
1.0587299
0.98506735
1
1
1.3073704
1.2197103
0.97968044
1.2209437
0.60643961
1.678461
0.28765637
1.8227233
1.0065247
1.9617584
0.88477581
6.6021473
0.40879595
1.2702872
1.1709345
1
0.88168095
1.4568175
0.88958349
0.91212374
0.87942515
0.91217321
1.081614
1.1692533
0.91113772
0.61775316
0.71479157
0.77919554
0.96241333
1
1.1160656
1.8634062
1.3434673
1.1219164
0.45619408
0.75342772
1.0409129
0.97175407
1.0092411
1.1874264
0.72058957
0.75903894
1.0951432
0.56553577
1.0217642
1
0.85998869
0.70536426
0.84073331
0.87443253
0.90638612
1.0801125
1.2904175
0.95580684
1.5851184
0.63970162
1.3835725
0.36330466
1.4590344
1
1.1587252
0.88777794
1.2340074
1.0842022
0.78325906
0.78611951
0.8800964
0.79462185
1.4552362
0.96936085
1.0529401
0.62252314
1.0564049
0.31098842
0.84033367
1
0.8791259
0.89789644
0.83197167
0.92632322
0.73892476
0.49851258
1.2013815
0.84762579
1.1015477
0.73381276
1.0221404
0.74338748
1.0624536
1
0.67484562
1.0159887
1.0613647
1.1235709
0.75167117
0.95537165
1.1862108
0.81282286
0.97851033
0.87117872
1.0997563
0.77684236
0.87890122
0.59421182
1.0195548
1
0.7454965
0.66000855
0.5574556
0.61608755
0.66638811
0.66461608
0.75196881
0.95478261
0.82506097
0.55242689
0.75117323
0.57444314
1.1121423
1
0.85364668
1.2450243
1.2734824
1.1448811
0.90496851
0.60230908
0.797368
0.85720617
0.69026413
0.92801952
1.1117941
0.53305158
1.0442327
0.35344673
0.94922517
1
0.90106345
0.58483676
0.85677422
0.49394325
0.90105576
0.69332047
0.95171566
1.2495598
0.85576019
0.45220042
0.76648911
0.51712859
1.0509372
1
1.0594572
1.2340111
1.359722
1.0093651
0.64272945
0.64848427
0.80984568
0.63829511
0.96015023
0.95173995
0.47408003
0.68070662
1.3734315
0.30681918
0.82939423
1
0.73086233
0.61969494
0.93186407
0.60724251
1.0615532
1.0460959
1.1574731
0.95471439
0.95565709
0.82768717
0.84785283
0.47515478
0.87227773
1
0.942129
0.86494272
0.97939916
1.1554301
1.0451855
0.87903067
0.87298829
0.84994727
1.1474775
0.7606448
0.74822029
0.55031692
0.775974
0.36864582
0.89224219
1
0.92818376
0.70177586
0.79832892
0.66405011
1.0344078
1.1836604
0.87362294
0.86712631
0.83530294
0.47341597
1.1541089
1.1758889
0.69010441
1
0.84466186
1.5557402
0.74851531
1.0054889
1.1635417
1.2375752
1.1930845
1.3059578
0.91563391
1.0907207
0.76304492
0.4301411
1.0426046
0.85263107
1.1246655
1
0.70399511
0.99058071
0.69955001
1
1.0152645
1
0.9894265
0.99284326
1.1881007
1.4655983
0.66520729
0.94406874
0.87045919
1
0.86651384
0.97928826
0.93775128
1.0862705
1.0059182
0.84421453
0.89799076
0.83666845
0.80113359
1.1315583
0.81658019
1.1570441
0.83858832
0.87267703
0.9581947
1
0.94679247
0.99723745
0.93021701
1
0.77350259
1
1.0608041
1
0.95751065
1.4338337
1.4854445
0.92604144
1.0006713
1
0.98098073
1.3085806
0.64502262
0.89569052
1.5128693
1.3455632
0.68946331
1.1299806
0.7260806
1.4166469
0.83161996
1.1437408
0.98516352
0.81392627
0.87948084
1
0.72490128
0.99708495
0.94655161
1
0.66921714
1
0.76867272
0.99954607
1.4044556
0.9743823
1.1277422
1.0655427
0.97507089
1
0.75222051
0.45606046
0.95265529
0.97817448
0.84279565
0.60922501
0.78316011
0.7852702
0.55690635
0.68337059
0.49708987
0.5002949
1.5224978
0.54150519
0.96161654
1
0.49239774
0.99248335
0.71206042
1
0.75034801
0.98695527
0.61462276
1
0.93767982
0.86097971
1.3253928
0.98135347
1.1128027
1
0.76062404
0.62151032
0.68892538
1.0840873
0.85387224
1.2415586
0.70867101
0.84492175
0.55412631
0.63275787
0.63354333
0.74708234
2.5579191
0.42392634
0.9393418
1
0.81079788
0.99276471
0.68589595
1.8560806
0.9162621
1.1586113
0.68160452
1.8378822
0.79278223
0.70424915
1.3645975
0.77104601
0.52891616
1
1.1810673
0.78072631
0.98885627
1.0845683
0.95514729
1.1042066
0.77466735
1.0345469
1.0188254
0.85082086
0.58089883
0.6723729
1.0519217
0.2731316
1.0175164
1
1.1889688
0.92662867
1.1068242
1.4335938
1.3152297
1.1787852
0.87499705
1.0832356
1.4382597
0.84708759
0.5058113
0.75487191
0.73493669
1
0.91517385
0.80769069
1.0016239
0.98433459
0.81582111
1.0328638
0.95769529
0.9888856
0.9299537
0.89112387
0.89755813
0.87458036
1.0606865
0.56622997
1.0217222
1
0.72303832
0.6802942
0.90150741
0.7823229
0.87630738
0.60820713
0.97418398
0.62138879
0.38310938
1.0607199
0.58232569
0.49617517
1
1
0.39802946
0.74888803
0.9551122
1.2128228
0.79471063
1.3263142
0.81426049
1.3026509
0.52930203
0.83216118
0.88083801
1.1440115
0.59659865
0.92422301
1.1525575
1
0.69685686
3.6081966
0.86064633
3.6635676
1.1428478
3.7585783
0.91184288
2.5277248
0.82958585
1.5851694
1.5024218
0.44508052
0.83810759
1
0.71010633
1.7684115
0.92006407
1.0392755
1.1549858
1.0269632
1.0662929
1.0896392
0.67996504
1.478712
0.66634953
1.1761281
0.59524388
1.2717386
1.0676809
1
0.66399448
0.66543823
1.1007061
0.9644276
1.0263491
0.7930153
1.4570734
0.84283916
1.3237039
1.0739863
1.3301002
0.36246168
1.9168301
1
1.3895041
0.98967023
1.1914046
0.89345124
1.0579219
1.084392
0.84101599
1.0407709
1.141706
1.1673321
1.1132507
0.8832616
1.2184817
0.74668332
0.93208864
1
0.51976531
0.64494898
1.3290236
1.1697308
0.83261013
0.79968569
0.97624787
0.82274676
1.0125421
0.9175716
1.3755559
2.3063727
1.0321486
1
0.76810754
1.1156661
1.0912978
1.1723442
1.2019654
0.92825967
1.405772
0.92819007
1.8755784
1.0407437
1.2695944
0.93242782
1.0284165
0.74405011
1.0191934
1
0.47184801
0.89548451
0.75247519
1.0588593
0.86777422
0.74029727
0.67568599
1.126763
0.91418532
0.77107695
0.80127288
1.1557958
0.74236543
1
0.8889788
0.94160895
0.96922776
1.0770779
0.85610761
0.71497463
1.0149799
0.90530698
0.82627968
1.0075164
0.82184547
0.67513905
1.15285
0.52469821
1.0842827
1
0.74783627
0.71926914
0.68004843
0.81131657
0.65777863
0.79607943
0.86488249
0.82445102
0.87730651
0.78281746
1.1547085
0.50376179
0.52099603
1
0.62984083
1.062145
0.95834429
0.96466401
0.89434566
0.79309554
0.80741433
1.0107632
0.77533929
0.92528647
0.16647382
1.0503368
0.7466776
0.64058955
0.94680796
1
0.67011055
1.1801081
1.0159494
0.87326027
0.71144022
1.0174701
0.97801594
1.0927299
0.78440952
0.82098662
0.70324636
0.55622959
0.35779952
1
1.0154401
1.179991
1.0711111
1.2204761
1.0668007
1.3452507
0.97426382
1.335814
1.293067
1.0927181
0.7059523
1.0694244
0.89787055
0.64628969
1.1351356
1
0.91360463
0.58346039
1.1693656
0.61059622
0.7431842
0.68478924
1.3212223
0.66913969
0.86735754
0.2244781
1.2637302
0.86235693
0.85124188
1
1.3255146
0.5910484
0.96012783
1.1142555
0.96797394
1.3083609
1.0162748
0.85473762
0.82195395
1.6664551
0.83392883
0.7461904
0.89106547
0.84836183
1.1950411
1
1.0211894
1
1.0916206
1
0.8237069
1
0.75567674
0.93859438
1.0683302
0.94403888
0.89918913
1.1708681
1
1
0.76018957
1.3755476
1.1427028
1.1516105
1.1923677
1.1518856
0.83165976
1.1610211
1.2044703
1.4597881
1.1919748
1.0343249
0.93437294
1.3117265
1.1488081
1
0.89740469
1
1.1667759
1.212407
0.92859588
1
1.0267865
1
1.0967994
1.2937846
0.99996081
0.95758503
1
1
1.1151917
1.2888482
1.0993993
1.0420047
0.92783254
0.92550147
0.96737257
1.5458576
1.414826
1.3750276
1.4734353
2.1298711
0.89312627
0.93178506
1.08069
1
0.75888806
1
0.912118
1
0.96523005
1
0.87637749
1
0.95189359
1.2636802
1.0200335
0.91146155
1
1
0.78914803
0.61655354
1.1305022
1.2802502
0.97261911
0.85549444
0.94906932
1.0424412
0.51206291
1.1541446
0.60357355
0.86012699
0.96297675
0.66470308
1.1287563
1
0.88648102
1
1.038483
1
1.5429964
0.99665573
1.0301266
1
1.0317842
0.89145351
1.029837
1.0783176
1
1
1.1960639
0.86327965
0.95238326
1.3264015
0.99596083
1.0896325
0.78337805
1.1033593
0.80820975
1.1228084
0.8529186
1.2525739
0.95557256
0.72488115
1.0956959
1
1.0222261
1.2958992
0.99228451
1.4446129
1.1421448
1.319008
0.88549591
1.1970823
1.244733
0.85983854
0.88960593
0.74785499
0.91971813
1
2.0153715
0.99165974
1.1804329
1.0997194
1.3983222
1.4186664
0.98792508
1.2536963
1.3768221
1.1049065
1.0727358
0.90171596
1.2483071
0.36706125
1.1351169
1
0.97350511
1.2138366
1.0123232
1.1965916
1.0554131
0.97778346
1.1070343
0.99313044
1.0754559
0.84530626
0.93756141
0.95830142
1
1
1.6028863
0.75810079
0.9613893
0.95022589
0.772865
0.91114821
0.87309124
1.1589603
0.80542713
0.74487306
1.0446461
0.77659846
1.0717344
0.72923523
1.0801629
1
1.0421577
0.59760126
1
0.74474014
0.99742089
0.93549072
0.98480253
0.64201642
0.94344358
0.57014377
0.91457649
0.71969939
1
1
0.92740819
0.80718741
1.5350999
1.0194073
1.9828245
1.5069802
1.7338757
1.9632464
0.84974861
0.8910773
0.82168903
1.0628151
0.90594812
0.9355007
1.6466486
1
0.87180609
2.8263764
1.3212789
1.4836455
0.86642055
1.3409844
0.94213889
2.5837205
0.92450785
0.92725142
1.0103484
0.56947689
0.52285887
1
1.0990385
1.1870631
1.1009247
1.2904492
1.2935103
0.94452831
1.2507593
1.5447425
1.0364724
1.4836597
0.61978802
1.331387
0.4125808
1.3516204
1.1743862
1
0.82051349
1.2438393
0.90121501
0.84967611
0.75639204
0.76528458
1.1329526
1.1415831
1.3539662
0.49615365
1.0020123
0.62945631
0.99258127
1
1.0892834
1.2541836
1.1902605
0.68462922
1.0098127
1.0429748
1.0500629
0.96436949
0.9398697
1.7255044
0.94712671
1.0641742
0.66758511
0.86133982
0.89798826
1
0.90803346
0.88870962
0.99426421
0.94477956
0.90635096
0.99912624
0.96098303
1.2177644
0.98488949
1.0723013
1.1799063
0.79962072
0.98328908
1
1.312192
0.94186604
1.0766498
1.0203094
1.0795228
1.0703136
1.1460978
1.0764197
1.4282861
1.3545892
1.0422463
1.3828569
1.360696
0.82764683
1.0610205
1
0.78751801
0.97405472
0.92716261
1.0810975
1.2015064
0.87462051
1.073023
0.91363791
1.1649498
1.4467767
0.94036901
1.1165191
1.3956805
1
0.97634727
0.82763698
0.98887701
1.2803793
1.0630397
0.95223412
0.76453276
0.9435701
0.88529498
1.0979481
0.70458491
0.72292478
1.1303958
0.72168556
0.98603763
1
0.83472248
0.83510524
0.87635864
1.1470764
0.50147089
0.76201384
1.1139525
0.75036413
0.84572759
0.99167539
1.2227262
0.84929584
0.76382951
1
0.78048249
1.0280812
0.97981467
1.1186288
1.1666235
0.76181859
0.6714633
1.1893653
0.78386438
1.0213646
0.45576561
0.99693438
0.58641696
0.88062077
0.97467792
1
1.1857258
0.99401
0.97428904
1.0473745
0.9455796
0.94828871
1.0953386
1.0610206
0.94006126
1.4838973
0.98477036
0.90631162
1.1679474
1
3.1202792
1.3128338
1.2770192
1.5111
1.4800492
1.619978
1.2218215
1.6394168
1.6754573
1.1716159
1.0043291
0.61189928
1.1075877
0.96419979
1.2530038
1
0.78575391
0.58624399
1.1089234
0.89751368
0.95433176
1.3955642
0.98259629
1.7236234
0.95903233
0.75869417
0.99371186
1.037678
1
1
1.168575
0.66205992
0.88357755
1.1011502
0.89365976
1.1776988
0.65242819
0.84332498
0.763311
1.0726559
1.9228737
0.90569828
1.2250058
0.88597655
1.444331
1
1.1202555
1
1.0823873
1
1.2912563
1
1.1228072
1
1.1603437
0.99151649
0.9147488
0.96439635
0.84503589
1
1.2256602
0.92473923
1.1044159
1.1246924
0.62610055
0.60088812
1.4838405
0.77965826
1.2396401
1.5446154
0.9674588
0.96371666
1.3982287
0.8351747
1.0588153
1
1.1438371
1
0.74442378
1
1.467399
1
1.038294
1
1.1748193
0.97032881
0.92355105
0.99932606
0.78117916
1
1.494407
0.68757671
0.88422084
1.1646992
0.98432551
0.98798546
1.166444
1.1045955
0.88376925
0.77278699
0.72246157
0.94345244
0.97233658
0.98419557
0.97246253
1
1.0770703
1
1.0201007
1
0.93129748
1
1.0885972
1
0.91377826
0.99145817
1.1684978
0.8461348
0.74717788
1
0.79650555
1.2867712
1.3008801
0.96231356
0.99417372
0.97167491
0.49675164
0.6447927
1.0830507
1.362224
0.9803652
1.0224418
1.3146063
0.76424251
1.1169865
1
0.86268774
1
0.79449505
1
1.0242295
1
1.0152135
0.99987475
0.70923898
1.0902567
0.84853671
0.94455766
0.67233295
1
0.90761402
2.397384
1.2649576
0.88215356
1.519398
0.79319391
0.70841235
1.0410463
0.99840091
1.7926407
0.71107166
1.7772609
1.0606506
0.6527112
1.0105736
1
1.1374278
0.71057839
0.76876385
0.95200262
1.1187788
0.91028247
1.3350737
0.93948916
0.73670802
0.96022807
0.73381946
0.89968613
0.80133089
1
0.83495623
0.72322364
1.0721354
0.98112623
0.8816962
0.87283619
0.84650351
0.9121794
0.95030256
1.7777829
0.70926392
0.66979313
0.93595133
0.78140512
0.91647761
1
1.1422927
0.80676962
0.91002516
1.0038653
1.1861973
0.93118468
1.1280225
1.1700169
1.1353093
0.92228554
0.9573741
0.9838172
0.80104946
1
0.8974193
1.0798645
0.90826491
0.90972442
1.0577369
0.872835
0.91729289
1.0174062
0.90890055
0.96672835
0.8384842
0.83897801
0.69314096
1.1017037
0.94644686
1
1.1899705
0.38516525
1.0412374
0.47907738
1.0337805
0.48211732
0.89374047
0.49927451
0.98948674
0.79371134
0.82950898
1.029307
1
1
0.77131508
0.71885148
0.98717135
1.069441
0.20233433
1.9676606
0.70590812
1.984129
1.4256288
0.92759139
0.077925222
1.2273385
1.8604215
1.3044789
0.98846338
1
0.986884
0.3743754
0.9613154
0.70605762
0.93539215
0.42923118
1.2861669
0.74916716
0.87300916
0.78047086
0.8727912
0.92964283
1.2006479
1
1.2252525
2.9621721
1.1226738
0.93415038
0.94288673
0.65528876
1.2367694
0.89097321
0.99381923
1.5102553
0.41417323
1.3884471
0.8364649
0.60209699
0.92191347
1
0.88547042
0.76434587
1.2945473
0.99019964
1.7924451
0.79568018
1.6551031
0.9058617
1.8101364
0.90155024
1.433508
0.62505494
1.6554543
1
1.2733495
1.1006206
1.4488114
1.0579299
1.0363779
0.77471618
0.92144293
0.93418117
1.3501637
0.92670145
1.0938257
1.1708254
1.1344853
1.0643453
1.1865897
1
0.85708338
0.85255047
1.0798248
0.90628888
1.0007131
0.95434023
1.2555369
0.92996898
0.99699866
0.92835423
1.0035079
0.88820866
0.91900517
1
0.65481048
1.1467547
0.95568929
1.1038006
1.0801982
0.76490233
0.91750832
0.97998159
0.70162606
1.4921464
1.0440218
0.88840174
0.63754615
1.1072104
1.1574149
1
0.66653339
0.65147562
0.83957729
0.64262029
1.1753099
0.38484006
0.8157661
0.98763245
1.0628928
0.94563702
0.89524154
1.1521299
1.2335533
1
0.87648415
1.3805822
0.93587208
0.96557333
1.0195749
1.1514853
0.69720102
1.0022348
0.79512755
1.2733931
1.8311712
0.72397507
1.0821321
0.96593083
1.0346153
1
0.65054289
0.36469913
1.1522092
0.77001064
1.0063133
0.45679715
1.1794676
1.4344082
1.0035692
0.66324568
0.97828966
0.55161711
0.86106085
1
1.0330672
0.97379137
1.2866967
0.81600259
1.0556332
0.98599786
0.75505701
0.70887473
0.98995747
0.9095289
0.87819875
1.0664397
0.72241651
1.0298972
1.0579784
1
0.66053672
0.69881653
1.1654733
0.73997618
1.0787743
0.67959359
1.0008088
1.2833876
0.62895193
0.87167599
0.54596164
0.92863642
0.95270134
1
0.60412979
1.4089457
0.97838718
1.030861
1.1262056
0.70695594
1.3195452
0.81099131
0.88947414
0.89463044
0.54960368
1.2603273
0.59188357
0.90245097
0.83953533
1
0.93211896
0.65507225
0.83324591
0.93972005
1.1300053
1.0464212
0.85846579
0.77089565
0.62777559
0.62225573
0.82452122
0.93226137
0.71137561
1
0.94619477
1.6775428
0.88033417
0.870908
1.1502342
1.5317165
0.93277841
0.94588446
0.85290526
1.584008
0.77526357
0.69623359
1.0840013
0.76719435
0.90972265
1
1.1868759
1
0.74541782
1
1.3695093
1
0.84211937
1
0.9300441
0.98789622
0.88238183
0.99936257
1.0014601
1
1.0038448
1.1911463
0.85621393
1.0763395
0.84597047
0.72473421
0.60366603
0.62333709
0.81145922
1.2896795
0.99726373
0.97311801
0.88543561
0.96419408
0.95589885
1
1.3182908
0.9999363
0.96637983
1
0.97136921
1
0.81103599
1
0.88650335
1.2006785
1.1150621
1
1
1
0.63252637
0.9107722
1.4711761
1.2264832
0.9154138
0.78112417
1.0157432
0.77444842
0.81495421
1.1628421
1.1278571
0.91693225
0.9522573
0.95453998
0.93416645
1
0.83584351
1
0.87750127
1
0.71384684
1
0.7300443
1
0.96798402
0.86307581
0.80152798
0.9851596
0.961996
1
0.91055159
0.67757271
0.90174746
0.93458381
0.93026889
0.91685285
1.4117538
0.8861278
0.86905986
1.1773043
0.77361501
0.68559496
2.2403033
1.077602
0.9579998
1
0.81017344
0.99994075
0.7692991
0.99993685
0.64519155
0.99998923
0.70689921
1
0.97745231
0.9798069
1.3269978
1.1430144
1.0527119
1
0.85749581
0.86272445
0.89391416
0.96698875
1.3937473
0.80530305
1.4094893
1.1066887
0.80518359
1.2468316
0.67724094
0.7155858
2.0129423
0.6882182
0.89404256
1
0.80624402
1.258455
1.0164301
0.98152919
1.2451868
0.91037337
1.1711671
1.0426055
1.0322492
0.96440374
1.0786751
0.95687124
0.45182586
1
0.9782347
0.66803674
1.0462586
1.0816346
1.3084742
0.96688018
1.016054
1.1489758
1.048063
0.81722807
0.77164092
1.0215035
0.73580243
1.091562
0.97804884
1
0.87543095
1.1310286
1.1545056
0.98055854
0.97719534
0.89383327
1.6547596
0.79055829
0.99560622
1.2878644
0.929432
0.99335454
0.80213762
1
0.95874005
0.94645691
0.98695815
0.99627019
1.2386212
0.963943
0.74847958
1.0602197
0.7636391
1.0806348
1.0784981
1.1776415
1.2199779
0.67423982
0.99633015
1
1.0003984
0.83801996
0.94136307
1.16037
0.84150657
1.2463358
0.94184815
0.99407826
0.8022128
1.9917629
1.4992878
1.0881606
1
1
0.6429968
1.6107915
0.92741836
1.1591689
0.85975627
1.2422435
0.89803102
1.3863334
0.92347905
0.72306436
0.070844058
5.3145024
0.77134083
1.1371957
1.0746908
1
0.99207744
2.0809002
1.4329227
1.1137303
0.98601782
1.5026161
1.1853316
1.9148367
0.78226863
0.99165642
0.87619558
0.86294467
0.74277142
1
0.8808584
1.5175693
1.0353063
1.1083223
1.1087288
1.0033126
1.090284
1.0511379
0.9127824
1.5512004
0.28826557
1.0801697
0.58259462
0.92937953
1.0132112
1
0.74858925
0.89228789
0.92833139
1.0833479
1.0818933
1.1665404
1.3392015
1.2974263
1.2395252
1.1207262
0.86149879
0.89693505
2.128593
1
1.4571018
1.4867136
1.839417
1.1470065
1.2458359
0.7392445
0.91565082
1.0345184
1.3758037
1.6733888
1.1876827
0.98965011
1.0477717
0.99913377
1.0961467
1
0.86847292
0.55614149
0.91875718
0.94692858
1.0430541
0.94771016
0.94707163
0.91625682
0.65672048
0.80845243
1.3223916
0.97754177
0.9596385
1
0.87770936
1.2603349
1.262603
1.1305353
1.2497313
1.2340296
1.2059022
0.95984086
0.93845434
1.3527561
1.2563339
1.2112657
0.57535932
1.0844439
0.99668658
1
0.71503263
0.86351223
0.9410627
1.1069573
0.83344851
0.83505681
1.0995457
0.86847707
0.85545213
0.83301682
0.67022021
0.92263683
0.83842959
1
0.98116156
0.87293821
1.0009311
1.147564
0.96551038
0.66773889
1.0338035
0.75560867
0.86830469
0.88055665
0.84048037
0.69149408
1.3978928
0.84863666
0.95882744
1
0.91097154
0.50867151
0.832224
0.70399967
0.79374217
1.0061608
1.0193414
0.93680489
0.94101285
0.710842
0.71149857
0.84868168
0.4368783
1
0.94638796
1.0926083
1.1553071
0.88085501
1.1428234
0.87476611
1.0320105
0.82668623
0.6832965
1.0371367
0.063911616
0.90590032
0.80226518
1.0723937
0.97602256
1
0.84969576
0.47435173
0.87109948
0.93345607
0.84338075
0.78599347
1.3353628
1.1752155
1.0939773
0.95989529
0.87053394
1.039945
0.34466873
1
0.88881132
1.257469
0.90941851
1.2070675
1.2081378
0.69496069
1.1560561
1.0429689
0.89939407
0.96086102
0.80469165
1.2161901
1.224237
0.73978885
0.99282576
1
0.68410781
0.79147556
0.98516734
1.078749
1.0737949
0.93193432
1.1241957
0.7389281
1.0999764
0.92321578
1.2697529
0.99463816
0.60574918
1
0.85027581
1.0727202
0.752226
1.0110865
0.84050294
1.4691869
1.0234286
0.90116032
0.69884478
0.70044807
0.26331531
1.187915
1.0725098
0.73713448
1.02198
1
1.1791404
1
0.96305008
1
0.86744169
1
0.85276772
0.99817051
1.1534564
0.97965022
0.99327419
0.95128867
1
1
0.85872176
1.2147717
0.9499396
1.0569885
0.76589395
1.0886548
1.2456611
1.1622888
1.0365627
0.99288171
1.0636054
0.95118536
0.92382988
1.1594985
0.97680023
1
0.92932434
1
0.99638064
1
0.99915439
1
1.1897685
1
0.97872982
0.99321948
0.99979963
0.99986931
1
1
1.3893417
1.221235
1.0951644
1.2406926
1.1142282
0.89816517
1.0452749
0.98245462
0.92909781
0.77271103
0.91443754
1.0450591
0.99962892
1.2151879
0.75385811
1
0.87904751
1
1.1732907
1
1.484055
1
1.0065742
1
1.0053369
0.87074308
0.86717854
0.9860893
1
1
0.71546147
0.39922835
0.9316096
1.0061423
0.95116385
0.48029863
1.4408329
0.52965718
1.1107915
0.58231821
0.73390893
0.79182582
1.1095702
0.9052375
0.8731628
1
0.96228344
1
0.7989554
1
0.7731753
0.99978223
0.96558861
0.99567225
1.0332072
0.98691591
1.2207363
0.99666684
1
1
1.1455593
0.84726972
0.77533379
0.93760119
0.66614111
0.98482104
1.6230278
0.70350304
1.0582876
0.7709273
0.94179267
0.8664173
1.0212005
0.84222414
0.88636412
1
1.1432621
1.5739466
0.98432916
1.421079
0.91663659
1.2483319
0.9087834
1.0776177
0.98712621
0.9853588
1.1132928
0.99981925
1
1
1.9354084
0.5041953
1.5385728
1.0849698
0.86342822
0.70655977
1.3049248
0.88669841
0.67376116
0.73672985
0.89881221
0.76220666
1.1099502
0.72324038
1.0405662
1
1.261596
1.1066854
0.96738526
0.99941585
1.0307724
0.8407795
1.2376483
0.87858624
0.9688878
0.95677124
0.99694728
0.99958373
1
1
1.3461636
0.59728518
0.96600422
0.97651455
1.1303314
0.95945878
1.0862886
0.9329886
1.3651257
0.79874167
0.97945085
0.86155829
0.98195352
0.78056288
1.0583833
1
1.0398446
2.8076046
0.9997418
1.788846
0.993582
2.4600191
1.1295537
1.7546755
0.761567
2.1501907
0.84795962
0.99790791
1
1
0.61275929
2.9526452
1.3376064
1.917715
0.97610217
1.4294393
1.0963506
1.3020458
0.73033619
1.9277636
0.047579149
7.113587
0.91318117
0.87128279
1.4099896
1
0.84027444
2.8613172
0.89559936
2.0199822
1.0717683
2.3589728
0.99075885
1.3533002
0.949539
1.3326781
1.1124526
0.78555215
1.1540466
1
0.89948002
2.346076
1.00009
1.2102881
1.0714743
1.3386849
1.0094702
1.1915486
0.98255147
1.2540823
0.14540109
1.2500879
0.4300701
1.343611
1.0214827
1
1.0164102
1.583218
1.0838544
0.79452237
0.90259237
1.2483419
0.90070028
0.91402598
1.1974022
1.623944
0.94599787
0.91787197
0.98860638
1
1.4549374
1.4117399
1.5495114
2.4850195
1.1008743
1.2171351
0.92532527
1.3459258
1.3799707
1.6361474
1.4464931
1.3485829
0.78459392
1.5900845
1.1009415
1
1.2868341
0.88937323
0.98217216
0.96941158
0.97582831
0.89751968
1.1847721
0.97630786
0.96680752
0.95204428
1.1610773
0.97359984
1
1
1.1702339
1.1896311
1.2301017
1.0236963
1.2286953
1.0440163
1.0757075
1.2721742
1.476307
1.0750225
1.3562308
1.0750538
0.97705914
0.97306098
0.98704272
1
0.9149523
0.75490901
0.80796395
1.0840129
0.9210975
0.82022521
0.82984781
1.0897069
0.88962518
0.98632943
0.9758379
0.98474459
1
1
1.662498
0.89754555
1.0475646
1.2714562
0.7677614
0.86985035
0.98972532
0.86360869
0.89849244
0.80298211
0.96801095
0.94516672
1.0198708
0.91107991
0.89592575
1
0.69886158
0.68362555
1.1273932
0.82078221
0.87308867
0.88983441
1.0724336
0.8617262
0.88653066
1.1217923
0.93617743
1.0427714
0.96229322
1
0.94924429
0.99452739
0.73451359
1.054406
1.3072759
1.2093472
0.97068911
1.0800176
1.0453034
1.1807331
0.02391844
1.1564698
0.66271429
1.1223957
0.87390214
1
0.90338398
1.0576522
0.9935121
1.0785939
1.1991186
0.98380491
0.99046475
1.0150348
0.99283199
0.95200696
0.99300531
0.98985618
0.99937435
1
1.3103123
1.3272489
0.93089911
1.5518876
1.1741942
1.1646391
0.93296694
1.4513129
0.80935152
1.3658351
1.4771297
12.522153
0.79016802
0.82176584
0.92102844
1
1.1226828
0.79360334
0.98287801
0.9800885
0.99506546
1.284009
0.98474546
1.1134254
0.9918886
0.99051268
0.99917885
0.99701903
1
1
1.0479405
0.76238469
0.98872865
0.53947399
0.88441645
0.92777358
0.74022734
1.9753097
0.83292403
1.039344
0.34855835
0.92676865
1.1434547
1.1180658
1.2448651
1
