1.010849
1
0.96581584
1
0.84007921
1
0.69504145
1
0.87691851
1.1655471
0.9447757
0.9140124
0.94455679
1.5494129
0.87030606
1.0114104
1.2752023
1.0558021
0.98065634
0.88394122
0.99632098
0.98333179
1.1066466
1.0509385
1.1671666
0.94028091
0.90536524
0.85616033
1.018499
1.08378
0.78312869
1
0.73928884
1
0.88286528
1
0.7379128
1
0.82555053
0.80107655
1.1656582
0.79263881
0.91619375
1.6733574
1.1631569
0.95221577
1.1782203
1.0335897
1
1.0835286
1
0.71910712
0.95314568
1.0222967
1.151381
0.85946045
0.76961407
0.56332154
1.0423548
1.1086436
0.98783363
1
0.6885215
1
1.2433636
1
0.93663319
1
0.83826348
0.81557407
0.85599393
0.76023702
1.149645
1.380288
0.97043864
0.93475613
0.97065147
0.94103361
1
0.90404617
0.99502915
0.7517875
0.75596083
0.9196131
0.83568817
0.86548585
0.85914173
0.80932231
1.0287239
1.0873995
0.9558806
1
1.081712
1
0.8514809
1
0.96718821
1
0.71909718
0.80057107
0.82849546
1.0513976
1.0117107
1.5763819
1.1076697
1.1111093
0.92533867
1.1475777
0.98685381
1.21461
0.99955585
1.3165935
0.77732089
0.96766946
0.98604185
1.2910549
1.0883185
1.0342249
1.0545544
1.0711296
1.1479025
0.97145886
1.0836909
0.78228601
1.0433691
0.89965217
1.1657514
0.75909889
1.0202543
0.72167321
1.2989977
1.2581402
1.2063743
1.0420271
1.2456078
0.92613289
1.1446147
0.97980259
1.1262489
0.86229949
1.1186952
1.8874914
1.3651744
0.86381084
1.1472101
1.0164132
1.0894575
1.1972368
0.99531775
1.0087754
1.1888374
0.31936515
1.3707542
1.0220202
1.562607
0.60356448
1.1830841
0.7135791
1.4064019
0.57901573
1.135028
0.877838
1.8509303
0.86753164
1.6275581
0.84735974
1.2743562
0.93942239
1.5606813
0.77394797
1.1230185
2.0618672
1.3238217
0.78651489
1.242018
1.0876308
1.4423073
0.93964979
1.0592307
1.0254828
1.7607915
0.73889476
1.1526322
0.57916076
0.99799983
0.7536472
1.1413992
0.941208
1.3459435
0.79786475
1.2106956
1.3944095
1
0.9634549
1.1886171
0.8748205
1.0558975
0.91928429
1.1602825
0.94934396
1.058395
1
1.4733548
0.73459512
1.0222676
0.84160269
0.95539738
2.0084963
0.80716651
1.7924662
0.90998227
0.55996071
0.8714483
0.58549856
0.98827157
0.9493285
1.0785107
1.0026951
0.99318109
1.0881949
1.0420295
1.1166104
1.5611856
1.854238
1.4255989
0.92793074
1.140315
1.028772
1.4275658
0.90019122
1.3464661
0.68070335
1.1570296
1.0066101
0.99977329
1.3920748
1.646554
1.5654703
1.0517693
0.87293036
0.91643091
0.88256916
1.2415847
0.81304828
0.99361486
0.82232813
1.0132924
1.7114893
1.0248604
1.0924354
1.2073251
1.040176
1.2140065
1.4043171
1.2137565
1.0693431
1.1058013
0.80079346
0.83226196
1.015714
0.84232498
0.72266843
1.0555578
0.69717552
0.91437805
1.1475003
1.0574233
1.4816456
0.92320403
1.0931528
1.0071255
1.1654103
0.83350965
1.0221303
0.91920037
1.0160008
1.1366318
1.3449353
1.3833477
0.77304696
1.4030627
0.84116431
4.2910058
0.9838099
1.2615894
0.87219607
0.98275054
0.86501173
0.90421163
0.84616109
0.93300881
0.48623746
1.7767884
0.7647992
1.8959655
1.1186513
1.2694279
0.82432666
0.79294937
1.3585937
0.6760776
0.76353491
0.72888889
1.240545
0.56386721
1.4273716
0.77853915
2.1337078
0.85547226
4.5756395
1.2098561
7.1361061
0.68677646
1.6641885
0.98750621
4.624097
0.95862822
1.3744088
1.1962072
1.7675745
0.96066042
1.0259895
1.2606627
2.9181061
0.9831692
4.3709294
2.1891498
7.5361566
0.84977638
1.0721008
0.84029111
0.85826397
0.80156653
0.80442786
0.93940695
0.8361171
1.0515528
1.1204554
0.77364752
0.9989855
0.85121017
1.3219812
1.2111077
2.1333638
1.0917425
1.0773965
1.4901526
0.84325927
1.0378584
1.0412111
0.81842612
0.66346516
1.0112537
1.01631
0.84386736
0.90987975
1.6125778
1.2295193
0.97460381
0.85553268
1.1389637
0.67280699
1.36437
0.92550901
1.2468217
1.0044272
1.2585462
1.2100218
0.90409834
0.88461166
1.4073585
0.83674868
1.1972526
1.4098454
2.1743784
0.92135806
1.1661939
0.87144857
0.88537408
1.3644613
0.88880494
0.3680822
1.1501982
0.99941395
0.90019163
1.0234302
0.82515024
1.0647778
0.91231587
0.99722818
1.239207
0.53951961
0.88579219
1.3256087
1.6877522
1.0389672
1.4370034
0.75435794
2.0039725
0.67614417
1.3603966
0.93053074
2.1272531
1.318752
1.5497978
0.90751865
1.0968861
0.8419139
1.3926115
1.0587007
1.0718316
0.95341732
1.3911136
0.86137884
1.2262835
1.8511421
1.2517409
1.061965
0.84660149
0.94895256
0.80597472
1
0.82995881
1
1.1574985
1
1.1606133
1
0.78012495
0.85337166
0.81133013
1.1866091
1
1.8559585
0.67470832
1.1767116
0.87688581
0.78308332
0.99941967
1.0141492
1.2057077
0.88115126
1.0918999
1.4100042
0.68336908
1.2187148
0.61545623
0.96999572
1.0671776
1
0.85906854
1
0.93411909
1
1.1254587
1
0.95048856
1
1.3542703
0.93587511
0.83150868
1.0826618
1
1.5974023
0.88589616
0.75343699
0.98899598
1.1627434
0.99995701
1.042866
1
0.92207663
1.3398994
1.1261243
0.93649366
1.0166759
0.81459845
0.4551756
1.0583154
1
0.61046579
1
0.98517713
1
0.93032085
1
0.73376106
1
0.66702411
1.1156206
1.0128299
0.702455
1
1.2346676
1.0112153
0.94121033
0.96390552
0.98269568
1
0.92643824
1
0.90884654
1.5284847
1.0536571
0.61987262
0.94858452
0.65544385
0.90723744
1.0973132
1
0.61752964
1
0.8716514
1
0.86618563
1
1.1347447
1
1.3560163
1.1323043
0.78702659
0.89788967
1
1.644464
0.64164526
0.97677392
1.4203686
0.81592275
0.82135211
1.2635224
1
0.94181819
1.3479773
1.0074938
0.92506753
1.0020968
0.83738173
1.1393221
1.0858137
1
1.2441324
1.0158408
0.76395347
0.960987
0.96591469
0.90067236
1.1862435
0.74267154
1.0883939
0.96024353
1.0312896
1.0685087
1
1.0620957
1.391905
0.75887755
1.0916387
0.91859597
1.0347995
1.0275792
1.0891326
1.1110327
1.2549865
0.79427806
0.55079152
1.1008565
1.3811592
1.0722653
0.99278268
1
1.2870789
0.39076534
1.2912622
1.0831092
1.2261154
0.53096318
0.96566511
0.79659899
1.2285595
0.62791673
1.7724104
0.88539387
1
1.0767806
1.2184625
0.72988609
1.3071129
0.92363752
0.67062022
0.87409365
0.90473587
1.4782147
1.2971302
0.66049105
1.1702571
1.1562986
1.1315329
0.8704885
1.0411319
1
1.0137019
0.66601286
0.86352206
0.72814528
0.5469269
1.5523914
0.88195557
0.92868507
0.66678366
0.83798667
0.70240331
1.4756269
1
0.93576451
0.86542729
0.86007432
0.80910849
0.88195776
0.64705345
1.0035936
0.79049372
1
0.99877189
0.72153665
0.78280271
0.68624997
0.55071743
1.3326407
0.72764082
1
0.81654755
0.84955951
0.78991061
0.90676893
0.71797505
1.1393323
0.61724126
0.98640166
0.59970785
1.1909852
1.2847288
1.1257987
1
1.7601271
0.72901519
0.88135541
1.0303901
1.0311409
1.0648574
1.0942144
1.0972789
0.59702658
0.8871801
0.95035005
0.59122677
1.2397995
0.53832818
1.2006269
0.99717661
1
0.54987017
0.8807756
0.5114281
1.1984058
0.45739967
0.89425908
0.45853888
1.219281
0.28401055
1.0121179
0.19615099
1.2168158
1
1.3198717
0.5698694
1.13924
0.94375078
0.8301174
0.78589762
1.2678838
0.76623851
0.99626626
0.40318421
0.83557066
0.27363849
1.1527066
0.28306354
1.290239
0.94164887
1
0.47438847
1.116305
0.57159811
1.4755284
0.51927409
1.2359327
0.49566074
1.6038955
0.63092901
1.1330585
0.44649204
0.78254711
1
0.90643062
0.69787754
0.86104255
0.96510389
0.86610549
1.1949019
0.85465357
0.76009789
0.52886308
0.88230967
0.78148414
0.61497628
1.0083997
0.47362636
0.81891155
0.86582385
1
0.92009016
0.58776857
1.9585384
1.1404978
1.7148722
1.3114101
2.5735831
2.5118026
2.5976829
5.1760974
1.4973816
6.7764519
1
1.2355051
4.7733556
3.3752104
1.0849764
0.63804587
2.1108918
1.5445163
2.162866
0.95586678
4.2111216
2.1273873
3.1136071
3.9094146
1.1592395
5.9567635
0.80788005
1
0.80820899
0.69640954
0.70870776
0.50934584
0.60406612
0.72921181
0.87060057
1.1501711
0.69963124
1.0969637
0.78515402
1.2392645
1
2.0706029
0.83742051
0.94183894
0.95304266
0.92560998
1.0651378
1.2911473
0.83720211
0.59776738
0.51637633
1.0232863
0.41634398
1.3158828
0.56715971
1.2059102
0.9664864
1
1.1001496
0.75904653
1.095166
0.89147286
1.3002988
0.79912756
1.2771821
0.83112528
0.74048235
1.1018821
1.0660597
0.97823801
1
1.4536131
1.7473438
0.90946444
1.1086041
0.87760822
1.2930466
1.1832819
1.0087495
0.43621888
1.820514
0.89897732
0.51648265
1.2486401
1.1472462
1.1418757
0.92388144
1
1.2129899
0.72589826
0.8506213
0.63670355
0.99488684
1.1667848
1.2832515
0.70918113
1.2552723
0.77747605
1.2241637
0.9851466
1
1.5740436
0.79894392
0.91439234
1.0878997
1.0746152
1.2302154
1.1940757
0.61896488
1.1803511
0.94065197
0.77431613
0.99845215
1.3812966
0.63014775
0.9830701
0.95010271
1
0.85850812
1
0.96973227
1
1.0163495
1
0.95503063
1
0.98374246
1.1734182
0.95787372
0.55704462
1
1.8439612
0.96820924
1.2353524
0.88796189
0.95683784
1
1.013043
0.99666269
0.95424898
1.162535
1.3776609
1.2879366
1.242913
1.0963088
1.1629745
1.1988962
1
0.8368662
1
0.94770742
1
1
1
0.99987206
1
0.99993414
1.3043375
0.98493231
1.1070779
1
1.5678118
0.99591612
0.87167958
1.0607556
0.86853295
1
0.95457492
1
1.1497867
0.8907801
1.4515634
0.99920235
1.4475594
0.99129089
0.99767824
1.1146816
1
0.97236046
1
1.0062643
1
0.97265321
1
0.97792042
1
0.98801428
1.0597436
0.96419655
0.7758558
1
1.1295318
0.97267803
0.98958378
0.96855943
1.3587556
1
0.9756206
1
1.1000454
1.0833142
1.1246052
0.9042673
1.2873533
0.98817535
0.90928759
1.1586293
1
0.92010166
1
0.99686533
1
0.98387457
1
0.99922799
1
0.99096739
0.88092741
0.82369635
0.81311801
1
2.0170019
0.98956264
0.95131544
1.1077605
0.94558677
0.98446199
1.1042543
1
1.1509038
0.95019381
1.1271649
0.89851899
0.95904552
0.95478384
1.0741712
1.1596009
1
1.0368393
0.81134865
0.98091864
0.9169981
1.3872702
0.85365666
1.7109555
0.88070174
0.93075125
0.74503432
0.95212946
0.65509647
1
1.0675805
0.95243772
0.68816389
1.1541103
0.86890753
0.99559894
1.0540915
0.87895686
1.4287055
1.1882288
0.67237317
0.92422474
0.97034641
1.2236479
0.78520014
0.99765127
1
0.75124562
0.97504762
0.9950648
0.90611973
1.2845898
0.86339217
0.98778784
0.93208784
1.1816779
0.92790451
0.9935406
0.77150869
1
1.1325409
1.099525
0.80429451
1.046294
0.94904858
0.89108447
0.8986966
1.3016238
1.8052799
1.0487945
0.76613258
0.81574297
1.1530785
0.99937371
0.98621344
1.0879758
1
0.94338597
0.89645224
1.2657564
0.59858896
0.84674153
1.0990417
0.87771195
1.1550463
1.0590199
0.8359902
0.81873651
0.90348626
1
0.99235521
1.2607872
0.80689295
0.96992478
0.81123196
1.3174263
0.89172869
1.0477277
1
1.1752769
0.7778212
1.1603511
0.94746419
0.9514073
1.0710986
0.64615142
1
0.56313356
0.76275729
0.96405736
0.8446193
0.77577748
1.3285483
1.0275951
1.2524222
0.89417204
1.1047241
0.91396823
1.5371582
1
1.7008036
0.71801155
0.92832942
1.0008629
0.99400941
1.4028775
1.0101561
0.75887196
0.60172055
0.61933396
0.88251574
0.46104904
1.2370269
0.80953941
1.0449994
0.98628524
1
0.47416974
0.59820034
0.97020193
0.88422416
0.70003243
1.0950678
0.76269513
0.66751195
0.59764043
1.091019
0.72873881
1.4411255
1
1.2705678
1.0580318
1.1164377
0.91392736
1.1482627
0.88413637
1.061843
0.66441479
1.0282271
0.36305022
0.82854012
0.67007521
1.3068287
0.62198152
1.3338979
1.0054744
1
0.67203259
0.95376549
0.90147906
0.99268169
0.79274737
0.78569357
0.94006983
0.78389666
1.060156
1.0533617
1.1253825
0.97723902
1
0.85895905
0.58681308
0.90363831
0.91282278
1.0322326
1.3474606
0.85776401
0.58077414
0.51788261
0.72478017
0.73170902
0.63929597
1.0795957
0.79147269
0.93451324
0.92255809
1
1.0026976
0.57450964
0.8045027
1.2531271
0.98651403
0.82349786
0.74585748
0.78330995
0.94211761
3.954751
1.0283695
5.0517795
1
0.98469356
1.0638659
2.5836675
1.2218376
0.39005813
1.1490901
1.6548844
1.2061199
0.81679236
1.5693135
1.3396722
2.4363181
2.7307198
0.84889558
4.6107229
0.65390037
1
0.70701851
0.78212956
0.85007852
0.90732484
1.1960135
0.81697432
0.83891418
1.1384677
0.8338902
1.3935146
1.2077298
1.1751978
1
1.8371347
0.82888406
1.0035536
0.96036046
1.0602634
0.93986562
1.1178254
0.82363728
0.71474766
0.56275599
0.85210804
0.52912423
1.1614174
0.77538214
0.97007886
0.98037741
1
0.85403708
0.79232382
1.018468
0.94096603
0.8442036
0.95243094
1.3532698
0.88393958
1.5972038
1.2850181
0.93775752
1.1129724
1
1.4608136
1.0930333
0.84506635
1.1821747
0.88616065
0.84905638
1.2055447
0.68688632
0.6210862
0.80648558
0.79621743
0.98551951
1.4666426
0.83449023
1.168977
0.99933886
1
1.0208614
0.77949991
0.96852556
0.78012459
1.0852131
1.0649237
0.92830754
0.94322094
1.2995359
1.0792541
0.99369537
0.90807003
1
1.5654474
0.92331922
0.90151572
0.91414418
0.93325124
0.93198818
0.99351559
0.5911711
1.1897172
0.88785873
0.76258743
0.93450269
1.2483082
0.87802741
1.0742827
0.99471935
1
0.97719602
1
1.2490109
1
0.94356913
1
0.56570208
1
1.0593765
0.88197757
0.69923484
0.94325358
0.82420932
1
1.2461259
0.83875553
0.88314236
1.1404497
1.4559822
0.82443999
1.1471483
0.50769779
1.13091
0.76810547
1.2637065
0.84581434
0.95570262
0.34054354
1.0595368
1
1.0869719
1
0.86436256
1
0.96168141
1
0.90768823
1
0.96917616
0.94030305
0.72484571
0.96325651
1.0999685
1
1.0773345
0.53289064
1.4208059
0.85351569
0.96582004
1.3798896
0.99285422
0.85472769
0.89409514
1.8029945
0.96107841
0.68497418
0.94352697
0.69312228
0.97625732
1
0.76428287
1
0.95236419
1
1.1609713
1
0.94175749
1
0.99357936
0.94182852
0.85664802
0.81480684
1.0460104
1
1.3168838
0.81676735
0.74148093
0.9963783
0.99890321
0.89548038
1.1992715
0.53600626
0.90308613
0.81395492
0.83379138
0.98525172
0.79845584
0.27111326
1.0569413
1
1.051721
1
0.83083319
1
1.0473739
1
1.1993508
1
0.86827679
0.90647116
0.66992198
0.85797704
1.5226917
1
1.1772982
1.0677359
0.80456154
1.0895746
0.92329944
0.8085225
0.96735903
0.82033436
1.0102857
1.2980899
1.0131499
0.40127021
0.82862897
0.37509715
1.1072769
1
1.1835959
1.5952504
1.2540583
0.95931016
1.2569357
1.0969945
1.3871288
1.009829
1.1240319
0.88491288
1.1301514
0.56527679
1.406525
1
1.1713719
0.85673356
1.0790793
1.1312281
1.0066016
0.66313432
1.1711922
1.4103931
1.1462369
0.90033447
1.086226
0.34042722
1.2230195
0.53838811
1.0982793
1
1.5065293
0.73054227
1.1393022
1.0370423
1.5058856
0.93539687
1.2865727
1.2622123
1.2984039
1.4837889
0.84268923
1.1742079
0.95852843
1
1.3359221
0.78164417
1.1972242
0.94763367
0.92189576
0.72492091
1.0911437
1.6341129
1.4396888
1.0831966
1.3093212
0.77423936
0.77838044
0.72589363
1.094985
1
1.4073918
0.26947387
1.6910922
0.35241891
1.3248403
0.43001174
1.3962904
0.84826677
1.1296168
0.99579694
1.0706964
0.83572463
1
1
1.4453055
1.2446809
0.87734823
1.0236139
1.0152167
1.1528887
1.013424
1
1.8567643
1.0960863
1.0552499
1.1686773
0.38750997
1.2423934
0.86520503
1
1.0173837
0.53920456
1.0198063
0.62288619
0.82227299
0.78264137
1.3337856
0.80277527
0.93268785
0.65835139
0.68904414
0.46240058
1.6138729
1
0.67164827
0.96979229
1.1346162
0.97427705
1.0527879
0.90080394
1.009577
0.58184441
1.0379194
1.1789787
0.96800743
0.71758251
0.73376151
0.39155328
0.95045471
1
0.83384756
0.51026697
1.4817181
1.0992098
1.0263096
0.81419406
1.4229513
1.1122855
1.1572381
1.066371
1.2486019
0.45921395
1.3339849
1
1.0308836
0.91177952
1.0657709
0.99007611
1.0547757
0.48920202
1.0963144
0.70514899
1.0406419
0.95960634
0.93632972
0.69777368
1.038761
0.40755112
0.97841671
1
1.0112262
0.50490435
1.0489845
0.88939111
0.68247019
0.67720081
1.0226943
0.9560511
1.8716744
0.91536393
1.504189
0.89626214
5.0831384
1
1.0807651
0.93266297
0.97036013
0.88381752
1.0035805
0.70204843
1.0649011
0.41638322
1.4912147
0.90371655
1.7040348
0.58444578
0.46591439
0.40434156
0.79475055
1
0.72539035
0.75384094
0.72897298
1.0989081
0.66367356
0.64741175
0.62229721
0.96292426
0.84828844
1.2303969
1.1931302
1.1469981
0.79383001
1
0.74186926
1.4048634
0.69218658
1.2487631
0.82501933
0.53888356
0.6507535
0.85864844
0.96940794
1.279952
0.85692873
1.1264583
0.91085946
0.82485127
0.86708019
1
0.89274372
0.43681091
1.3652043
0.71558943
1.1033873
0.64736693
1.0441627
1.2102614
0.93189006
0.77298636
0.97734014
0.85225165
1.2716323
1
1.0874275
1.0330816
0.89389682
1.4359653
0.98318352
0.69361072
0.88849748
0.66466402
0.30699641
0.96500192
0.82153745
0.77769434
0.65584954
0.44686979
1.0440611
1
1.3407121
1.0504388
1.1975152
0.84568603
1.4358663
1.0655748
1.2400228
1.6669401
1.2663728
1.0128584
1.2374679
0.77626797
1.1263591
1
1.6444236
1.2259357
1.1222929
1.0014391
1.3727122
0.85784631
1.0045044
0.42498743
1.2010268
1.0700099
1.2294854
0.88168282
0.76299868
0.56558745
1.2092073
1
0.97732937
0.2402145
1.3032445
0.7195635
1.5825588
0.44129578
1.2088346
1.0320479
1.4781856
0.46126311
1.5080725
0.48506878
1.8131299
1
1.317182
0.82607698
1.0618895
0.80832328
1.4123603
1.0583417
1.2838445
1.488431
1.5731552
1.3369547
1.2269816
0.71207192
0.93773505
0.43347778
0.96802222
1
0.71299846
1
1.0608684
1
0.88861464
1
0.77256385
1
0.63763948
1.369658
0.54693513
0.95691612
1
1
0.68236878
1.0711333
0.73397456
1.0913384
1.0922114
1.0985579
0.94060061
0.93925213
1.044394
1.1692748
0.7005233
0.7497235
1.1104696
0.69386792
1.0611899
1
0.79703983
1
0.92662232
1
0.97528805
1
0.93035716
1
0.90973183
0.95824846
0.96352415
0.98763536
1
1
0.74101155
1.1001514
0.807347
1.1327294
0.96138073
1.2744972
0.99999999
1.07331
1.0429227
1.3791418
0.67669878
1.2007823
0.79943635
0.93479053
1.064788
1
0.85549903
1
1.0763259
1
0.68143971
1
1.2059636
1
0.87890254
1.3294189
1.121769
0.93682722
1
1
0.87862127
0.80389458
1.0489432
1.0950342
0.99213781
1.0425542
0.99036715
0.90213855
0.94710534
0.87326374
1.203999
1.0934023
0.86072724
0.7107149
1.1171132
1
0.82721375
1
0.83524448
1
0.60813166
1
0.52380279
1
0.79815463
1.1206343
0.91657339
1.1961387
1
1
1.0161542
0.78005142
1.0718526
1.0527085
0.89642512
0.7243557
1.1983493
0.92722813
0.6124465
0.94466858
0.89838624
0.66492533
1.0286919
0.56871629
1.1372073
1
0.95808948
1.4052825
0.74535101
1.0532498
0.9043294
1.0901973
0.9115123
1.7970612
0.5649448
1.01325
0.7560897
0.49478107
1
1
0.8346597
0.84909202
0.94827053
1.1985241
1.1710456
0.94148573
0.94382879
1.0528144
0.97818947
1.003367
0.80428115
0.9333453
0.80089441
0.41012542
1.1018749
1
0.9534677
1.127283
0.99255926
0.94742891
1.3441827
0.72591765
0.99807381
1.2293961
0.6871947
1.1280825
1.0691708
1.5054505
1
1
1.5205584
0.7115975
1.1298932
1.1306856
1.0497617
0.95429438
0.99575903
0.97263534
1.1921385
0.87896481
1.3538654
0.93260807
0.80688997
0.9010996
1.098005
1
1.3105027
0.38843211
0.96687805
0.94504913
1.2221071
0.83500323
0.88244804
0.94267477
0.37021621
1.1311569
0.54534346
0.8949146
1
1
0.60120524
0.79758633
0.81021021
0.96888867
1.0213939
0.89322639
0.9059393
1
1.0558411
0.84361516
1.0478732
1.4355427
0.67253436
1.0260118
0.90350095
1
0.79248971
0.80043196
0.74496096
0.95561018
0.80733468
1.0156291
1.4647496
0.9691596
0.60830431
0.82692315
0.68308467
0.8167928
1
1
0.93759991
1.1650193
1.1830029
0.9785422
0.94708598
0.914122
1.1021614
0.62309037
1.0999548
1.0824145
1.082313
0.98458112
0.81537351
0.79472473
1.0578861
1
0.75911927
1.0388081
1.2394234
1.4541708
1.1573088
0.8057997
1.3608885
1.1785612
1.0340941
1.1015027
0.45242946
0.58154827
1
1
1.2463407
1.3355294
1.166857
1.6861468
1.0279547
1.5370009
1.0421045
1.2350707
1.2582934
0.9925233
1.0956411
0.92732902
1.2038528
1.2577111
1.1435312
1
0.68147623
0.68621233
0.58909219
0.93245043
0.55522565
1.0324313
1.4079829
0.98234507
1.002609
0.92663743
0.87382746
1.1290764
1
1
1.4927206
1.2505389
1.2575793
0.90914062
1.2174363
1.1589207
1.0028825
0.74455995
1.682601
1.1017803
1.4251445
1.1279519
0.94091522
0.92894358
0.97795867
1
0.623268
0.93378364
1.0515406
1.0418002
0.77826131
1.5981492
1.2242417
2.7763954
0.88627793
3.5900546
0.85945411
3.1005285
1
1
1.0701063
4.2523903
0.77581579
1.4966619
1.0531154
2.093109
0.77688049
1.2452593
1.3439908
2.7929379
1.3417204
2.3857955
0.80548399
2.853478
0.9788959
1
0.9706834
0.47057666
1.0243322
0.68697758
0.76524232
0.59293651
1.0311365
0.73256942
0.60211584
0.7894455
0.80461175
0.97444589
1
1
1.380584
1.2596315
2.142332
1.5407361
0.91567691
0.94530383
0.93827699
0.67218605
0.67528462
1.4534383
1.023724
0.64308932
0.99454901
0.6725659
0.99177189
1
1.3549738
0.48556569
1.3510331
0.91561902
1.5962522
0.98736149
1.1448776
0.6388981
0.75296418
0.72711903
0.99831231
1.4823203
1
1
1.3513565
1.0350356
1.374152
1.0986139
1.5047464
1.1127545
1.4573343
0.71720895
1.351777
0.84267369
1.5683347
1.1204967
1.16175
1.0048542
1.1319845
1
0.92041988
0.53966353
1.3171972
1.0817243
2.4883305
0.4242993
1.0408485
0.64725851
1.2638321
0.57783896
0.80306821
1.3184991
1
1
1.0748041
0.87130014
1.9538447
0.92873713
2.2611353
0.97633376
1.2364392
1.3267623
1.147452
1.1769204
0.80617106
0.7194641
0.83016147
0.49420143
1.0514009
1
0.87379629
1
0.98448962
1
1.0388158
1
0.86273283
1
0.92041372
1.0197198
0.8814421
0.97852816
1
1
0.9462435
1.2752594
0.79265961
1.265642
0.9349265
1.0565555
0.99067801
1.0026967
1.0139812
1.4037603
1.2204982
0.97506763
0.94215148
1.0833721
1.0834653
1
0.84030769
1
0.99994317
1
0.98255935
1
1.0512007
1
0.99612987
0.98666554
0.99222623
0.92587056
1
1
1.180948
0.87912551
1.0935216
0.92884742
1
0.60565759
0.99978352
0.80098766
1.1166157
0.67306205
1.0033701
1.0031919
1.1463658
1.1753714
1.135443
1
1.3041484
1
0.95203828
1
0.98050298
1
1.014163
1
1.1148176
1.3954408
0.99187055
0.92434855
1
1
0.88188225
0.94457239
0.79416073
1.2804629
0.99337373
1.0980079
0.99551949
1.1292422
1.0715673
1.1470174
1.045921
0.80231958
0.98282822
0.78557256
1.1021605
1
1.1086735
1
0.97500187
0.97067502
1.0655998
1
0.97512954
1
0.97454299
0.87512668
0.9852652
0.98280455
1
1
0.97307919
0.80195945
0.95766857
1.4400434
0.83146382
1.176423
0.98597585
1.0055159
1.2483229
0.95395969
0.90976944
0.96010914
0.95273196
1.1331388
1.2349729
1
1.1827485
0.88389774
1.2763709
0.99517751
0.75669686
0.95109196
0.92656166
0.99571541
0.96243507
1.1073641
0.95023355
1.0590812
1
1
0.92253092
0.70333755
1.1084635
1.1201595
0.68295548
1.3113539
0.98260476
0.81076219
0.84828422
1.0395373
1.0128059
1.0700018
1.2652382
0.76067299
1.1646137
1
1.1670953
0.89836589
0.98667995
0.98190969
1.0804059
0.99071972
0.95737799
1.1010422
0.9761738
0.96687416
0.95136678
1.1193449
1
1
1.165504
0.92291478
1.2782111
1.0628454
1.2753357
1.4303324
1.1417538
0.80973138
0.77723195
0.93816533
1.0952188
1.1374312
0.96220459
0.97947366
1.1538955
1
0.65871929
1.0819018
1.2373677
1.3299302
0.90781801
1.6114859
0.85035235
1.4033241
1.0217625
0.73765548
1.062395
0.81905893
1
1
0.52273747
0.86528292
1.2129014
1.0057122
0.99348558
1.4564161
1.399645
1
1.954634
0.96186561
1.2438108
1.1406811
0.55051702
0.94890396
0.93448644
1
0.74934729
0.60649613
0.87000373
0.94113471
1.0146994
0.90660399
0.76948256
1.0036967
0.76411918
1.0420083
0.91385415
0.89960824
1
1
0.80215584
0.98190115
0.94233107
0.92358646
1.1145438
1.05899
1.0830065
0.585757
0.74821831
1.1839722
0.92934432
0.88520477
0.92459694
1.1455972
1.1037426
1
0.6760158
0.65869158
0.85400067
0.96313613
1.0469893
0.68313512
1.2852276
1.1859766
0.78054898
0.90223878
0.87203613
1.1211344
1
1
1.1170046
1.602877
1.0846268
1.9477479
1.0902142
1.3377831
1.0692171
0.95758399
0.82024512
1.1181156
0.77866233
0.6797909
1.6822858
2.0853831
1.1569453
1
0.62529491
1.1673481
0.87302234
1.0167522
1.2108686
1.0381173
0.94182308
1.4434107
1.5233322
2.8053402
0.97206634
0.87644063
1
1
0.69277549
1.3277937
1.0392129
1.0560487
1.1062752
1.08015
1.0979993
0.69319805
1.371952
1.1362201
1.0323173
1.2252497
1.0199726
1.2462023
1.0897997
1
0.75829427
1.1679123
2.2631442
0.90321796
1.5249001
1.003629
1.3824615
1.7408628
1.6423552
3.4469988
1.1628371
1.6074316
1
1
3.5414995
3.9780692
2.6113108
0.62798311
2.8245261
1.8013962
3.7214813
1.1488532
3.7649262
2.2208105
2.7332409
1.5062
1.1852139
3.658031
0.99215119
1
0.60453346
0.81589184
1.1850477
0.95563072
0.75488268
1.1574726
0.90335312
1.1989454
0.80320595
1.2134333
0.91774722
1.2479578
1
1
1.0363865
1.1467937
1.0650866
1.8541108
1.0345484
1.0443608
0.85672386
0.77717224
0.69523765
1.1136762
0.7810007
0.49909829
0.9016008
0.84949011
1.0276122
1
0.98313476
1.0312945
0.94780229
0.98674466
0.93909492
0.88461579
0.88406724
0.85287742
0.91459954
1.5200909
0.98028962
0.95018342
1
1
0.83600452
1.1492484
1.7872176
1.0314916
0.88928122
1.1429301
1.1634206
0.62157924
1.2772245
0.95783399
0.95300242
1.7144374
0.86406355
1.4156257
1.1445444
1
0.56741579
0.93193178
0.98740694
1.2843433
1.1946723
0.87494492
0.88091698
0.89484567
0.9568486
0.82485028
0.99696833
0.96606041
1
1
0.95679866
0.94423186
1.1362235
0.87478361
0.81675273
1.5635625
0.8512382
0.71569648
1.7313282
0.64207528
0.81965471
0.94358839
0.95270182
0.9152625
0.98963203
1
1.0494239
1
1.4341355
1
1.0207954
1
0.86905836
1
1.5521877
0.98869617
0.79677386
0.99411403
0.73636145
1
1.0369387
0.48107609
0.77956072
0.94568986
0.99612005
0.87891272
1.1561105
0.34047429
1.0473104
0.69940092
1.302465
0.70007117
0.76512555
0.84621649
1.0180235
1
0.92850963
1
0.92412461
1
1.0036219
1
0.96696325
1
0.76076309
1
0.76821114
0.99816841
0.90428445
1
0.92327267
0.79925462
1.0934656
0.83334393
0.99274698
0.98493214
1
0.96581473
1.11911
0.85896627
1.1528743
0.98667227
1.1412315
0.94416752
0.97767594
1
0.94968661
1
0.91453857
1
1.1970272
1
0.95965696
1
1.0091001
0.9988581
0.88351478
0.94087416
0.95708956
1
0.69676342
1.0543226
1.4036271
0.69195417
0.99999996
1.3275923
0.99191754
0.73891194
0.97940633
1.0966023
1.2087322
0.95325068
1.0324887
0.90929821
0.99030638
1
1.0849506
1
0.76519774
0.99816642
0.86777715
1
1.2583531
1
1.2104455
1.1873368
0.78100872
0.99896873
0.9641234
1
1.4745803
0.84381867
0.84849016
0.56004077
0.99216167
1.0497919
1.1072405
0.87004643
1.3015026
0.61865653
1.102593
1.0123026
1.0754388
1.1581784
0.98995366
1
1.1052671
1.2826732
0.90571836
0.99271545
1.134904
0.9908393
1.1243142
0.9879136
0.77219834
0.97925588
1.0301278
0.93862929
1.1285716
1
1.1393619
1.1122227
1.027872
0.95375119
0.86285627
0.54529204
1.2648983
1.4952998
1.0897524
0.75959512
1.1749044
0.92774235
1.1210476
0.57472466
1.1782484
1
1.2228104
1.0440676
0.82230741
0.98348994
1.4797842
0.97790321
1.4150669
1.1248566
1.5337032
0.95632373
0.83694287
0.97954434
1.0378994
1
0.98850233
0.71941302
1.071223
0.89416545
1.1914667
0.68958688
1.5469573
1.8220803
1.2972175
0.76589118
1.3650832
0.80180428
0.74440524
1.0067045
1.0480889
1
1.1382132
0.25737733
0.90624114
0.51334442
0.72357883
0.42464833
1.420567
0.8817087
1.1407196
0.94504569
0.93687835
1.1018401
1
1
1.0737367
1.1576899
0.78864694
0.90906954
0.853726
0.93220627
1.7417774
1
0.8285507
0.82293657
0.9440257
0.69782319
0.77616712
1.7382943
1.1178469
1
0.8340946
0.31071466
1.3318835
0.67837033
0.97163777
0.51144688
1.2168934
0.79980179
0.98982571
0.71186564
0.88146576
0.9712325
1.7860718
1
0.95202086
0.72035558
0.98273417
0.72564412
0.95297826
0.59103154
1.1038468
0.63908116
0.86564968
0.96522927
0.92113592
0.75928268
0.77423815
0.74687711
0.87296077
1
1.0965931
0.67356188
1.7720778
0.90602393
1.6755234
0.71283289
1.5564197
0.98963926
1.2787022
0.80409513
1.4239721
0.94026802
1.738745
1
1.1184775
0.80288075
1.0291086
1.0461911
1.038026
0.521108
0.97515658
0.68677729
1.0829273
1.1671622
0.94747644
0.8226399
1.0999542
0.67270655
0.93866662
1
0.85428056
0.55620123
0.85134059
0.92027887
1.3932933
0.8091785
1.0638849
1.1320326
1.6595228
1.1108048
1.47629
0.96298772
4.2838456
1
1.1450025
0.83609892
1.1416212
0.75466363
1.4121109
0.73318481
1.061625
0.99663588
1.5375286
0.69773933
2.6608037
0.82554845
0.76786306
1.1574739
1.4019654
1
0.7601081
0.76847804
0.89083258
1.0026649
0.57320013
0.77458725
0.87884132
0.96150412
0.69879709
1.1698073
0.8956339
1.0705396
0.66857102
1
0.59572934
1.1924236
0.49643332
0.86977363
0.95345173
0.67358336
0.45306434
0.70612698
0.77177451
1.1339635
0.75482958
0.97407049
0.90964555
0.83848886
0.7113387
1
0.88792062
0.34634097
1.1805512
1.2846533
0.96108662
0.9509383
1.1554133
0.87964924
0.91625097
0.94064185
1.1973431
0.7990453
1.2596751
1
3.0624017
0.73934177
1.0337708
0.84725595
1.3912828
0.6588683
0.93066707
0.99654911
0.8059913
1.2138408
0.99968192
0.88402782
1.1252099
0.87228239
0.66029446
1
1.4018629
0.95621632
0.71601852
0.92385419
1.2401373
1.2146607
1.08422
0.97915202
1.2693942
1.2070984
1.3533783
0.96965954
1.5392717
1
1.4204607
1.0831396
1.2089627
0.80866107
1.1092109
1.0266489
1.5661432
0.67207135
1.0894302
1.1352789
1.1908544
0.9282151
0.77133904
0.97813496
1.205319
1
0.90950655
0.39916502
0.84284923
0.90287681
0.9042811
0.660175
1.0118596
1.1505958
1.2292167
0.80902274
2.039417
0.90831981
1.8894242
1
1.0706433
0.80969551
0.85621233
0.83997417
1.6387187
1.0370757
1.6906715
0.7713458
1.2405429
1.0337654
1.1017468
0.73052243
1.2737971
0.43038575
0.72551419
1
0.99685049
1
1.1558465
1
0.75467662
1
0.89572594
1
1.3311621
0.99763383
0.89984956
0.99999999
1
1
1.7654908
0.83107974
0.75272447
0.97594499
0.95513647
0.83064633
0.98776973
0.80805348
1.6654036
0.97592609
0.87529054
0.89142425
0.868867
0.83740213
0.90849048
1
0.92274151
1
0.99019093
1
0.98865053
1
0.99952461
1
0.97518752
1
0.98547489
0.99999399
1
1
0.96621982
1.4384338
1.2748184
1.0062889
0.99999999
1.0485512
1
1.0580256
0.76490592
0.84064009
1.1374547
1.0470869
0.96314239
0.97976496
1.065244
1
0.79310761
1
1.0567873
1
0.94664409
1
0.88747559
1
1.2920304
1
0.93588841
1
1
1
1.083692
0.61624374
1.0300606
0.96916335
0.99840336
0.74170778
0.998335
0.8511618
0.91531288
1.1300962
0.97161537
1.0543674
0.96952913
0.93252842
0.96577317
1
0.95573109
1
0.83049051
1
0.84846355
1
1.4971569
1
0.98290766
0.99449164
0.86207751
0.99995895
1
1
1.5640159
0.60398118
1.1718587
1.0064826
1.1208555
0.76978576
0.96500564
1.4722047
0.61604425
0.8014566
0.95569089
0.85922736
0.8915867
0.97250421
0.90035467
1
1.1917432
0.89282899
0.78013263
0.99241631
1.0768653
0.96824737
1.0281863
0.96753785
1.0360384
1.1140716
0.86680083
0.88714607
1
1
1.2434323
0.88620318
1.0957198
1.2937804
1.7092028
0.8511339
1.31629
1.210927
1.5243648
0.97009408
1.1891315
0.9841271
1.1997335
0.86119341
1.175035
1
1.0804244
0.86339606
1.0616506
1.1294866
0.91650943
1.0906352
0.84476598
0.9904251
0.97806126
0.92992487
0.83636742
0.98847744
1
1
1.0945038
0.69680422
1.4110928
1.118152
0.87406831
1.0578564
1.3242236
1.1773519
1.7468856
0.93771856
1.8375412
0.92137377
0.94407702
0.82229455
1.050732
1
0.95416893
0.45332198
0.98022339
1.3488656
0.74437405
0.80414899
0.90368478
0.9944077
0.68363515
1.0110358
0.80192644
1.1082109
1
1
0.72113203
1.1106356
0.91496065
0.99616098
1.2601855
1.5788838
1.6111437
1
0.9858656
0.77168489
1.2464566
2.7371875
1.0143185
1.1808792
0.9373781
1
0.87994818
0.314801
1.1887768
0.78833041
1.0396796
0.78041057
1.0071459
0.80353298
1.0588567
0.75017699
0.91820533
1.1782641
1
1
0.86607558
1.3473438
1.2037053
0.87797357
0.99380095
1.0709051
0.97883839
0.55574508
0.81824963
1.1452175
0.89661523
0.73333023
0.71848426
1.1321186
1.0149315
1
1.0074199
0.87512246
1.1039412
0.88038313
0.73048525
0.93861773
1.2668154
1.2086866
0.87130909
1.0457298
1.0513891
0.98432355
1
1
1.1934021
1.301676
1.1225686
1.1335448
1.3661261
1.3660133
1.0363927
0.93070543
1.1681937
1.0516787
1.0752152
0.47515963
1.0380143
0.90775008
0.9700747
1
1.2053371
0.83722571
1.137797
0.94031238
1.1479922
1.0711232
1.0939029
0.87436673
1.449133
0.94581578
1.2282131
0.97487797
1
1
1.2244469
0.97391479
1.1217353
0.95914199
1.2614349
0.65550021
1.3794076
1.0270281
1.752311
0.74296672
7.2290782
0.8684146
1.3748828
0.90717589
1.0693505
1
0.65655153
0.65770899
1.0438361
0.97928452
0.92117616
1.0584395
0.95795849
1.3902537
0.57052882
0.90195161
0.94996269
0.98468123
1
1
0.55908861
2.7658339
0.62437774
1.2482484
0.82312597
1.6034777
0.44483096
0.88491422
0.58942388
2.8217258
0.7107135
1.4821303
0.73217255
1.2421948
0.89844624
1
1.3959728
0.47917108
1.0785702
0.8479982
1.2385456
0.97059762
1.1389679
0.82425443
0.8731514
0.74784528
0.8792234
0.98569559
1
1
0.98085516
1.4157962
1.3032614
1.649549
1.3940149
0.81992467
0.71951914
0.6591639
0.79003595
1.7376748
1.0983605
1.1163934
0.78973605
1.1693665
0.97898519
1
1.3789836
0.98453474
1.1102651
1.1985717
1.2223828
1.0996173
1.004161
0.98739228
0.87501712
0.97697146
0.94224064
0.9985722
1
1
1.3250362
0.83076549
1.4656887
1.0440813
1.4504178
0.90707571
1.340736
0.91420315
1.2385978
1.4530769
0.90487746
0.85995221
0.69609013
1.7434068
1.2318159
1
1.0630655
0.40078214
0.97971765
0.71858416
1.2316812
0.77369862
1.3910992
1.2838198
1.0884033
1.0498779
1.1664092
0.9248296
1
1
1.3740551
0.69752887
1.2462553
0.80021213
1.0700604
0.83693431
1.1672805
1.2005586
1.4725412
1.1508779
0.61963733
0.94771026
1.0607961
0.6425098
0.87934249
1
0.87555416
1
0.99901413
1
0.98749224
1
0.97292454
1
0.99856218
0.99320399
0.99701215
1
1
1
0.93219594
1.1416366
1.0187958
0.83753786
0.98421483
0.76465279
0.98828149
0.63043746
1.098055
1.3963774
0.94424729
1.0742027
0.99425039
0.96628385
0.88913693
1
0.9940434
1
0.99993866
1
0.99557685
1
0.99948035
1
0.99999999
1
0.99997132
1
1
1
0.99044987
0.69249473
0.96080166
1.0988848
1
1.0019644
1
1.0211873
0.99610133
1.6127743
0.99972691
1.1196708
1
0.98775521
1.1586085
1
1.1286079
1
0.99699214
1
0.99364713
1
0.98261745
1
1
0.97338003
0.99969548
0.99996296
1
1
0.95214202
0.81063415
1.0609871
1.2500556
0.99571775
0.7738048
0.99967585
0.7887047
0.87226442
1.0371875
0.99697395
1.0171601
0.99984505
0.92162451
1.0114241
1
0.83825085
1
0.99770123
1
1.1274435
1
0.96927854
1
0.99999997
0.99067212
1
1
1
1
0.87838035
0.69843091
0.69962244
1.1096381
0.98432713
1.0503272
1.035549
1.0642446
1.0354408
0.72818128
0.96182097
1.0915661
0.99738533
1.1742247
1.0265079
1
0.84573902
0.8936189
0.71074188
0.99839119
0.79229156
0.99466968
0.8818877
0.99917985
0.99534279
0.96030924
0.98546722
0.99211488
1
1
0.83410225
0.68966819
1.0113767
1.2020194
1.2465883
0.78898477
0.80445789
0.67303557
1.2805849
0.82272802
0.96156368
0.65154749
0.97172825
1.1037172
1.2482024
1
1.2481179
0.95365909
0.96623904
0.9974322
0.86651631
0.98207159
1.1860242
0.98625589
0.99807189
0.92061814
0.99990807
0.99027715
1
1
0.85858691
0.62611876
1.5948962
1.0080503
1.1321841
1.3007481
1.242337
0.80973924
0.98415161
0.70990377
0.9638306
1.1170197
1.1532325
0.85750086
1.0825582
1
1.0834776
1.8046748
0.95760051
4.3761061
0.96549582
3.7163853
1.1225228
4.0523564
0.88505394
1.977115
0.89964483
1.4624468
1
1
0.53092769
3.8131996
1.1665044
1.1167318
0.77137249
2.3476662
2.14798
1
0.73754401
2.003005
1.7169467
12.760312
0.98035102
3.6192339
0.90224857
1
1.5148123
0.54940154
0.94464678
0.93986387
0.97668316
0.57367837
0.92630533
0.79724377
1.3530051
0.85104926
0.96075166
0.99147969
1
1
0.80054339
0.9782051
1.0189373
0.9250037
1.2040373
0.83855299
0.97065322
0.54129905
1.1078489
1.0359096
1.1361213
1.2328587
0.93815111
0.84751187
0.98083024
1
1.4137646
0.92117186
0.88637763
1.36459
1.1426178
1.0139243
1.2858736
1.0391249
0.91208106
0.99101148
0.97819837
0.96941912
1
1
1.3751266
1.5078709
1.262039
1.6189712
0.76848566
1.4484615
1.4016089
1.3532431
1.2147873
1.5007431
2.1033977
0.69513611
1.0639316
1.083143
1.0999443
1
0.92794111
0.85288418
0.9514551
0.97087693
1.4600464
0.9709065
0.98766017
0.89385138
0.94324143
0.93904554
0.99868679
0.99755878
1
1
0.73694343
1.1577569
1.3039126
1.1514107
1.0523291
1.3758941
1.1695311
0.83319255
0.95107892
1.2758624
0.88272022
0.94734902
1.2823447
0.98297759
0.84954582
1
1.0717038
0.97632571
1.3657491
0.98729761
1.0280594
2.1127816
0.92449163
1.075559
0.93895127
1.3284796
0.94719072
0.99323218
1
1
1.734688
5.7339678
1.9681721
2.4184767
1.7810768
2.5356468
3.0126034
1.8674903
1.6491628
4.5210234
1.9509101
5.3429777
1.0464376
2.7513036
1.3478418
1
0.92631859
0.70445665
0.96605002
0.89850759
0.82560626
0.75909398
0.93176259
0.99787667
1.0078151
0.76956498
0.95776439
0.98660898
1
1
0.98478594
1.6586064
0.77813556
2.5488575
0.68209717
0.89831714
0.83038959
0.89505771
0.94459272
1.3676312
0.81805608
0.63172806
0.83823897
0.80937071
1.2258821
1
1.0062362
0.88949687
0.99515645
0.99819308
1.1128619
0.98766446
0.98815087
0.97452142
0.99753699
1.2067348
0.98145476
0.9997867
1
1
1.5298993
1.4474808
1.4446568
1.1699814
0.77111542
1.1781342
1.2704506
1.2460835
1.5499929
1.3437126
0.97388114
1.3529957
0.95552709
1.3779879
1.3151715
1
1.0279831
0.50832343
0.99785411
1.0730195
1.205861
1.1149795
0.79838112
0.91093065
0.8371869
0.90580346
0.99803665
0.99970533
1
1
1.2314446
0.86873051
0.63738098
0.87620034
1.2928804
0.62138537
1.0225763
0.9515767
0.95274251
0.8737797
0.83343904
10.167836
0.98062657
0.82462011
0.85541475
1
