1
1
1.2015808
1.1144624
1
1
0.8798468
0.99736646
1
1
0.83015954
1
1
1
1.3655656
0.92965598
1
0.99992458
0.95889955
1.1616221
1
0.71628587
0.67571603
0.77640178
1.5525934
0.88032102
1.0789948
0.92501461
0.81630399
0.99438772
1.1314004
0.86030724
1.241117
0.76838488
1.1944853
0.9958499
0.92539115
1.2363638
0.97565408
0.92771689
1.0004586
1.5327622
0.83310737
1.2382646
1
0.45183114
1.0608429
0.67332905
1.0151536
0.55244654
0.94221067
1.0525549
1.1249713
0.94371461
0.90914468
1.3147989
0.9792748
1.1013303
1
1
1.0350702
1.1396929
1
1
1.002384
0.98389
1
1
1.3912343
0.82990153
1
1
1.2455757
1.22625
1
1.0562014
1.4602973
1.0140297
1
0.99629238
7.5282235
0.93780941
1.4328678
0.50490472
0.97064542
0.72740213
1.1820781
0.56612833
1.7657289
0.83860875
1.1271295
1.0092275
0.99831547
0.69888423
1.8130488
0.86032282
0.97020693
0.92726985
1.01272
0.9962895
1.040703
0.53505263
0.98030598
0.72365614
1.927672
1.0392321
1.2417119
0.90751838
1.9372812
0.87077772
0.98827018
0.98870853
5.3253607
1.0521039
0.51468293
0.81151932
1
1
1.1195057
1.0711733
1
1
0.98918104
0.94004213
1
1
1.0307056
0.99154918
1
1
1.1829745
0.95320035
1
1.0255044
0.99554659
0.94582398
1
0.72669568
1.2481399
0.91209762
1.0021219
0.50977918
1
0.73895016
0.97434962
0.70481151
1.1695404
1.1568557
1.4129139
0.6922856
0.95512718
0.57264438
1.0138345
0.7749091
1.0447021
0.71200484
1.1025635
0.93058012
1.260933
0.8105968
0.99877324
0.61541707
1.6274878
0.66663241
0.99980015
1.3547537
0.80901477
1.0433152
1
0.91218139
0.98809609
0.70747953
0.75346947
0.79836112
0.99996355
1
1.1908635
1.1180821
1
1
0.89681516
1
1
1
1.1145773
0.9997649
1
1
0.71679358
1.1596568
1
0.99849871
0.62943907
1
1
0.99808817
0.68432407
0.99761772
0.91268249
1
1.0366565
1
1.0894545
0.91881901
1.0165948
0.75517505
0.59107282
1.0942319
0.81512092
1.1709399
0.77343111
1.4672578
0.84194376
0.9639139
0.85414118
0.93108484
1.1007979
0.94512526
1.1877564
0.88772292
0.736192
0.98355206
1.0640984
1.0322725
0.82385115
0.9284208
1
0.80568055
0.74692767
0.89000827
0.81941341
0.94827731
0.999437
1
1.7212924
1.1280451
1
1
0.8401809
0.95781304
1
1
0.86663432
1.1392134
1
1
2.0557594
1.148463
1
0.95677797
0.9343773
0.98408871
1
0.98464856
3.5500433
0.9903207
0.98617144
1
1.3182353
1
1.2833478
0.55653994
1.9427601
1.4225743
0.98217526
0.86034165
0.721855
1.1594323
1.0234797
0.89091859
0.77525797
1.6229416
1.1455525
1.1241085
0.87977589
1.0428072
1.0436482
0.84570924
1.5067215
1.5892688
1.3830597
1.0088672
1.2144732
1.00725
1.3591161
0.72457167
2.0228631
1.2691172
1.186821
0.86565177
1
0.99944433
1.1005253
1.0779845
1
1
0.9805253
1.0947116
1
1
1.0405137
0.94461062
1
1
1.4568428
0.96115099
1
0.91295415
0.9912579
1
1
0.99995065
0.99699263
0.99983183
1
1
1.1365047
1
1.130795
0.60692635
1.9786011
0.85786601
0.93854612
0.99884203
1.2009713
0.53917229
1.2420203
0.60786417
1.3702374
0.87088126
1.1673531
0.79667836
0.76647224
0.87410904
0.97720514
0.74862395
2.2626839
1.1191323
0.98971139
0.79775541
1.1461987
0.94607892
0.89504635
1.2482387
1.4146654
1.0622118
1.0469304
0.67730133
0.99975051
1
1.0219273
1
1
1
0.97416688
1
1
1
0.97265661
1.0510363
1
1
1.0905296
1
1
1
0.99130515
1
1
1
0.95206493
1.2102875
1
1
1.1534033
1
0.93948095
0.90867774
1.0550562
1
0.63876154
1.1193698
0.96945881
0.85607515
0.87980578
0.93207222
0.98913562
0.99971149
1.293763
0.87097979
0.94555243
0.99723659
1.1475402
0.79767994
1.2669019
0.84432052
0.8042713
1
1.2064947
0.9999656
1
0.82997716
0.97531807
1
0.73746363
0.82820427
1.077362
1
1.462852
0.95587959
1
1
0.96096147
0.99825214
1
1
1.1235408
0.99657035
1
1
0.82518326
0.99989392
0.99899093
1
1.1783826
0.99999561
1
1
2.0791603
0.99971898
0.83068915
1
1.0493012
1
1.0148781
0.89737477
1.018725
0.99040274
0.50747639
1.0614903
0.63868096
1.102953
0.95119764
0.74510418
0.86308122
1.2893723
1.1622896
0.9640329
0.86621428
1.0636374
1.1279855
0.72722838
1.3153032
0.98476861
1.09838
0.99064613
1.9312228
0.99774855
0.99906407
1.1825234
1.7564118
0.9877041
0.67188043
0.8570994
0.87302245
1
1.5124664
1.2393766
1
1
0.96505539
1
1
1
0.9860132
0.94728642
1
1
1.1733682
1
1
1
1
1
1
1
0.88624784
1
1
1
0.91087666
1
0.95380404
0.71322099
1.2500342
1.0677499
0.78404888
0.83987021
0.806068
0.79707375
0.91161007
1.1652303
1.0268465
0.95778448
0.87123566
0.50963726
1.1245775
0.8051562
1.0510545
0.77056249
1.9043191
1.3474462
1.0401744
0.85728782
0.83763623
0.99994115
0.99973467
0.88286535
1.0219005
0.92613852
0.7077764
0.71676959
1
1
0.91022311
0.88766962
1
1
1.0574567
0.99896484
1
1
1.035039
0.91979632
1
1
0.89890659
1
1
0.95239104
0.92503749
0.81278888
1
0.99474682
0.56086327
0.91398779
0.99571469
0.63876359
1.1792914
0.94607665
0.8503674
0.95109511
0.92555769
0.92184077
1.470581
1.0435045
0.83348439
0.6723644
0.87325446
0.62004153
1.0024154
0.76267415
0.83405272
0.91594231
0.92865674
1.1199785
1
0.63060164
1.0893129
1.1057083
0.97969207
1
1.2836003
0.99970602
1
0.66362606
0.97689369
1.0717985
1.0271321
1.20397
1
1
1.0179724
0.98192756
1
1
0.78252673
1
1
1
1.1036494
0.95360092
1
1
0.95212772
1
1
1.1616379
1.1420143
1.1262262
1
0.93510362
2.2150429
0.89244681
0.98297979
0.46358494
1.148251
0.99281827
1
0.65184001
1.1695505
0.98401221
0.8629729
0.8713766
1.5843279
0.71235819
0.8647921
0.50831376
0.7240674
0.97103315
0.98572897
0.4995045
0.93058177
1.0021755
1
0.65516181
1.0292064
1.085305
1.1442874
0.9888202
1.339686
1.095457
0.99840199
0.71844356
0.96930538
1.0387988
1.0905503
0.63911203
1
1
0.96383141
0.99859466
0.99992138
1
1.1083896
1
1
1
0.82933087
0.9993809
1
1
1
0.99706148
1
0.96379159
1.1378315
0.99630977
1
0.87484507
0.85422179
0.99744007
1
0.56947331
1
0.93851053
1
0.65384427
1.0249823
0.99876918
1.1774384
0.78879071
1.0694966
0.82186713
0.98800713
0.50966637
1.038217
0.98476193
0.99071939
0.57757615
0.99987911
0.82341829
1
0.64704903
0.93294564
0.61207485
1
0.82643255
1.1292413
1.0285059
1
1.1544349
1.1848177
0.80567305
0.87234398
0.629178
1
1
0.96161144
1.114535
1
1
1.1469251
1
1
1
0.97311424
1
1
1
0.97444463
1
1
1
1.0264904
0.99986647
1
1
0.48573237
1
1
1
1.0170312
1
0.96802634
0.8057776
1.2755313
1
0.82653593
1.1818018
1.2850293
1.0024518
1.1334043
1.0005071
0.89846293
0.99588179
1.018545
0.69233734
0.88375787
0.9893868
0.98989523
0.91229521
0.95045216
0.99961518
1.2285803
1
0.91041138
1
1
0.9966546
1.2239785
0.99869448
0.76375037
1.1024481
1
1
0.98761743
0.9992683
1
1
1.0890113
1
1
1
0.93440261
1
1
1
1.2610033
0.99998116
1
0.90062669
0.95189144
0.98252566
1
0.99998098
1.2162518
0.99999615
1
1
0.84299382
1
1
0.89484874
1.0990542
0.93532607
0.86530223
0.7369195
0.82697734
0.65454973
0.95460531
0.62020456
1.2662779
0.90699017
0.96969085
0.96246154
0.9140221
0.82003091
0.9824585
0.75471536
0.92793011
1.0867191
1
0.99457342
0.96420653
0.99998776
1
0.98255936
1.1176929
0.99674966
0.85860919
0.90662037
1
1
0.90238682
0.99949412
0.86283236
1
1.3583859
1
1
1
1.0454981
1
1
1
0.99982568
1
1
0.99893996
0.9977893
0.9978294
1
1
1
0.99999469
1
1
1.0141232
1
1
0.66242019
0.91183316
0.93874859
1.0968718
0.56388886
1.0685896
0.68022168
0.99965972
0.91072591
1.246924
1.2180367
0.99989766
0.76114352
0.97646757
0.97766845
1
0.63649225
1.0834175
0.94840184
1
0.949997
0.99873576
1
1
0.95658999
0.99860728
1.1924373
1.1319079
0.65278762
1
1
0.90365991
1
1
1
1.5741262
1
1
1
0.99683625
1
1
1
0.99799566
1
1
1
0.98683883
1
1
1
1.2471869
1
1
1
1
1
1
0.98348295
0.90680873
1
0.91228978
1.1285988
1.080263
0.76465308
1.0431948
0.92013942
1.1842323
1
1.1180756
1.0937133
0.91792183
0.99930386
0.8854502
0.99449575
0.92676267
1
1.0480544
1
1
1
1
1
1.1179255
1
0.86363815
1.0055978
1
1
0.87531397
1
1
1
1.0771159
1
1
1
1.1936287
1
1
1
0.99639153
1
1
1
1.0409518
1
1
1
0.95323148
1
1
1
1.079633
1
1
0.80413205
1.3131096
0.99999943
0.8971386
0.95072401
0.64321411
1.1357141
1.1424815
1.3130632
1.0274612
0.97581532
0.98076841
0.99243858
0.97655114
0.972264
0.99485331
1.1091806
1.3775778
1
0.99961147
0.99775638
0.99555677
1
1
1
0.97577669
0.99996693
0.70912742
1.1114152
1
1
0.98593828
1
1
1
1.0317704
1
1
1
1.0776349
1
1
1
1
1
1
1
0.99316682
1
1
1
1
1
1
1
0.99575016
1
1
0.76804335
1.1360671
1
0.99489922
0.81329386
1.1565312
0.60175781
1
0.67238994
0.99995186
1
0.99146758
0.88243566
0.97377246
1.0307167
0.99713701
1.4933482
0.94872295
0.99980334
1
0.98329974
0.99802026
1
1
0.99659288
1
1
0.97499655
0.79619948
1
1
0.91278035
1.0705502
1
1
0.68665986
0.9975103
1
1
1.0971047
0.86339244
1
1
0.89344492
1.202688
1
1.0477537
0.75179128
0.76360035
0.94452612
0.89074612
0.57889323
1.6698324
1.0835989
0.71665964
1.1445964
1.0855172
1.0660388
0.78430102
1.1016219
0.80851697
0.70877174
1.1062662
0.82273136
0.9554933
1.5893044
0.99282171
1.1778621
0.70409387
1.3343835
0.90188533
0.91033986
1.013654
1.1885364
0.57374504
0.92393361
0.98221477
0.57197385
0.96382012
1.1543096
0.92183271
1.2306605
0.50443377
1.1120556
1.2257639
1.3582136
1.0589165
1
1
0.87488377
1.1239212
1
1
0.98012754
1.021763
1
1
1.5007359
0.9446079
1
1
0.82018016
0.96106102
1
1.0851751
1.0962656
0.74630897
0.99778919
1.0542888
1.6705269
1.013406
1.0696988
0.61314902
0.63932769
1.0211521
0.97212154
0.68945308
1.7516899
1.5558799
0.97629846
0.71337457
1.0078314
0.66404601
1.0550594
0.58786439
0.91406965
1.3102425
0.88702233
0.79472784
1.125794
1.1090745
0.98809347
0.74293295
1.4206205
0.67670856
1.2303745
0.83730864
1.9187742
0.92307112
0.99119487
0.76231312
1.331506
0.86965456
0.64960368
0.78061344
1
1
1.1331028
0.90725649
1
1
0.9933421
0.9996255
1
1
1.0651338
0.99627592
1
1
0.93025429
0.99306161
1
0.9615
1.1213771
0.96527147
1
1.1834173
1.2212965
1.0799234
1
0.53207333
1.0489
0.88520064
0.99836423
0.6004949
1.2511536
0.52127722
0.77478568
0.81386342
0.79309337
0.64464753
0.98426616
0.66992062
1.0067643
1.0991917
0.98267391
0.65423627
0.9491528
0.97134093
0.99836164
0.61054105
1.4701382
0.46237008
0.99689418
1.1140338
0.86439055
1.0725835
0.99998951
0.93578312
1.1993788
0.79411984
1.1207057
0.65854341
1
1
1.8049457
0.84887541
1
1
1.1380118
1
1
1
1.3139965
1
1
1
1.471575
1
1
0.99921551
0.84677549
0.99986884
1.2001105
0.99779754
0.65105047
1.1800562
0.92407751
1
0.85732736
1
0.83265984
1.0129172
0.87241944
1.0811264
1.0467625
0.76711598
0.83884134
0.6956498
0.78818395
1.3278373
0.53251341
0.94403829
0.95322524
0.74103771
1.232441
0.80241696
0.53217604
1.0617628
1.0918073
0.74060444
1.0864728
1.0761589
1.1244034
0.99860967
1
0.89094394
0.63512576
1.0328509
0.68752289
1.0568986
1
1
0.94127486
0.81301389
1
1
0.88140807
0.99314685
1
1
1.034782
0.99411012
1
1
1.1981683
0.98744348
0.99998853
0.99580569
0.88172297
0.94325164
1
0.99925601
2.767174
0.99889711
0.89791917
1
0.97748147
1
0.91148942
0.53989207
0.9254376
0.83624463
0.99874171
0.6623959
0.66330545
0.59830669
0.91106793
0.68358971
0.8977228
1.009482
0.7541298
0.97731237
1.0074628
1.0923786
0.90397594
0.39605158
1.0594005
0.67597033
1.0802831
1.0781833
1.1883076
0.97225186
0.99784155
0.69645669
1.2574113
1.0092943
0.84059391
0.82684725
1
1
0.95549295
0.80398716
1
1
0.93542974
0.99708573
1
1
1.2829606
0.99902998
1
1
1.2082204
0.99426636
1
0.98621563
1.1450287
1.0691525
1
0.98965508
1.0186148
0.99988992
1
1
1.0427939
1
0.99967501
0.7221232
1.0765927
0.90632188
0.92667269
0.90277349
0.88689793
0.56547781
1.0496822
0.69947093
1.0695435
0.94862357
1.1141279
0.73717981
0.85518575
0.75438945
0.99460422
0.66372431
2.1203316
0.40024413
0.9984084
1.1224452
1.4122952
0.94949729
0.9994964
0.53834229
0.98531712
0.93973028
0.95466843
0.67717997
1
1
1.0017699
1
1
1
0.98659644
1
1
1
1.4825516
0.99780324
1
1
1.0201414
1
0.99676819
1
1.2123726
1
1
1
0.77469446
0.9979362
0.99592252
1
0.81782979
1
1.2156826
0.97997786
1.055276
1
1.1528104
1.2216659
0.67409739
0.95342363
0.99144778
1.0269412
0.93974851
1
0.98097195
0.89183532
0.89450268
0.99372145
0.91252577
0.97994759
0.430999
0.92456862
1.1613209
1
0.89186898
0.9992616
1.1490936
0.94623959
1.1507634
0.97923401
1.0048067
0.99664017
1
1
0.8397599
1.1248894
1
1
1.0853818
0.99947501
1
1
1.715759
0.99937525
1
1
1.0775368
0.99994978
0.99998797
0.99922477
0.98440383
0.98833688
1
1
1.1559526
0.99999544
0.95114398
1
0.67842026
1
0.94925673
0.69354565
0.90554309
0.9300255
0.71485159
0.8692231
0.53361478
0.64259567
0.95516142
0.785834
0.95133319
1.1352629
1.0776104
0.76554064
1.0031427
0.81128667
1.2287159
0.8657983
0.57887971
0.55848265
1.1215165
0.93387922
1.249209
0.9978553
0.99931027
0.99182483
0.96783298
0.99943433
0.54185299
0.81115013
1
1
1.1232496
0.95951817
1
1
0.91545071
0.99935357
1
1
1.6754035
0.98748545
1
1
0.92422972
0.99783003
1
0.99917366
0.99975673
0.99998792
1
1
0.99615979
1
1
1
1.0557173
1
0.99547468
0.78616955
1.3251918
0.98537081
1.0663788
0.85561736
0.68505952
0.76148998
0.98124157
1.063517
0.97672204
1.060498
0.95454249
0.97767943
0.92017152
1.0115101
0.9689003
1.1893096
1.2504357
0.80588747
0.98362142
0.97269072
0.95811012
1
1
0.90672253
1.0266321
0.99981335
0.88099522
0.73265412
1
0.99916651
1.1429257
1.2119655
1
1
0.82481799
0.97171297
1
1
1.3681009
0.99687683
1
1
1.3154825
0.99927742
1
0.9996545
1.1929532
1.0376678
1
0.90036715
0.77576968
1.189362
0.99761443
0.55722683
0.95320208
1.1522384
1.1514561
0.88919808
1.3621177
0.94846873
0.95315249
0.87995886
0.73830925
1.1383268
1.2274423
1.2796014
0.87612767
0.79452228
1.302415
1.0710937
0.81474415
1.1585941
1.134449
1.193789
0.90433962
0.66835704
1.1262139
1.1432664
0.87916997
0.73371333
0.96307863
0.57924684
0.69663865
0.89312715
1.2655803
1.0267914
1
1
1.3910942
1.3455181
1
1
0.9585261
1.02391
1
1
1.0755784
0.99794858
1
1
1.1421998
0.93683431
1
1.0182975
0.91342381
1.0279123
1
0.9927259
1.4626486
1.0353764
0.98194516
0.57256188
0.9364291
0.9077839
0.98330616
0.68636726
1.0680508
0.85528878
0.97687898
0.77544674
0.52836405
0.75788959
0.91635989
0.70714795
1.1899079
0.66964859
1.4607203
0.82944785
0.93731997
1.0079876
0.99822049
1.0798262
1.1219525
0.79052723
1.1856955
0.70899483
1.1284939
0.95482303
0.99642069
0.57442523
0.87442517
0.92968597
1.3280388
0.5287628
1
1
1.12195
0.93729555
1
1
0.99999546
1
1
1
1.0550455
0.99746047
1
1
1.1058654
0.98613267
1
0.97513774
1.1173942
0.97352912
1
0.90840085
1.0932101
0.97836291
1.0129083
0.61535162
0.90607857
0.60159473
1
0.5602531
1.2902012
0.95154403
1.2357073
0.8011676
1.3757886
0.89574944
1.3248693
0.55048661
1.0200927
1.1098972
1.1680877
0.87707716
1.3015839
0.8179234
1
0.47524739
0.93500144
0.64401537
0.99994069
0.58063913
1.3735954
0.97886555
0.99993026
0.86860677
1.1108704
1.0076813
0.93692982
0.73514982
1
1
1.0797902
1.0975555
1
1
1.1836431
0.94160182
1
1
0.9507721
1.0023712
1
1
1.0744872
0.99994316
1
0.99989886
1.1353465
1
1
0.99994801
0.65323699
1.1843339
1.1218638
1
1.1327855
1
1.1276483
1.0720405
1.1732844
0.96512442
1.8174891
0.85693984
0.92418457
0.77349825
1.4770458
1.2623969
0.68402799
0.98935573
0.72724221
1.2179899
0.8375159
1.1266496
1.3965401
0.82129275
0.76535673
0.8741121
0.91055126
0.99434251
0.96710456
0.99967886
0.99991829
0.95009126
0.75778782
0.96043481
0.9812967
0.99970931
0.99988831
1
0.87176119
1.1037911
1
1
1.021566
0.9998229
1
1
1.0668203
0.98774876
0.99950214
1
0.91898884
0.87931599
0.99998877
0.91591211
1.3460471
0.99964918
1
0.99941993
1.4354457
0.99675084
0.91512054
1
0.77512993
1
1.1727364
0.60416695
0.90308796
0.9899508
1.1495445
0.87141532
0.83207077
0.87951493
0.98262589
0.61570098
0.85606468
1.1124444
0.88553595
0.88911089
0.73504063
0.97487476
1.0637557
0.79017877
0.8937748
0.8615209
1.1459096
0.96526183
1.752951
0.99379521
0.99665626
1.0662653
1.3781835
0.96625104
0.88421627
0.84385279
1
1
1.3554385
0.9746225
1
1
0.98925591
0.99884435
1
1
0.9896438
0.96818375
1
1
0.89587692
0.99900244
1
0.98929723
1.1044827
0.99968529
1
0.99933029
0.9603691
0.99998389
1
1
1.0307687
1
0.99989454
0.66359263
1.4367853
0.90010012
0.93729354
0.60726765
1.5248978
0.87208073
1.0874076
0.92281863
1.1951792
0.98863064
1.0690831
0.97727628
0.97801996
0.98322738
0.99966559
0.61289184
0.93953577
0.71811525
0.96586221
0.90403852
0.99689516
0.9942864
1
1.3829813
1.0146401
0.92801987
1.0938244
0.94008879
1
1
0.78498256
0.99681186
1
1
0.93425236
1
1
1
0.91506556
1
0.99970703
1
1.3182148
0.9999998
1
1
0.86421688
1
1
0.99999724
1.1189986
1
1.01144
1
1.0634495
1
0.96707533
0.99689385
0.78004173
0.99950384
0.86598766
1.4395153
1.0297197
1.027304
0.97590586
1.2544841
0.89077571
0.99993336
1.2841512
0.85848977
1.112159
0.99767762
1.0145415
0.99644641
0.95722988
0.98394736
1.1833995
0.98985054
1.2732704
1
1
0.98433094
1.276917
0.9998027
0.88930094
1.0045293
1
1
1.2396498
0.99993123
1
1
0.99387282
0.99998952
1
1
0.94906456
0.99978368
0.99890595
1
1.1080387
0.99983765
1
0.99795006
0.99408016
1
0.99994286
1
1.3820455
1
1.0883105
1
0.77959496
1
1.1900951
0.93106488
1.5691401
0.99898295
1.125056
0.95907122
0.87447867
1.0830855
0.98786494
0.86627356
0.99723915
0.96482998
1.0069264
1.1216249
0.89249817
0.98851793
1.0770573
0.89579899
1.2144534
0.9777774
1.4649174
0.99989162
1.0408161
0.99994055
0.99999436
0.99850653
0.97521017
0.99971229
1.134493
0.89771819
1
1
1.1118384
0.99544466
1
1
1.130545
0.99490599
1
1
0.97056157
1
0.99999162
1
0.89937613
1
1
0.99999067
1.1422472
1
1
1
1
1
1
1
1.0946864
1
0.99861836
0.8114398
0.92493716
0.95984062
0.95694418
0.85388771
0.77760317
0.98516486
1.2020836
1.0434785
0.95471146
1.1161238
1.0123898
1.384082
0.8521556
1.1445221
0.91752814
0.60142943
1.2252649
1.1134805
0.9847931
0.98380438
0.98586874
1
1
0.97591293
0.99984542
0.99996626
1.0517103
0.81199357
0.99999851
1
0.80573319
1.3624419
1
1
1.1294812
0.93422911
1
1
0.80854816
0.96917353
1
1
0.96124425
0.96981968
1.0061578
1
1.58554
1
1.1188185
1.040258
1.2203842
0.66837776
0.80430557
0.4210064
1.0514255
0.54599012
1.0353373
0.98241713
0.52876073
1.2036737
0.91231068
1.2963617
0.69539599
1.2244695
1.276239
1.0947917
1.2027938
0.68121624
0.8540406
1.0803603
1.0421016
0.82169643
0.809801
0.50879969
0.52620455
1.1332509
0.39082948
1
0.78500272
1
0.60807851
0.22153165
0.72476977
0.36146343
0.97166838
1.0646063
1
1
0.74510829
0.99258123
1
1
0.89564074
0.91322071
1
1
0.91374546
1.0428157
1
1
0.93739977
1.0346764
1.4459769
1
0.7894145
1
1.1903029
0.77884213
3.3301865
0.44576976
1.445924
0.39250552
0.91868325
0.52773852
0.95470981
0.58305573
0.94159687
1.4130404
1.212263
1.3214831
0.86640543
0.83287819
1.0285509
0.46874582
1.201654
0.67866001
1.2994925
0.90480194
0.78786939
1.1344847
1.4802154
1.0206783
1.5271335
1.293338
0.93826493
1
1.9086521
1
1.9151157
0.36466395
1.3430027
0.47480244
0.92559223
0.87731243
1
1
0.91145031
0.85295197
1
1
0.97639642
0.93971841
1
1
0.99048022
0.95696808
1
1
0.9942223
0.99241302
0.59458837
1
1.0127323
1
1.1061547
1.1359574
1.1841486
0.83509036
0.780738
0.55438405
1.0010116
0.69443131
0.78372419
0.45671881
0.98384878
0.85379479
1.3360729
0.9521029
0.71134911
0.90378181
0.81033531
0.55751694
0.9318151
0.8456698
0.97615055
1.0413184
0.97575417
0.85471234
0.95808116
0.74300828
0.96596357
0.93587934
1.0777325
1
1.8019453
1
1.0432223
0.2261153
1.1372042
0.76504771
0.71637167
0.69007712
1
1
0.61755807
0.9008713
1
1
1.3264646
0.99872968
1
1
0.81931482
0.96898394
1
1
1.139902
1.1547079
0.8565888
1
1.486632
1
0.99582468
0.99649958
0.96647539
0.99928272
0.93089824
1
0.7916264
1
0.56600873
0.79793432
0.53554654
1.1617146
0.78556774
1.2664626
0.9658963
1.1430068
0.61874045
1.9901748
0.88824235
0.87273081
0.94862845
1.3036428
1.5448808
0.79833367
1.0909556
0.85321134
0.6174903
1.1779785
0.27071323
1
0.86509177
1
1.2584062
1.0705414
1.2394104
0.97255642
0.89374576
1.0428664
1
1
1.0840158
1.1071979
1
1
0.89884194
0.93878622
1
1
0.89321225
0.85282934
1
1
0.80631203
0.91640466
1.5271137
1
0.6274193
1
0.98884153
0.99987421
2.8974112
0.99275155
0.97022394
1
1.0723386
1
1.0273308
1.0764836
0.70386443
0.97348734
0.66289216
0.75719772
0.62626966
0.70489777
0.90133411
0.85152472
0.87370176
0.94975044
0.81489334
1.1738884
0.7119028
0.70190695
0.78651926
0.65068433
0.52687616
0.90435555
1.0945957
1
1.0257689
1
1.0536346
0.890678
1.1575454
1.0426964
0.59506927
0.6800526
1
1
0.96350792
1.3790763
1
1
0.96619394
0.92211732
1
1
0.9493491
0.95288451
1
1
0.99267905
0.96503188
1.8290975
1
0.9840982
1
1
0.99555095
1.5705508
0.99975986
0.74396488
1
0.95818486
1
0.92343232
0.89882878
1.0174263
0.81413166
0.9469536
0.96138334
1.0427937
0.7484109
0.9494958
1.3735284
0.91745323
0.65906646
1.6459316
0.73092267
1.2134279
0.98985931
0.81794558
0.70368433
0.80927222
1.1346107
1.184312
1
1.5718123
1
0.99132391
1.0273384
1.1820671
0.91974289
0.72143759
0.89286475
1
1
0.78503921
0.9975062
1
1
1.1637166
0.99993134
1
1
1.094676
0.99877298
1
1
0.983359
0.99996186
0.91533943
1
1.0670077
1
0.99510778
1
1.0874808
0.99999889
0.94314827
1
0.77225311
1
0.61792765
0.99956984
0.73536144
0.99869381
0.61105503
1.3837257
0.85681406
0.8263849
1.1786418
1.3999947
1.0892552
0.99163036
0.84124695
1.283802
1.1732962
0.88322305
1.1353649
0.99793142
1.2751783
0.99927799
0.18183852
1
1.3479738
1
0.75105948
0.96403036
0.95192831
0.99999825
1.8460435
1.119288
1
1
0.96804846
0.97901743
1
1
0.89417512
0.99712663
1
1
0.9777331
0.99300647
1
1
0.95003155
0.9925948
0.85025442
1
0.83217609
1
0.99439485
1
1.3700041
0.99957917
0.80194621
1
1.0617151
1
0.9110364
0.95700042
0.81553654
0.99863174
0.85590445
0.85959352
1.0625961
1.0131565
0.96839411
0.83010368
0.85959959
0.89972161
0.68660956
1.0978405
0.99386486
0.95739113
1.3413152
0.9885213
1.0682345
0.96117497
0.26279925
1
0.67413488
1
1.1492578
0.99590048
0.9807626
0.99934628
0.49904086
0.81437523
1
1
0.92293519
0.96726783
1
1
0.99568926
0.99960467
1
1
0.99911948
0.98947976
1
1
0.97397935
0.97897525
0.66173955
1
1.3837082
1
1
1
1.2198186
0.99989169
0.66258466
1
1.1897938
1
0.74707526
1.3972103
1.3018455
1.1322913
1.1293129
0.95578253
1.1816524
0.91142555
1.0768905
0.90008203
1.1230875
1.1199082
0.9927351
1.1071791
1.1776845
1.0000601
0.66181354
1.0821977
1.006759
0.97221799
1.2244605
1
1.2669683
1
1.2100066
0.9387137
0.99995945
0.99333679
1.6935246
0.75266219
1
1
0.63488343
0.98076112
1
1
1.0877616
0.96782121
1
1
0.94355594
0.82515544
1
1
0.84282963
1.1355257
1.2036939
1.1393063
0.93083291
0.94619288
0.71900149
0.77043319
0.65903848
0.81743743
0.91664741
0.42721114
0.87290171
0.60335611
0.6559915
0.7097511
0.73408938
0.94396409
1.1864388
0.59557074
0.73538308
0.45660162
1.2646105
0.58215883
1.0209405
0.9269802
0.83649935
0.41044811
0.80765167
1.1012681
0.83726807
0.73857031
0.46745703
0.64298281
0.97683858
0.93183558
0.4095512
0.81211508
0.73523089
0.34716923
0.49597766
0.78756478
1.0390542
0.61708809
1
1
1.0120713
0.88915261
1
1
1.1072653
0.96650136
1
1
1.1137583
1.0753517
1
1
0.88083799
0.83822875
0.99373343
0.97245353
0.82933975
0.83889378
0.89133542
1.1351916
0.44254923
0.69846979
1.7039881
0.35046089
0.81903977
0.44838273
1.638383
0.48700157
0.88007314
0.71603112
0.70809532
0.60237293
0.52167306
0.46448254
0.80401606
0.28354084
0.97005211
0.8727968
1.2062734
0.53405613
1.0144121
0.67779853
1.5894323
0.64287217
0.64719482
0.78523737
1.092174
1.0656763
0.54948126
0.86656223
0.87384238
0.53669025
0.97253839
0.78625342
0.44059341
0.45095288
1
1
0.83065291
0.970818
1
1
0.99970258
0.91924193
1
1
0.94896901
1.1582183
1
0.99989705
1.2744691
0.91026502
1
0.94191739
0.99896549
1.1272567
1.0628362
0.88121967
0.80339456
1.7163751
0.62007856
0.47485981
0.88425695
0.42728106
0.8096013
0.43534093
1.4566245
0.67076792
0.6552255
0.59658719
0.52145973
0.62096447
0.96025768
2.4693285
0.97339874
0.66250558
1.3280267
0.63988849
1.3202761
0.84373905
0.9539996
0.62819061
0.8381932
0.90872034
0.96429262
0.87190319
0.93383472
0.83765518
0.99349545
0.64632291
1.0503202
0.84651882
0.91701491
0.6714448
1
1
0.70497129
1.1887627
1
1
0.87845053
0.9976621
1
1
0.70406654
0.9600849
1
1
0.84073147
0.98968099
0.98702252
0.98382265
0.64694873
0.99942056
0.53491115
0.99998616
0.51212899
0.99796696
0.70116216
1
0.847483
1
0.85883436
1.6196766
0.31458538
0.85515009
0.53690104
0.72624617
0.52265762
0.71975979
0.42718545
1.5819362
0.8983784
0.87920581
0.98100837
0.75664959
0.82811148
1.5334219
0.79851024
0.98835332
0.43228713
1.3088283
0.60053033
1.044852
0.49098334
0.8514487
0.84699041
0.74363947
0.52578545
0.99834203
0.69594412
0.72948198
1
1
0.48751423
0.78332086
1
1
0.8156419
0.93968467
1
1
0.73706679
0.91881318
0.99976054
1
0.95337252
0.94570049
0.98899763
0.99568368
1.0222452
1.1355615
0.69825856
0.99758632
0.29848244
0.9469058
0.80516859
1
1.531703
1
1.0913979
0.75592948
0.46650399
0.89609957
0.75452416
0.55416815
0.45225688
0.53678131
0.65330412
0.37346138
0.87641362
1.1238934
0.9267221
0.92947096
0.55692359
0.69923941
0.63659662
0.70516854
0.61227242
0.72245086
0.86679695
0.96426417
0.84733512
0.92454643
1.0486902
0.76467348
1.100453
0.90487782
0.45306916
0.35137323
1
1
0.97338326
0.94066197
1
1
0.88956684
0.99191662
1
1
1.260239
1.0730163
1
1
0.97165284
0.91389376
0.96840884
0.99641498
0.90393509
0.99435442
0.57877339
0.9709646
0.60404993
0.99919981
0.72464198
1
0.88373315
1
2.204894
0.8032541
1.2148151
1.0312539
1.1353158
0.65595952
0.48551073
0.48784656
2.4716386
0.81442075
1.1542437
0.8834837
2.0021566
0.59826848
1.6524121
0.85251302
2.2482573
0.83774079
0.81138133
1.6222268
0.99653164
0.87725147
0.94595751
1.3491441
0.98610279
0.68046735
0.92257819
0.93108474
0.58787175
0.68280559
1
1
0.67799429
0.99918249
1
1
0.97991876
0.99904191
1
1
0.96273247
0.99932309
1
1
0.82167398
0.99960516
1.0094343
1
1.0176255
1
1.1976742
1
0.73472156
0.99929288
1.0523077
1
1.196228
1
0.58218327
0.87896858
0.56258749
0.99942744
0.6510511
1.1061251
0.58527454
1.442333
0.90747962
0.88999189
0.95994406
0.96057051
1.0340113
0.8950836
1.0264693
0.97273289
0.49791215
0.98905666
0.51563509
0.98628858
0.87356954
0.97825375
0.74454195
1
0.9245509
0.9981084
0.83305904
1
0.43820608
0.68046072
1
1
0.79181717
0.95409149
1
1
0.97218252
0.9997954
1
1
0.96673878
0.99920322
1
1
0.95840448
0.99964051
0.99901686
1
0.99679087
0.99971579
0.95998129
0.99997926
0.63196734
0.99999525
0.53134358
1
0.7933479
1
0.71443307
1.1810097
0.90792471
1.1010843
0.48358768
0.56962462
0.53022789
0.55868033
0.88889821
0.52812308
0.8581905
0.95953328
0.52360699
0.8669632
0.78884223
0.89530064
0.67382228
0.90691939
0.54664983
1.1761745
1.0336105
1.1466577
0.79047987
0.99498751
0.96461963
0.99716874
0.82907704
0.99987055
0.61320895
0.34803486
1
1
0.94882863
1.0331177
1
1
0.8243592
0.99628279
1
1
0.94299952
0.98750275
1
1
0.97901778
0.99743725
1
0.99798166
1
0.99985684
1.2270387
1
0.81295836
0.99995967
0.60048525
1
0.78086696
1
1.5633577
0.72632668
1.4802469
1.197595
0.77681658
1.1481505
0.76667925
0.95651264
0.77271991
1.0228087
0.77818283
1.3666702
2.5367359
0.72989724
0.84203595
1.0310837
2.0088555
1.1473807
1.3259534
1.1151895
0.75287784
0.99186468
1.0488451
0.99641564
0.7650584
0.96738146
0.9846095
1.1553269
0.80229243
0.40348615
1
1
1
1
1
1
1
1
1
1
1
1
1
1
1
1
1
1
1
1
1
1
1
1
1
1
1
1
1
1
1
1
1
1
1
1
1
1
1
1
1
1
1
1
1
1
1
1
1
1
1
1
1
1
1
1
1
1
1
1
1
1
1
1
1
1
1
1
1
1
1
1
1
1
1
1
1
1
1
1
1
1
1
1
1
1
1
1
1
1
1
1
1
1
1
1
1
1
1
1
1
1
1
1
1
1
1
1
1
1
1
1
1
1
1
1
1
1
1
1
1
1
1
1
1
1
1
1
1
1
1
1
1
1
1
1
1
1
1
1
1
1
1
1
1
1
1
1
1
1
1
1
1
1
1
1
1
1
1
1
1
1
1
1
1
1
1
1
1
1
1
1
1
1
1
1
1
1
1
1
1
1
1
1
1
1
1
1
1
1
1
1
1
1
1
1
1
1
1
1
1
1
1
1
1
1
1
1
1
1
1
1
1
1
1
1
1
1
1
1
1
1
1
1
1
1
1
1
1
1
1
1
1
1
1
1
1
1
1
1
1
1
1
1
1
1
1
1
1
1
1
1
1
1
1
1
1
1
1
1
1
1
1
1
1
1
1
1
1
1
1
1
1
1
1
1
1
1
1
1
1
1
1
1
1
1
1
1
1
1
1
1
1
1
1
1
1
1
1
1
1
1
1
1
1
1
1
1
1
1
1
1
1
1
1
1
1
1
1
1
1
1
1
1
1
1
1
1
1
1
1
1
1
1
1
1
1
1
1
1
1
1
1
1
1
1
1
1
1
1
1
1
1
1
1
1
1
1
1
1
1
1
1
1
1
1
1
1
1
1
1
1
1
1
1
1
1
1
1
1
1
1
1
1
1
1
1
1
1
1
1
1
1
1
1
1
1
1
1
1
1
1
1
1
1
1
1
1
1
1
1
1
1
1
1
1
1
1
1
1
1
1
1
1
1
1
1
1
1
1
1
1
1
1
1
1
1
1
1
1
1
1
1
1
1
1
1
1
1
1
1
1
1
1
1
1
1
1
1
1
1
1
1
1
1
1
1
1
1
1
1
1
1
1
1
1
1
1
1
1
1
1
1
1
1
1
1
1
1
1
1
1
1
1
1
1
1
1
1
1
1
1
1
1
1
1
1
1
1
1
1
1
1
1
1
1
1
1
1
1
1
1
1
0.99791847
1.1594393
0.90700631
1
1
1.4702877
0.73290009
1
1
1.5446688
1.1486008
1
1
1.3638364
0.89158602
1.7489525
0.98854799
1.5854526
0.81713013
0.76580766
0.89043548
1.7413196
0.96088104
1.9723065
0.74566783
1.1659704
0.65659883
1.6892489
0.77470069
1.2688545
0.77551724
1.4187949
1.4830125
1.3003621
1.2933592
1.046499
1.0248064
0.65821531
1.6579177
1.3998774
0.94208376
0.70466576
0.77419578
0.78728227
0.84187418
0.71705109
1.0660579
0.7386132
0.91947176
1.7507953
0.84046941
1.4902847
0.84569042
2.3918223
1.1252992
1.2478686
1.3219589
1
1
0.69011265
0.93706492
1
1
0.79986387
0.89023305
1
0.99986255
1.0357622
0.76193364
1
1
1.0299038
0.87239845
1.3265909
0.98158606
1.2878379
1.0919599
5.7066652
0.95233137
3.7453261
0.71740562
2.2753792
0.50148399
1.9846659
0.38848526
2.5340476
0.64953389
1.3757666
1.1128209
0.95972923
0.82048275
0.74305581
0.91499739
2.8890208
0.57060298
1.0687778
0.99421993
4.3236567
0.64881339
0.98047799
0.65576662
2.3687064
0.94103137
1.1585757
0.83950652
3.7477903
0.57819896
2.2251076
1.0883018
13.454734
0.52255492
2.8575163
0.869148
1.1145311
0.68044492
1
1
1.1478287
0.71596753
1
1
0.96258004
0.86965566
1
1
0.9748628
0.89012264
1
1
0.9547121
0.94307328
0.95368587
0.73672556
1.1281252
1.0614908
1.3017612
1.4008651
1.0399805
1.0637623
0.82515566
0.46356054
0.93046264
0.45311969
1.0449726
0.66345138
1.6788446
0.62203067
1.0083546
0.62732193
0.91128171
0.61771601
1.3553546
0.72925392
0.78359763
0.7041926
1.6882524
0.82135543
0.82104202
0.39132956
1.4245816
0.70895557
1.0715903
0.43984931
1.147085
1.3586057
1.1079368
1.1854796
2.0266681
0.95851145
1.1763636
0.79222957
0.87693851
0.68227994
1
1
1.2420751
1.30885
0.99123384
1
2.1339415
0.82755217
1
1
2.0098434
1.13726
1
0.99999691
0.82029598
1.2489527
1.2019742
0.97012464
1.0667332
0.87685919
1.1581323
0.99755139
1.1940173
1.0420513
1.4433058
1
1.2147642
1
1.7574419
1.3475528
1.029056
0.90662658
1.1999519
1.4923062
1.3856488
0.87065516
1.2916165
1.2488807
1.1482903
0.79650058
1.1944012
2.3382359
1.400362
0.75752739
1.0392494
0.69174876
0.72490123
0.81561004
1.303133
0.80041377
1.4736703
0.81601913
1.376176
0.93041437
0.84099249
0.8830342
1.0071869
1.1851983
1
0.99998748
0.67489837
1.0692275
1
1
0.99869991
0.97879788
1
1
0.49031963
1.2633382
1
1
1.0874688
1.0294081
1.5436958
1.1252107
0.80012763
1.3933962
2.779169
0.99251114
2.3095246
0.85027423
1.1473084
1
1.6506127
1
0.80752109
0.66130965
0.87629374
0.92928056
0.88297244
0.60473513
0.82244342
0.73328611
1.0262992
0.60934499
1.1021985
0.56911573
0.9205398
0.94838274
0.76530942
0.56733958
1.4445149
1.1738688
0.86797035
1.0898242
1.8681367
0.82204619
1.2490988
0.89192856
6.2273403
0.8221443
2.8082818
1.0245868
1.1062847
0.72001759
1
1
1.0002928
0.69519568
1
1
0.97209785
0.83454445
1
1
0.76391267
0.66578309
1
1
1.4465292
0.82945896
1.1308749
1.1640368
1.092976
0.97558882
1.2224895
0.9817589
1.6551345
0.88074159
1.4258386
1
0.97955803
1
3.404468
0.80925249
2.7662697
0.58043378
1.6895787
0.60983448
1.3925063
0.72750849
2.8084045
0.89593122
1.1792775
0.7309059
2.2228398
0.92668892
0.72196285
0.79666624
4.2705502
0.87224191
1.1064778
0.43126411
1.4561873
0.8140483
2.1014144
1.0397788
6.3799562
0.57121479
1.9222659
0.79919215
0.81812034
0.78407003
1
1
0.75527304
0.99079394
1
1
0.95035017
0.99525961
1
1
0.96839066
0.98921758
1
1
1.0080444
0.99597389
0.89404294
1
1.3183148
0.99887019
1.4525431
0.99974754
0.82241323
0.99284719
1.4970011
1
1.4688855
1
1.4592771
0.97481273
0.88959409
0.90802075
1.2989996
0.74389866
1.4496862
0.85156071
1.0236902
1.0997744
1.2255492
0.94922258
0.95563469
0.93228678
1.148218
1.0820008
0.96730397
0.98342796
0.71177348
0.72981712
1.3776407
0.99812635
1.4970461
0.96544134
0.95957152
1.0980363
0.97858769
0.99969339
1.4043845
1.4670927
1
1
1.0584707
0.89616542
1
1
0.81625004
0.98556525
1
1
0.92801483
1.115975
1
1
1.2971267
0.95584791
1.2859956
0.99987959
1.5635352
0.96829177
2.8974984
0.99999694
2.0180332
0.9644836
1.2272027
1
2.1489322
1
0.61253396
1.5286978
0.73247232
0.82655854
0.91372241
0.7984147
0.7526402
0.58748581
1.1417496
0.74173618
0.99230925
0.88188921
0.70122646
0.95640195
0.75415053
1.512331
1.0398898
1.1859526
1.1773311
0.91601529
0.21482505
0.99550017
1.9206311
0.94840014
2.6205877
0.97752875
1.1391458
0.98870445
0.83901564
0.9026983
1
1
0.78219969
1.153769
1
1
0.91222651
0.98866954
1
1
0.85320883
1.0527568
1
1
0.9667205
0.9463298
0.9558414
0.99678491
0.98809527
0.99402758
1.0926364
1
1.1215408
0.98929776
0.99387839
1
1.0772318
1
1.1775018
1.0487762
1.440658
2.1096799
1.6310314
0.44544042
2.6568874
1.4435664
1.8508388
0.75741511
1.225933
1.0781734
2.277412
1.3223424
1.0294824
1.2277623
1.4709434
0.79733111
1.3348182
2.5203355
0.11245583
1.065761
2.1487915
0.88155078
3.7960897
0.8949248
1.2011048
0.90177384
1.4065562
0.74181979
0.99999847
1
1.3866609
1.6891015
1
1
1.0985458
1.0343455
1
1
0.87721546
1.6861612
1
1
0.99027122
1.4849188
2.984438
1.0007813
1.3589339
2.4993426
1.0514587
1.042796
1.0833732
1.0346111
2.6951443
1.0823132
0.75698723
1.9433861
1.4998653
1.1588765
1.0739196
1.1007716
1.7057698
1.0134729
1.0995211
1.17231
1.3531555
0.8246602
1.125384
1.4665203
1.1737984
1.1273319
1.1265659
1.1052236
1.6773828
0.96747857
1.9929599
1.2449539
1.0214325
1.1490877
0.60692494
1.7215926
1.2409752
0.79469355
0.31062464
1.3441455
1.8267679
0.96626857
1
1
1.4274295
1.2354576
1
1
1.6413775
1.092562
1
1
3.8578969
1.85768
1
1
5.8720163
2.2937163
3.8374493
2.2040515
8.9716278
1.8747332
66.480181
1.1902721
25.983737
1.0322487
7.3428036
1.2195354
3.9837702
1.3907663
30.089407
0.83280229
31.479245
1.6974143
1.8864249
0.89608866
1.5488433
1.0073555
5.9293548
0.83658154
2.4968601
1.2047815
10.912914
0.59148223
2.8852238
0.95723948
15.125374
0.86287999
17.261534
1.3423224
77.094028
1.2833135
4.7792552
3.4251052
83.322306
0.7516146
29.221002
1.2903521
1.4389682
0.39940018
1
1
1.0713138
1.2637737
1
1
0.92963708
0.89752618
1
1
1.152621
1.5801275
1
1
1.1683823
2.0453011
1.2115837
1.3096394
1.3103226
1.6192223
0.99853153
1.4088504
1.1957454
1.0849845
1.7048343
0.86168337
1.0530958
0.96281641
2.9165342
0.88087484
2.1362251
1.1027829
1.1637403
0.71922733
1.3290661
0.69138321
1.8122236
0.8560816
0.97791993
0.74662846
1.8519243
0.82138579
1.4093021
1.0220655
1.843271
0.87008057
4.0989806
1.2819648
1.2448451
2.0897046
2.0699659
3.1380841
2.6444274
0.73139602
1.506116
0.90204989
1.0560494
0.66047746
1
1
1.6174325
1.744755
0.99639871
1
1.0251534
0.97983083
1
1
0.97448526
1.3665716
1
0.99995847
0.70016158
1.2476925
1.381654
0.99868397
1.2451448
0.80947297
1.1250441
0.99849001
0.74677934
0.84720397
1.8164255
1
0.53752892
1
1.977373
1.0037503
1.3267433
1.0091001
1.2413141
1.0010053
1.0348553
0.88045463
1.5136006
1.1395152
0.56397727
1.040808
1.5331322
1.1599701
1.0927509
1.0835454
1.6557104
0.82715699
0.93962425
0.43054734
0.83027713
0.99838989
0.7371264
0.89254127
1.1116275
0.8431443
1.0059349
0.78957929
1.3114683
0.93172276
0.99776245
0.99995241
1.168346
2.7282869
1
1
1.1578388
1.7830176
1
1
1.8125246
3.5733583
0.99903879
1
2.1525694
3.2621414
14.914173
0.98511793
9.5906941
2.6578654
45.28288
0.97763319
18.239673
1.2982649
3.0664599
1
3.3196752
1
5.1128353
2.4549352
4.237332
3.7266491
1.0245575
0.97849583
0.88092632
1.883434
1.8904747
0.85346609
1.0743203
3.1066238
1.4086247
1.8004311
1.0758621
2.1341617
1.8257522
3.0988159
2.604709
3.9228901
5.0846971
1.5903439
2.0990167
2.2986306
15.5119
1.1697347
10.908235
2.9386882
1.498005
0.78356407
1
1.2219078
1.2517839
1.0560936
0.9999795
1
1.4585165
1.015509
1
1
2.4405536
1.7153337
1
1
4.0898479
3.1266525
1.0707767
1.1115576
2.103164
1.1547952
1.0105495
0.97494878
1.564517
1.6757677
1.1427265
1
1.0125971
1
38.313693
2.1489262
9.2649873
1.9672003
3.6713874
0.69471786
2.9767281
1.0999613
5.0930599
1.2744335
1.7431993
1.5075156
6.1069318
1.3006821
1.3847608
1.034627
19.046864
1.8279207
6.2647559
1.9377597
1.8777857
1.8972612
4.7490299
1.3180115
6.0460269
1.0870393
3.1462045
0.83464422
1.6371689
0.8404987
1
1
1.1266313
0.8406644
1
1
0.98276496
0.9756433
1
1
1.1579239
0.90830801
1
1
0.94972772
0.99103968
1.6942606
1
1.817106
0.99920978
0.78850004
0.99998519
1.343562
0.96190352
1.8143058
1
0.72172286
1
1.8203782
0.9876798
1.3165048
0.97178752
3.1677331
0.81995834
1.4108265
0.66286827
2.1089016
1.1195898
1.2943576
0.974408
1.4144152
0.93968139
1.5463228
1.4457534
1.5771302
0.99338439
0.88105959
0.69902702
1.0170173
0.99992499
0.65078927
0.99996029
1.1878979
0.99991647
0.70455378
0.98781415
1.9296677
0.94935226
1
1
1.0742535
1.1792336
1
1
2.0578735
0.9341224
1
1
1.0712584
0.99492428
1
1
1.2815686
0.94096738
22.389216
0.99872961
5.4680498
0.9932453
8.5659637
0.99995841
12.846405
0.99263834
2.051798
1
2.9788736
1
2.4457957
1.1491058
3.3618899
2.1476516
0.53723256
1.1185643
0.39069039
1.8910303
2.0163598
0.82491266
1.074567
1.0792264
1.1483138
1.0780713
1.270111
1.2792269
1.4101313
1.5911936
2.5603127
2.1191574
6.7175557
0.99469395
1.9609353
0.96943358
5.2273992
0.96835344
6.7092134
0.95159381
0.78105102
0.71503103
1
1
1.0052436
1.2363607
1
1
1.4542436
0.97881439
1
1
2.1291135
1.2784847
0.99979605
1
1.4595809
2.006939
1.4394391
1.2011851
1.1363024
0.98794431
1.194706
1
0.91645573
1.1116401
1.3481968
1
1.0020031
1
10.525538
4.3326659
7.2835632
3.689983
2.1320706
1.6208585
1.8283422
2.2977457
2.238239
2.6987154
1.3470954
1.7952285
3.0544663
2.4322791
0.81973562
1.6272666
4.9634196
4.1623381
3.658223
3.2818558
0.19427802
1.2352162
2.3655411
0.86177092
3.4913948
1.4856993
1.9978859
1.0035056
1.8069956
0.66757171
1
1
1.2258867
1.2403388
1
1
1.2461924
1.0193723
1
1
0.88194097
0.85505296
1
1
0.99037417
1.0496199
1.3148632
0.97924849
0.99331382
1.036346
1.1850854
0.98850318
1.0199048
0.83783075
1.1936107
0.53105628
0.90249726
0.83656861
1.7724239
0.6536328
1.1194151
0.73571408
1.3928511
0.55673989
1.2249216
1.3001105
1.0200986
0.46059956
0.80279513
1.160084
1.0208075
1.223933
1.2440226
0.97156153
1.5673134
1.3373782
1.0619649
1.3291768
1.0531549
0.98029334
1.2964735
0.99751652
0.61808687
1.3303189
1.1195054
1.5758685
1.0037077
0.64836971
1
1
0.83110937
1.0881145
1
1
0.96522521
1.1569729
1
1
1.0140914
1.9930024
1
1
1.4655906
1.2753281
1.0983918
0.87022543
2.049934
2.1352602
1.9637306
0.93367799
9.4215737
0.8508827
7.5013379
0.84488003
5.4451608
0.67254746
13.394505
0.69318666
6.3862079
0.69693715
1.5780297
0.65509134
1.11704
0.81552818
3.9528061
0.73344776
0.34374134
1.25661
3.012223
0.72448551
1.4873139
1.0537843
11.803711
0.83134379
7.0734797
0.76554936
1.6071776
1.0402319
3.2519719
0.86321257
18.423579
0.66681776
10.003178
1.1689082
1.1315315
0.57694986
1
1
1.0621114
0.81738357
1
1
0.9968672
0.91325503
1
1
1.1097095
1.3360496
1
1
0.99348345
1.0241625
1.1452429
0.90214024
0.98522938
0.8116932
0.92970249
0.87103057
1.1777469
0.70638382
1.4201102
0.55981432
1.2166687
0.65678553
0.94736868
0.58916733
1.3935458
0.78114428
0.93292681
0.66572741
1.1198273
0.6934188
1.326134
0.81183732
1.0581977
0.90414919
1.1017842
0.76765945
0.91441798
0.5193728
1.6185116
0.49519239
1.7093241
0.80543977
0.99196342
1.3946291
1.3572071
0.87375718
1.0824079
0.78964335
1.0003787
0.93465322
0.98485202
0.562307
1
1
0.76961481
1.4136077
1
1
1.1843627
0.9772893
1
1
1.248638
0.9304459
1
1
1.1747189
0.91517158
0.78991323
0.99978974
1.1592465
0.92626313
0.95063988
0.99993481
0.9528954
0.96619254
1.5374117
1
0.81755688
1
1.8318825
0.93652777
0.92671466
0.92822906
1.3967816
1.1735582
1.4974306
1.080645
0.6280285
0.73960805
1.1530236
1.2465329
1.9497638
0.88608204
0.84220736
0.72195536
1.4713848
0.87347956
1.3260131
0.79751087
1.2539528
0.99992756
1.7348585
1.048264
0.87668031
0.99617201
0.86508458
0.98940618
1.1234909
1.0724883
1
1
0.69303838
1.5660256
1
1
0.7566209
2.3769258
1
1
0.75812772
2.6168423
1
1
1.351137
1.0353681
0.96440404
0.99255058
2.4724356
1.4343717
5.982848
0.99577548
6.3369939
1.0971126
3.8714965
1
7.207617
1
3.1536406
1.9869372
1.3287164
3.0001038
1.0279054
0.89684334
0.76578648
1.0175961
1.4189459
0.62731894
0.82254486
1.9349868
1.4145407
1.7086
1.3998971
1.3672185
2.0402979
2.4936278
1.2086385
3.3994111
1.2354247
1.5018836
1.8438967
1.6071516
2.6705016
2.001431
2.095357
1.8545628
1.7390681
0.84194136
1
1
0.94341831
0.92443382
1
1
1.1965075
1.1802837
1
1
1.2512763
1.1487419
1
1
1.182251
0.93886228
0.9999746
1.2131327
0.98689728
0.95395141
1.2053415
0.99706785
1.1465737
1.1935136
0.90722603
1
1.123723
1
14.51884
1.3034185
2.1952843
1.5793267
3.4425782
0.65781242
1.9007333
0.93545613
1.7910744
0.81510955
0.793326
1.0574264
4.1815258
0.78735227
1.2921765
0.79127849
11.486775
0.83336107
1.7132712
0.69772888
1.4008275
0.99122791
1.1465292
1.0331903
1.2477346
1.1458894
1.1458948
1.1932676
1.7933249
0.82822632
1
1
0.96835066
0.982971
1
1
0.98550238
0.99986986
1
1
0.98865696
0.99464261
1
1
0.97608978
0.99860824
1.0566762
1
1.4538791
1.1530294
0.98798342
1
0.97961121
0.99787098
1.0601964
1
1.0367845
1
1.4538261
0.99978138
1.3214125
0.99639253
1.2664839
1.0350885
1.5155713
1.4437616
0.98181908
1.0542008
1.101183
1.2135411
1.836401
0.9320572
1.0313583
1.1643472
1.9168084
0.99751534
1.0757939
0.99765412
0.71523109
0.99999837
1.0176
0.99965575
1.1511798
0.9999899
0.96767611
0.99999835
1.6771897
1.1231876
1
1
0.71040845
1.3192854
1
1
0.99078773
0.99235795
1
1
0.93967643
1.1289789
0.99370971
1
0.96180845
1.154469
1.6275891
0.99999963
1.0899407
0.9996568
1.6496843
1
1.4562597
0.99944826
2.7763526
1
4.5602115
1
2.2937972
1.0980648
1.0177758
1.3683919
1.1092041
0.94714911
0.75156881
1.1869251
0.79177099
1.3395553
0.82338068
0.95268134
0.86828853
0.9386609
0.79581374
0.90018106
1.5610171
1.3218341
1.1202631
0.93005079
0.6684501
0.99983251
0.84837582
0.95763807
2.5398377
0.99983693
0.92600487
0.99822891
1.0628044
0.98028404
1
1
0.8834666
0.91587694
1
1
0.99934201
0.99662245
1
1
0.89426394
1.3775287
1
1
0.99739256
0.98277877
0.99532006
0.9997647
0.99448128
0.99832798
0.99732729
1
1.679811
0.99936233
0.96297084
1
1
1
7.8532719
1.0892426
1.4575635
2.2059219
2.476933
1.1242212
1.3375886
1.2243655
1.4090198
1.4267015
1.6491822
1.8449294
5.2152316
1.3431824
1.6663755
1.3282377
5.8091721
1.376375
1.7175831
2.9025795
1.0958588
1.2125597
0.99398141
0.9953353
1.574941
1.1976695
1.2161466
0.99936622
2.5207606
0.95673826
1
1
1.2620812
1.0302863
1
1
1.1578011
0.94133066
1
1
1.0136622
1.1492118
1
1
1.1375629
0.97276325
0.98302504
0.98029193
1.4122261
1.1231246
0.91086853
1.0223782
0.6485495
0.99009035
2.3366868
0.99948977
1.1874055
1.0252656
1.6409042
1.4338863
1.3858307
0.79088054
0.86323685
1.1918687
0.86803911
0.96344059
1.9326051
0.75296948
0.84417908
0.68606693
0.984805
1.1574589
0.75350686
0.62276798
0.87136328
1.2442496
0.90067311
1.1574985
1.0668836
1.0942978
1.3389839
1.2877382
1.3833453
0.78188739
1.2608049
0.92506637
1.7247342
1.1586843
1
1
1.0978996
0.75436818
1
1
1.526989
1.1816733
1
0.99998422
1.7307936
0.86334909
1
1
3.3391356
1.1995842
1.9318473
1.3065949
3.9302582
1.9416893
13.405099
0.95224742
11.39826
0.98202285
4.0491708
1.2543303
2.9582988
1.240396
13.491137
0.99061903
11.312694
1.2302726
1.4924254
0.8432415
1.1389467
1.135272
7.088505
1.0219754
1.5235071
0.92921111
3.2504313
0.78276031
1.2367653
0.93641511
6.6974194
0.96622201
8.7141383
1.2918355
9.4943291
1.1903412
5.917279
1.4954105
19.986308
0.92973018
17.342992
0.94592133
1.3329196
0.85603357
1
1
0.94605417
1.2683305
0.99993162
1
1.136155
1.0371651
1
1
1.0924737
0.8508101
1
1
0.79991477
1.1188043
0.9400212
0.94560955
0.96064028
1.3579741
1.4432196
0.95962093
1.1444929
1.1864051
1.1609424
1.0374893
1.1948265
1.3122078
2.3019822
0.87202078
1.0430238
0.84631878
0.96316879
0.84106939
1.2111854
1.0348641
1.5192989
0.86170143
1.0425461
1.0417435
1.0877593
1.0541698
0.85402757
0.81204073
1.7070319
1.0857611
2.0225299
1.0268965
0.75027888
1.6802759
0.81653089
1.7582415
8.3165467
0.97534096
1.4923318
0.87376244
1.087193
0.85592431
0.99998844
1
1.7622614
1.089623
0.99631251
1
0.94209642
1.1664133
1
1
1.0875809
0.9254099
1
1
1.4211148
0.99028178
1.2619118
0.99998901
1.171194
0.97193318
0.96405713
0.99994545
1.008918
0.97694551
1.2111957
1
0.78962979
1
1.1347489
1.2710721
1.2608498
1.0444168
1.148729
0.89004041
1.0628925
0.95492948
2.8984337
1.3213623
0.80925417
0.69724824
1.0358794
0.78343038
0.92708524
0.80283994
1.0234547
1.1639635
1.1599553
1.5046938
1.4396943
0.99989175
0.94235028
1.0511567
0.92635009
0.9937313
0.89370296
0.82994378
1.1439784
1.0547416
1
0.99993904
0.75473505
1.9732455
1
1
0.67311148
0.97765447
1
1
1.6475293
2.0639502
0.99927641
1
1.3800929
1.3774107
4.3873076
0.99828979
2.7509939
1.6221955
5.0982088
0.99332999
5.9129044
1.6960788
2.4189755
1
2.7709866
1
3.3721236
1.8470787
2.20613
4.2537997
0.97056429
0.86458014
0.89269575
1.2343894
1.1671069
1.1555795
1.1558231
1.7004855
1.4379132
1.7552285
0.65300147
1.5040568
1.4725047
1.8411249
1.4363123
4.5083082
0.78564666
1.6088844
1.3115311
3.3875832
5.6766994
1.468586
3.9265696
2.9410589
1.3388028
0.88353243
1
0.9996518
1.5723382
0.89455864
0.99999971
1
1.0880256
1.8346701
1
1
1.2179406
0.97530184
1
1
1.2583828
1.3278064
1.4673651
0.97497355
0.97994784
0.89193082
1.0820239
0.98151716
1.1051375
1.1998338
1.4652979
1
1.4584558
1
13.785711
1.0874616
3.0210152
1.6652327
4.150458
0.80035392
2.6506805
1.133637
6.4913918
1.237885
1.1620052
1.6105285
4.4271178
1.3004767
1.5066182
1.0553474
6.9947616
1.3900996
2.1192678
1.2100842
0.85539197
1.065326
1.4935579
1.6093989
2.8554191
1.2023278
1.2788153
1.2174333
1.6808804
0.96144709
0.99996044
1
0.89340093
0.99843973
1
1
0.97740983
0.99629461
1
1
0.99025744
0.93299554
1
1
0.94443716
0.99921421
0.92925078
1
1.842237
0.99659256
0.98792811
0.99999874
0.94245632
0.9982676
0.87845923
1
0.93237956
1
1.2360986
0.9997841
0.87788067
0.99878473
1.0565425
0.86980488
1.2959671
0.67044873
1.7456863
1.1929508
0.80909537
0.98575452
0.83053814
0.99431597
1.1819832
0.97814723
1.2813
0.99943096
0.70423435
0.96600716
2.2150738
1
2.5785108
0.99920637
1.2566661
0.99888391
1.0280187
0.99439817
0.94779668
0.98363905
1
1
0.91667864
0.94742429
1
1
0.89338778
0.97851464
1
1
1.0821786
0.95826792
1
1
1.4708427
1.3229835
5.4268571
0.99995916
2.4782615
0.99576101
1.3510853
0.99999556
1.1890062
0.99172528
1.9908948
1
2.4350539
1
1.4181731
0.95078686
1.3569838
1.0123712
1.0227121
1.215635
0.81485712
1.3258297
1.4737017
1.0724688
1.7762672
1.0075285
1.1631184
1.5208891
0.59182657
1.100619
0.96527485
0.82672127
1.118311
1.6013807
0.060038989
1.1581799
2.2699875
1.4891408
3.6970392
0.9881372
1.56471
0.9225848
0.98367611
0.99229262
1
1
0.9749036
2.4810393
1
1
0.99029276
1.1410921
1
1
0.96779539
1.1092872
1
1
0.96587372
0.89563021
1.0746139
0.99938083
0.89534046
1.2191902
1.4339576
0.99999942
1.189127
0.99788369
0.81584379
1
1.1103794
1
3.985499
3.3808142
2.4645485
2.7304119
2.4995671
0.99283787
2.0481876
1.4066645
3.8672824
1.4010294
1.2077003
1.8823862
2.9394472
0.87046541
0.85580128
0.93845505
3.4993402
1.9565602
1.5493446
3.5027883
0.77686363
1.1887113
0.86891485
1.3702309
2.1523551
1.1738503
1.5731738
1.1086628
2.247536
0.88051101
0.9999967
0.99997337
0.80697143
1.1613808
1
1
1.2970503
1.1577558
1
1
1.2385886
0.76519764
1
1
0.7376116
0.75103915
1.3476452
0.99742534
1.299436
0.68833604
1.3608308
1.1896397
1.1993629
0.73903405
1.4275126
0.5135962
1.2280545
0.65117463
1.2236808
0.68587612
0.56841268
0.74509319
1.1382687
1.3547275
1.0396649
0.91135698
1.9781542
1.591188
1.2449323
0.90606062
0.6278691
0.58001676
1.0938576
1.0619528
0.96470593
0.73499332
0.94613257
1.0853989
0.53871464
1.1496002
1.4469405
0.68823297
1.2942639
1.0442225
0.63093462
0.76022851
1.0696102
1.156866
1
1
0.95758248
1.0173239
1
1
0.7483866
1.8719352
1
1
1.0032951
2.1897293
1
1
1.0804894
1.4335451
3.9484471
0.99800925
2.5853423
2.3600597
12.703587
0.91039233
4.905391
1.1747317
1.1411666
0.77345355
0.86402728
0.45399217
1.6047759
0.79208315
1.9616523
1.1513286
1.3018188
1.0129102
0.98736966
0.90517045
4.2027422
0.59692912
1.3118854
1.2136691
2.4314059
0.95611934
1.1415286
1.0851155
2.8453935
0.87352973
1.849011
1.1598017
2.779509
0.67766218
2.7109867
1.9545398
20.918409
1.010227
8.1675757
0.84426257
1.518904
0.81388548
1
1
0.88945493
0.92565026
0.99970573
1
0.96890398
1.0068627
1
1
1.0803169
1.1811827
1
1
1.1569916
0.5882327
1.1019548
0.67692213
1.209737
1.104874
1.0729409
1.0224072
0.99071728
1.4174185
1.3135291
0.52857329
0.71978776
0.44681919
1.1421057
0.62577912
1.8971524
0.68848634
1.5209541
0.67876998
1.0618507
0.75465195
1.9194302
0.73217979
0.87787855
0.82813335
1.48202
0.95698949
1.0099195
0.62981834
0.89824058
0.63990569
1.2747359
0.4970412
0.92240829
1.1794693
3.5975498
1.1594168
1.7676189
1.6446658
4.245504
0.79340112
0.98984978
0.74550238
0.99998244
1
0.72391747
1.2785102
0.99006349
1
1.4147765
1.2930501
1
1
1.2174493
1.1016902
1
1
1.0929477
0.98337611
1.3402271
0.99786339
1.3457357
0.95859163
1.5645897
0.99474511
1.6413137
1.1304524
1.6740061
1
1.1398867
1
1.7073652
1.2180189
1.561571
1.1966071
1.4856917
0.92382549
1.1659571
0.72532639
1.8633982
0.90470679
1.0207695
1.0501444
1.3482293
1.0312751
1.0597914
0.77302017
1.2333785
0.85946357
0.98919791
0.88054132
1.3224427
1.0168153
0.78232734
1.5223902
1.1997665
1.1102621
1.0322222
1.0462491
1.0621064
0.9970016
0.99974047
1
0.77584305
1.4018565
1
1
0.69145332
1.5587453
1
1
0.74236735
2.1199124
1
1
1.0028601
1.9309076
4.7483497
1.1139293
4.6023103
2.549189
7.1887551
0.99034712
5.0109185
1.0776222
0.67658533
1
1.0249886
1
1.0516987
1.878059
1.1872408
1.5881853
0.74845516
0.70544469
0.97479172
1.2023958
1.2202493
0.81797799
0.71349004
0.54050911
1.0354424
1.4130236
0.69086561
1.2633547
1.0826764
1.7676638
1.1147388
2.3416835
2.2718438
0.99756263
1.927438
2.3619822
5.4779217
1.2233031
4.8523138
1.4198557
1.3172631
0.89128128
1
0.99823516
1.2253822
1.720279
1
1
0.88510652
1.2751417
1
1
1.0133644
0.7786271
1
1
0.87047107
0.82899836
1.3511932
1.020768
0.93993908
0.95381131
1.3354185
0.95258268
1.7678856
1.1745137
1.2944739
1
0.95117591
1
1.6613667
1.1711866
1.0825269
0.79101591
1.684863
0.88729739
1.00961
0.94432633
1.8764251
0.90775041
0.72952896
0.77334104
1.394254
1.5004252
0.86514467
0.54866646
2.1924601
0.94228671
1.2714633
0.8794948
0.72047454
0.91770444
1.5385906
1.2529257
5.4146278
0.92414129
1.5263004
0.52303805
1.1382667
0.81508047
0.99981329
1
1.467405
1.1737781
1
1
0.97164948
0.99590946
1
1
0.87386119
0.98098884
1
1
0.93213149
0.9988091
1.1987581
1
1.41212
0.99986147
0.93732358
1
1.5485878
0.9913865
1.6937497
1
1.3978316
1
1.6143548
0.99768827
0.66154421
0.98786833
1.6373235
0.73607325
0.92741666
0.81227898
0.77940731
0.87362724
0.92769617
1.1690486
1.9042362
0.97603847
1.1586048
1.3293509
1.9761432
0.97934132
1.2044528
0.91692317
1.305585
0.9988196
0.92128889
1.0992963
0.8783699
0.99349915
1.0986839
0.99722462
1.3044091
0.8965025
1
1
0.73317466
1.3606353
1
1
1.1182789
0.97430858
1
1
0.97094116
1.1622723
1
1
0.93074794
0.97203883
1.6876811
0.9999989
0.99127997
1.1458916
1.6200939
1
2.4121289
0.94057794
0.56875091
1
1.2043986
1
1.030804
1.1511107
1.3978317
0.90434912
0.52758937
1.0448615
0.91738338
1.7114643
1.3670374
0.58808167
0.83859667
0.91282864
0.84601023
0.89644893
1.1419446
2.154732
0.75662685
0.85450602
1.1649808
1.5752959
1.1896899
0.98328009
2.7744163
0.89584763
2.7491943
0.96911704
2.039618
0.94537665
0.86366037
0.99114316
1
1
1.4088019
0.95900704
1
1
1.0587072
0.96989977
1
1
0.96907682
0.91895619
1
1
0.89948716
0.86645324
1.0688131
1
0.9972416
0.99658966
1.0363548
1
0.98157827
0.9744004
0.97846068
1
0.82188794
1
1.1386455
1.3691357
1.6510293
1.7892766
1.667535
0.8903464
0.94701491
1.2915382
1.3968321
1.3717241
1.0641515
1.3656551
1.0194475
1.3261022
0.69984016
1.2403573
1.4376432
1.4385763
1.6940983
2.6824617
0.33612773
0.94646459
0.9566408
1.4578631
3.8601639
1.0802291
0.86765383
1.1359844
1.3594118
0.7759425
1
1
0.72791484
0.46921154
1
1
1.099415
0.87653904
1
1
0.68134187
1.0358215
1
1
1.1292316
0.82840186
1
1
1
1
1.0282951
0.97098362
0.86422747
0.27474157
0.88885317
0.28894766
1.2299598
0.69040035
0.75690569
0.39102918
0.67376763
0.53236549
0.67385715
0.58542286
0.74845772
0.67781316
0.92642961
0.25223788
1.304873
1.416951
0.95455618
0.3844574
1.1307451
0.46141404
0.77512439
0.42745364
0.38869052
0.50093396
1.8731713
1
1.7092711
1
0.89973035
0.2516318
0.60834618
0.26157027
0.941432
1.4302137
1
1
0.8464926
0.81908576
1
1
1.1020704
1.310791
1
1
1.1341648
0.70170934
1
1
1.1763021
1.3670518
1
1
1
1
6.3408191
1.0859976
4.6690207
0.3555348
2.6478644
0.4181795
1.3728771
0.81579267
1.0921184
1.1588656
0.92082355
1.1696313
0.70423801
1.7012374
1.0222766
1.1166344
3.958207
1.5426508
0.64220335
1.2032647
0.74397047
1.7901466
1.3592234
1.0990615
1.4842141
1.9419445
1.7605902
1.580974
3.6481281
1
0.86197146
1
14.357493
0.97910946
5.6178655
0.60974079
1.5175212
0.96888123
1
1
0.6314524
1.0784486
0.99991475
1
0.98537799
1.1486197
1
1
0.88797868
0.89254891
1
1
0.93260337
0.86205539
1
1
1
1
0.99996856
1.0257214
1.0949351
0.70728356
0.91342216
0.43477683
1
0.35700361
1.0021312
0.73775585
0.72251753
0.71887033
1.0162648
0.97235447
1.141756
0.89904037
1.1925535
1.1796135
0.93496678
0.57974487
1.1795616
1.4333014
0.89391723
1.0093945
1.4475861
1.0256425
0.93353947
1.4987025
0.69628642
1
0.61553531
1
2.4349059
0.57329042
2.0555867
1.0180217
1.1441465
0.98793613
1
1
0.64877009
0.78836903
0.99994986
1
0.96620489
0.88427484
1
1
0.53756743
0.97484072
1
1
0.80782337
0.99952905
1
1
1
1
0.97567888
0.99998066
0.88926449
0.99789667
0.73492769
1
0.89825118
1
0.88918136
0.99179393
0.40738093
0.94754053
0.97929515
0.41191561
1.169845
0.52030811
0.81129347
0.8614082
0.68042976
1.0392281
1.0210603
0.64092863
1.1819989
0.9851728
1.4219782
0.90852478
0.34988299
0.94079777
0.91765484
1
0.92690416
1
1.0720229
0.94693546
1.1081412
0.97944004
0.84485224
1.0716859
1
1
0.90615611
0.86232096
1
1
0.89262186
1.0063429
1
1
0.93678311
0.75648938
0.96799636
1
0.68591951
0.7797957
1
1
1
1
3.5338221
1.2101301
4.3626364
1.0627975
1.4637636
1
1.0704597
1
1.1167149
0.9686609
1.0309874
0.68095573
0.63305851
1.2537318
0.77837503
1.4693706
0.97098529
2.3315218
0.86776158
1.6497666
0.602138
1.5108539
0.94093652
1.4947136
0.85895844
1.6992321
0.92142608
1.3321308
0.6540066
1
0.72006702
1
2.0315437
0.72961195
3.4325666
1.0875461
0.97456509
1.0475378
1
1
0.70511422
1.0258617
1
1
1.3824227
1.0355992
1
1
0.93757774
0.82519555
1
1
1.0503226
0.76405133
1
1
1
1
1.1727032
0.99533432
1.0610642
0.96108667
0.93446774
1
1.0773178
1
0.87572043
0.76908797
1.6105942
0.77443497
1.045739
1.6927848
0.73770815
1.8804865
1.0825795
0.76636393
0.8966983
1.171131
1.0406776
1.7080446
0.71638547
0.81249936
2.1908721
1.3789185
1.071682
0.89453079
0.68235094
1
0.76681968
1
2.0597307
1.1664809
1.503996
1.0896778
1.082605
1.0153211
1
1
0.86757884
0.99301996
1
1
0.996767
0.99953662
1
1
0.90008273
0.94907639
1
1
0.99929919
0.99985045
1
1
1
1
0.86929132
1
1.1955225
0.92620225
0.88576929
1
1.0745154
1
1.0587384
0.99999173
0.68155928
0.99951491
0.60435421
0.8866421
0.70838195
0.61244127
0.69109131
1.1417047
0.74917339
0.9741191
0.93395141
0.96397889
0.84302243
1.1657868
0.99271564
1.1465504
0.57952703
0.99902944
0.88679803
1
1.6856994
1
1.0600866
0.99867544
0.85247074
0.99817075
0.57997988
1.1816453
1
1
1.1440219
0.9381174
1
1
0.92614954
1.1946239
1
1
1.1103796
0.96048242
1
1
0.95914791
0.98651237
1
1
1
1
2.1845845
1
1.147906
0.99824356
1.0553526
1
1.1999901
1
1.0267189
0.9853367
1.3979877
0.9396115
1.0255855
1.1809948
0.91465601
1.0412865
2.0591833
1.1013204
1.1560878
1.0439623
0.57785563
1.0598134
0.58231769
0.87391237
1.4493972
0.94700506
1.217538
1.3881306
0.52071346
1
0.6216618
1
1.9081112
0.99642371
1.7773338
0.99760914
1.0835246
0.93139354
1
1
0.93971508
0.7237277
1
1
0.99949189
0.95605237
1
1
0.98406247
0.9225454
1
1
0.9819162
1.0777737
1
1
1
1
1.162982
0.99999582
1.1554534
1
1.0242993
1
1
1
0.92705054
1.1381579
1.1320318
1.4966354
0.96247439
1.1496914
0.94553069
1.1480358
1.14882
1.6161992
1.0853861
0.87102727
0.70508208
2.1814763
1.2696696
1.4100104
1.1156088
1.3593665
1.3046655
0.87969624
0.017842324
1
0.71864065
1
0.8335341
1.1407898
0.99684857
1.2176501
1.4305558
1.2307129
1
0.99912004
0.67038416
1.1163831
1
1
0.88339999
0.86399652
1
1
0.88141027
0.93233311
1
1
1.0562743
0.77020213
0.75933762
0.97866489
0.36029887
0.87943258
0.83520929
0.97903443
0.49135999
0.73848543
2.2472403
1.2033244
0.86598256
0.52038669
0.71677883
0.52473047
0.58945634
0.67783746
1.1724252
1.0377534
0.76744778
0.44886176
0.83295635
0.87616523
0.90057889
1.0236418
0.36681005
0.750871
0.97904697
0.63178131
0.66132143
0.51894743
0.69553711
0.88137256
0.88560036
0.8396794
0.40285889
0.51051533
0.89520578
0.94178187
0.58116614
0.61854363
0.69009704
0.218468
1
1
0.50023317
0.63362141
1
1
0.90793592
1.1244608
1
0.99990939
1.1476186
0.67169816
1
1
1.0907354
0.91443169
0.90114465
0.97719621
0.60468016
0.78509087
1.9797284
0.98852119
1.2175462
1.1366635
2.0224111
0.52098349
1.115016
0.73597674
1.4910608
0.55214666
2.9157271
0.95122749
1.0017111
0.6051051
0.57053185
0.47574322
1.5029051
0.2357618
1.0783439
0.91503742
0.99176577
0.45707304
1.2215284
0.69359504
1.4988255
0.60483086
4.5645721
0.89776557
0.93027829
1.0635877
0.88031475
1.2468754
1.6982756
0.52333158
0.99474029
0.52513643
0.49160849
0.30437488
1
1
1.0764479
0.73873466
1
1
0.99635608
0.6788497
1
1
0.97644449
1.309018
1
0.99999897
0.98868162
0.96518865
0.99999972
0.98918763
0.9962225
1.0222523
0.99980638
0.9338433
0.97851721
0.93993507
0.60239317
0.62417838
0.70041715
1.3063704
1.4171608
0.36583159
0.94305744
1.2674053
1.0748392
0.46088643
0.62365689
0.58645041
0.97665169
1.061913
0.88952065
0.56446384
1.4281652
0.73907188
1.2819825
0.46868777
1.1281505
0.45478927
0.73582727
0.6511106
1.0641171
0.93056822
1.2476036
1.2241622
1.8730545
0.81359113
0.96453713
0.73438178
0.85065633
0.38433467
1
1
1.0504687
1.2065534
1
1
0.8359596
0.99378188
1
1
0.63568372
1.1788263
1
1
0.81399196
1.0185588
0.85250315
0.99999985
0.75446615
0.99919152
0.98455719
0.99751804
0.84058997
0.99855638
1.5169988
1
1.4082428
1
0.85534661
1.2893868
0.64178479
0.91413925
0.85972958
0.82421375
0.63368483
0.70521344
0.88018529
0.47584156
0.79582319
1.0372715
0.62295578
0.90034766
0.71475833
1.0105094
0.59941699
0.86076047
0.54254575
1.2400281
1.1543371
0.99833565
1.0116062
1.1221983
0.63282655
0.99350525
0.9016642
0.83565271
0.69192498
0.67164213
1
1
0.62051251
0.57742518
1
1
0.92590696
0.93022489
1
1
1.0089805
0.61914816
0.99979041
1
0.86653509
0.5895127
0.97115429
0.99993422
0.82620994
0.96063741
0.96150817
0.9994911
0.87893212
0.96494273
1.3430791
1
1.4302643
1
0.39980056
0.80895934
0.62340323
0.57820764
0.41584693
0.43246065
0.3290431
0.45996947
0.49536339
0.16680986
0.75263254
0.42335482
0.43199611
0.44114354
0.71991264
0.43407647
0.50915848
0.72895126
0.495493
0.85206863
0.42834439
0.99136273
0.6013043
0.80667451
0.74871604
0.87661479
0.68167342
0.79949401
0.26220209
0.24005736
1
1
0.90898111
1.3880352
1
1
0.83457335
0.97688454
1
1
1.0205831
0.86802029
1
1
0.99129227
0.86679631
0.94376086
0.99873626
0.99973961
0.99615311
0.99991554
0.99912453
0.99524955
0.99803866
0.69712079
1
0.76851301
1
2.3715896
0.7963722
2.0772959
0.78408644
1.0829726
0.25630235
0.53776852
0.82192705
1.8220196
1.2056717
1.3898338
0.81037569
1.6929372
0.85462553
0.92491974
0.4567972
2.383956
0.88708523
0.76986769
0.67873736
0.57949667
0.97967828
1.3911349
0.93740619
1.2166426
0.97890784
0.87123506
0.96147051
0.95109656
0.46665028
1
1
0.97439043
0.99320246
1
1
0.99995196
0.99977424
1
1
0.98147473
0.99071943
1
1
0.99189252
1.2038438
0.92032449
1
1.0744543
0.99998461
0.99950966
1
0.9934096
0.99990261
0.6509687
1
0.81417991
1
0.58951404
0.92609396
0.73853988
0.98472305
0.8181592
1.1288236
0.68945897
0.85869905
0.79652042
0.99501348
1.0572218
1.0841816
1.0822612
0.97672785
0.9247231
0.76729215
0.79642804
0.99258565
0.33562937
1.1285091
1.2133447
0.99986774
0.90771383
0.9971068
0.78027205
1
0.70685572
0.9999991
0.89033171
0.27784951
1
1
1.0102557
1.1677768
1
1
0.99329428
0.99175675
1
1
0.96230634
0.95160362
1
1
0.88311802
0.97349093
0.97900273
0.9999999
0.97824416
0.99972529
0.99875166
1
0.94837028
0.99935004
1.1281051
1
1.3631738
1
0.43177628
0.9897397
0.84866655
0.96748317
0.31568855
0.74799665
0.31499737
0.70941541
0.59050233
0.70682773
0.77458693
1.1188709
0.3089452
0.86034509
0.99490453
0.67443303
0.50626567
0.99283994
0.42038846
0.98315423
0.39292067
0.99835834
0.70871398
0.99983144
1.1312221
0.99986304
0.95399695
0.99949608
0.39581479
0.42121726
1
1
1.0648059
1.2379148
1
1
0.91440112
0.98761854
1
1
0.99419511
1.7091088
1
1
0.98176667
0.93034757
1.239618
0.99999912
1
0.99899646
0.99996231
1
0.99975283
0.99918707
0.84458143
1
1.1267925
1
1.0982882
0.96480337
0.86881133
0.73488029
0.8529851
0.81822448
0.47247874
0.55672812
0.90673492
1.0920459
1.0806885
1.0119358
1.2621305
0.57659276
0.55839216
0.714647
1.0840874
0.97070759
0.57076953
1.3164956
0.13325377
0.99606521
0.86211008
0.99090343
2.1199736
0.99999994
1.4342216
0.99681307
1.2440315
0.20477626
