0.65884259
1.0904203
0.79453817
0.9959142
0.93084705
0.98437769
0.82451223
0.99253477
0.95538866
1.5620735
0.66645935
3.0105943
1.3842866
0.58113928
1.016422
1.5941345
0.6682204
0.89443061
1.0861453
1.4434917
0.86550556
1.3239225
0.83156277
1.882604
0.92674052
1.8028196
0.95203399
4.5040241
0.86408145
1.2137074
0.36918099
1.1905805
0.55819906
1
0.81385249
1
0.80873075
0.99972472
0.83355039
1.7507552
0.89987109
0.9652043
0.96171726
0.66160553
0.76377722
1.4506516
1.6243454
0.97283578
0.96744295
1.4041258
0.93787066
1.2752985
0.73682029
1.9468508
0.85610501
1.959143
0.83337118
2.4394722
0.90565133
0.89838894
0.44073913
0.9996097
0.73606539
1
0.72550322
0.9996978
0.82745281
0.99956507
0.76972355
1.5606818
0.72775523
2.4205277
1.6011543
0.48380238
0.99698041
1.1636642
0.77077469
0.82997389
1.0344745
0.99069761
0.94038912
1.0726429
0.54727204
1.3911515
0.52692779
1.5515795
0.85900267
2.6824853
0.81443768
1.2741114
0.47488123
0.98290047
0.5261222
0.98778426
0.6279353
0.99455988
0.63509789
0.99428936
0.5830438
2.1305994
0.80890174
1.6079156
1.0248806
0.8111532
0.95211092
1.9808523
0.96156667
0.86237796
0.95035769
1.4632675
1.1067586
1.287666
1.0390551
2.0817436
0.89607617
3.8009275
0.81490294
3.136654
0.82781908
1.3047305
0.70423347
0.94368165
0.64710309
1.1503592
0.69141145
0.76174381
0.83302312
0.83948989
0.77093318
0.50422507
0.77127561
2.1028502
0.88277717
1.0766893
0.99726934
0.86784147
1.1004662
0.96996117
0.79957848
1.2083436
1.0145077
1.4403108
1.3621212
1.5649585
0.9981931
2.7626453
0.67122108
1.6946642
0.92917734
1.1333377
1.0915985
1.0068752
1.0432838
1.0699736
0.77031416
1.0211978
0.82082387
1.1121441
1.0281212
0.28587216
1.3346121
1.2284603
0.8644869
0.57453777
0.76212905
0.25971417
1.0590382
0.79513927
1.2678545
0.91635437
1.140203
1.1177465
1.2778133
0.72487058
1.0068771
0.98405133
1.3915131
1.2305731
1.1269918
1.0437912
0.86625792
1
1.1674584
1
1.121371
1
1.80915
1
1.8688566
1
1.3857066
1
1
1
0.90060036
1
0.82830924
1.403777
0.7386378
1.6241368
2.9817173
1.2308384
1.1946847
1.4674358
1.0302991
2.5143116
1.1061644
1
1.0307059
1.2522372
0.63859737
0.80153989
0.50265803
0.62294253
0.64401967
0.5980107
0.69793305
1.0923823
0.75112529
2.2372086
0.89029704
5.8138602
1.6225318
1.2052383
0.48469123
1.6012541
0.44496825
1.0232971
0.86680357
1.1873567
1.5875658
1.4850558
0.45601958
3.4335132
0.96100764
4.6073996
0.4657634
5.8429477
0.91122862
1.0711175
1.4444983
0.36457112
1.6216074
0.44280174
1.9798934
0.50647044
2.2268327
0.71284055
1.1427792
0.41919189
0.74663992
1.0412591
2.4863042
0.64871293
1.2706432
0.60340022
0.80369047
1.1816315
0.59409718
1.3491871
0.96307697
1.0028326
0.90136266
0.95142017
0.77791556
0.74584109
1.3404336
1.3888123
0.95639776
0.94570232
1.1362958
0.40615553
0.75982498
0.30982596
1.2134686
0.44638649
1.4094822
0.4351311
1.305224
0.50966981
1.0550418
0.87162826
2.0837676
0.58324614
1.3461834
0.57395615
1.0628279
1.0190548
0.86772492
1.0343751
0.93022208
1.2041093
1.277257
1.088576
0.34413254
0.77713106
0.49327397
0.91193087
0.91395189
0.86002265
0.89442629
0.3188538
1.1317971
0.40731234
1.0304572
0.42463089
1.1332672
0.40735857
1.5687281
0.43013447
1.2350452
1.1570851
0.89022124
0.40347826
1.1717006
0.57625587
0.76883858
1.1110984
0.95113131
1.1630071
0.68867066
0.96892552
1.3344114
1.0162671
1.2791957
0.84606048
0.69210275
1.529692
0.87529077
1.0102874
0.59085152
0.28872618
0.59163622
0.3336372
0.60149929
0.45163038
0.57967827
0.49855606
0.6725193
0.70990325
0.59684692
1.2165755
1.3172791
0.96517777
0.56240885
0.79138231
1.1723925
1.0036909
0.67252101
0.91281528
1.0155716
0.92153035
1.2153259
1.1557635
0.96010079
1.0867517
0.60851566
1.9100461
0.81836807
0.92307914
0.98123355
0.3572855
0.82501612
0.86108668
0.86393997
0.34693516
0.94342246
0.21208892
0.82202695
0.33193342
0.70858746
0.77298262
1.7951272
0.85961829
0.8899777
0.31077433
0.9856891
1.1494437
0.99829523
1.0328995
0.91237661
1.2652316
1.7646613
1.0239387
0.96936775
0.93895436
0.57130195
1.2979174
0.95199774
1.350155
1.2914627
1.2131851
1.1116067
0.89633465
1.1567358
1.0221715
0.77661313
0.66403428
1.4142827
0.25466088
1.7724422
2.1720858
1.5056522
0.78450119
0.97507187
0.11882113
0.88389278
0.9379277
1.5198391
1.4357101
0.72689956
1.2255659
1.2823027
0.81380908
0.81723802
1.2891964
1.482248
2.8345701
1.0598738
1.2302351
0.95383165
0.93885444
2.0237071
0.96920763
1.1719287
0.9996374
1.8658601
0.95773921
2.5420964
1.4398454
1.5832358
2.2507482
0.83509407
0.51733795
4.2221157
1.7089207
0.89772866
0.99109635
0.95138476
1.4207202
1.4462359
1.388939
2.8450452
1.8923728
1.8062163
1.4618638
2.2370773
3.2292206
1.0064426
1
1.4336259
0.94712773
1.3066324
1
1.6297808
1
1.3248471
0.98819883
2.1716801
1.6403853
2.4232012
0.88045071
1.0631988
0.7052539
2.3635128
1.5823007
1.0434584
1.0472411
0.89656974
1.3853298
1.593383
1.415546
2.0844429
1.5723482
2.4076638
1.6099221
1.3611393
1.9721653
1.1729064
1
0.87549067
0.99997858
1.357406
1
1.4441975
0.99745134
1.3682933
0.99715016
2.9398127
1.7357092
1.9118262
1.3149228
0.90329355
0.48785702
3.4094476
1.1321781
1.0661312
0.87884644
0.78007062
1.043672
1.759512
1.1212386
1.4467015
1.2807982
1.4141767
1.5107349
2.8002552
1.9232269
1.0738486
1
0.87939814
1.0130568
0.85749405
0.99979371
1.8650116
0.99208374
1.7568926
0.99998515
3.5687299
1.4122521
2.1045784
2.8905973
1.1041196
0.77949391
3.3553886
1.6677127
1.3544596
0.86077162
1.6972332
1.1533072
1.3499177
1.4473898
2.017785
1.5181894
1.4141934
2.3098163
2.6023909
2.8223068
1.0063891
1
1.0877563
1.4575012
1.7812977
0.95097251
2.0892526
1.0307174
1.6069146
0.85944607
3.6783576
0.91721454
3.8671619
1.8564925
0.59242791
0.83228365
3.7216018
0.94010521
1.3773494
1.0027242
2.1224723
0.9383492
1.9442804
1.3698084
3.9943667
0.85452046
2.3856697
1.4034131
3.2396674
2.3166064
1.1311639
1
0.80843708
2.6456986
1.522964
1.2044194
1.0973386
1.4361419
1.3792851
1.4761525
1.399963
0.4878942
1.7527668
0.86794909
0.7877238
0.74862587
1.1877232
1.0016245
1.3029881
1.0363305
1.1487256
0.67544589
1.2118117
1.1853928
1.5053204
0.77899273
1.8248285
0.79716805
1.0990361
1.0399098
1.2268945
1
0.85977731
1
1.4095216
1
0.81429595
1
1.0137548
1
1.1010705
1
1.0360215
1
1
1
1.126467
1
0.88836393
0.87799074
1.265314
0.98464712
1.3710418
1.1169252
1.5659473
0.48588615
1.9556299
0.709252
1.8217315
1
0.64905153
1
0.87705243
0.55235344
1.0694973
0.65778521
1.2291228
0.53456045
1.7629611
0.66364802
1.9244558
1.6893556
0.81305988
3.1718842
1.0329598
1.2830581
3.252976
1.5513358
1.1987726
1.0726724
2.4150322
0.98098792
5.3238313
1.5289573
3.9606069
2.1116344
3.4036297
3.435336
1.9223456
3.7335611
1.1516089
1
0.52380859
0.44283914
0.58773949
0.67742963
0.92666032
0.66066778
0.98533848
0.72420983
0.67375527
0.48176122
0.30137099
0.64709913
4.7380532
0.55732142
3.3043714
0.7029707
0.8333751
0.98913002
0.6309416
1.1187249
0.90898497
1.0261141
0.64039963
0.85488071
0.35536555
0.71846982
0.54237289
0.91351676
1.0448079
1
0.60520304
0.3540939
0.99310557
0.62914508
0.75650902
0.55680818
1.2954677
0.53528552
2.1605629
0.68381618
1.8893376
0.75668979
4.495974
0.71715103
2.4385385
0.60575709
0.92838487
1.1127448
0.89734543
1.009235
0.80894561
1.1314179
2.0812829
1.0716556
1.9305383
1.21149
0.90194213
0.96657552
0.9228975
1
0.95268533
0.50370118
1.1783783
0.8752346
1.2116534
0.75419211
1.4796129
0.73181284
2.5603328
0.52145335
1.5534208
1.0951456
3.3276914
0.39118511
2.7179635
0.58396218
0.94564402
1.0011645
1.1175648
1.074423
0.76084218
1.1543357
1.6456033
0.96453828
1.7980643
0.9367298
1.2524857
1.1974931
0.96952806
1
0.72139247
0.42892422
1.1136623
0.70546448
0.95595094
0.49421975
1.1043982
0.58537439
1.2347957
0.67559477
1.4575865
1.1010341
1.5664221
1.0381895
1.3310596
0.83371821
0.97329902
1.113852
0.94093321
0.95918938
1.214469
1.4121437
0.89931696
1.0183126
0.93804452
1.2493986
1.155961
1.4332546
1.0364548
1
1.1461643
0.86061649
2.0413141
0.65582177
1.110037
0.97722127
1.1975001
0.44553725
2.2973713
0.52132167
2.1456621
1.2380773
1.0168735
1.2171648
2.7007497
0.29555529
1.4705252
0.99910356
1.7364886
0.95225537
1.322117
1.19096
2.2383283
0.87028799
1.3188473
1.0280837
2.5597099
1.5320745
1.0187053
1
1.4140439
1.8720486
1.3071806
0.90407376
1.3431033
1.4998931
1.4208401
1.3561236
2.348635
0.75102864
1.2381427
1.9910217
1.185827
0.81291804
1.4379222
0.37132402
1.448648
0.98259221
1.0791258
0.49342472
2.8530607
0.93387395
3.1031841
0.63269788
1.4712127
1.1022622
1.3502726
1.4300128
1.0729364
1
0.54160902
1.0351618
0.90616645
1.0268486
0.9130371
1.0571288
0.84363163
1.1314894
1.5596041
1.2374636
1.1002916
1.2678642
0.90643291
0.53656227
2.4457463
1.3263216
1.375867
1.0978287
1.3733792
1.1234726
0.79635951
1.1733845
1.2932667
1.4078609
1.1579661
1.5830438
1.1595579
2.0000906
1.1153227
1
0.97379735
0.97760628
0.99593905
1
0.73208794
1
0.94538911
0.99893201
1.1776585
1.006141
1.0948749
0.851231
0.82130008
0.68931881
1.8033258
1.4284079
1.3065074
1.2287005
0.9491989
1.336888
1.2396709
1.7204761
0.84580363
1.2413753
1.0830056
1.4380024
0.99356251
1.5137701
1.2028555
1
0.66680444
0.9998034
1.0225163
1
0.88681799
1
1.1221211
0.99319597
1.1310784
1.3001926
0.9209959
1.0344826
1
0.48437054
1.6875385
1.0768229
0.98623303
1.0241717
1.2438984
1.2610469
0.90534194
1.3784071
1.0931003
1.1044085
0.98142345
1.38663
1.2448711
1.6006961
1.2365504
1
0.95913743
0.99921148
0.94385269
0.99972307
1.2397366
1
0.9652591
0.97891775
1.2526046
1.1915874
0.93060555
1.5235338
1.1599
0.72343186
1.1311822
1.4315624
1.406899
0.88612156
0.76265883
1.138799
1.103126
1.2469249
1.4389174
1.1814443
1.1619342
1.8539349
1.4261312
1.9811888
1.127755
1
0.63404924
0.76760824
1.123516
0.70532795
1.8484139
0.71581572
1.1051872
0.72377854
1.0688711
0.67018918
1.6754223
1.3407361
0.4836235
0.81149185
1.4621246
1.2126782
1.2151527
1.207659
1.7730716
0.86978963
0.90090862
1.396398
1.1738172
1.00886
1.2922365
1.2240961
0.88729976
1.680507
1.222118
1
0.71258513
1.0763671
0.70902252
0.89915512
1.4555382
0.96889467
0.77880592
1.1124756
1.1419715
0.83767541
0.99524126
0.70574211
0.81164076
0.65793203
0.9849763
1.1596344
1.1604686
1.4749468
0.81883966
1.2436725
1.1768061
1.5155371
1.4908232
1.2716565
1.5854249
1.3322154
1.0510419
1.6418822
1.1763355
1
0.86193485
1
0.99952856
1
0.92646793
1
0.99978767
1
0.93046497
1
0.95135771
1
1
1
0.34357742
1
0.43532643
0.80642565
0.58839837
1.4144485
0.62776194
0.99687517
0.4488684
0.75406784
0.85176667
0.68397623
0.57739178
1
0.38077517
1
0.91577286
0.3670176
0.89043271
0.50489326
1.2618898
0.48465234
0.85922355
0.37617471
0.89153462
1.5325489
0.94128753
1.8332889
0.381524
1.2904102
1.3251091
1.134352
1.2538737
1.1489814
1.1644589
1.0692487
1.9796096
1.5319667
1.4430965
1.415822
1.3920834
2.7239691
2.3044582
2.7034192
1.1545005
1
0.50616917
0.45178738
0.73227669
0.77524058
0.69940827
0.81445967
0.63484157
0.74514118
0.58582589
0.48271452
0.7043894
0.59211202
1.3268404
0.37623081
0.52420797
0.66251441
0.73539978
0.92327891
0.73655301
0.99802673
0.72574319
1.1142155
0.40067344
0.80779898
0.49905271
0.60861495
0.48344085
0.8601442
0.90033824
1
0.80555331
0.39105766
1.1553013
0.96316965
0.89226014
0.62634408
0.87370346
1.0403337
1.37875
0.48572947
1.1007942
0.88193355
2.2818095
0.68777064
1.3671879
0.72162112
0.862015
1.2178737
0.89915453
0.99880015
0.96625495
1.2450383
0.78431785
1.1145351
0.8645969
1.338371
0.78387327
1.0041614
0.93281902
1
0.92418786
0.53721339
0.94982709
0.79469671
0.77049527
0.74905951
0.98529592
0.89751062
1.3811701
0.65917086
0.86369121
1.1585368
1.231649
0.69392115
1.3646357
0.66487568
1.1607543
1.1073674
0.75750511
1.1398523
0.78365564
1.1227383
0.95864159
1.0003369
0.88384726
0.92657228
1.0834764
1.1666264
0.96309478
1
1.1855208
0.45946125
0.68733949
0.51342678
1.1417241
0.75009533
0.91196551
0.52248052
1.3766402
0.88199139
1.3795287
0.8430902
1.2864949
0.98658323
0.44760814
1.021405
1.1718778
1.330959
1.1846156
0.91325494
1.0671439
1.8247612
0.48988767
1.0616632
0.62086135
1.7491011
0.65588645
1.2619269
1.1220905
1
0.75757092
0.71263304
0.94760693
0.68232996
1.0737419
0.60843395
0.93918978
0.87979521
1.1902652
0.65630357
1.0647485
1.7347785
0.90452114
1.5506423
0.82180902
0.38523282
1.6436335
1.294111
2.4855317
1.3916702
1.3496365
1.4704433
1.295393
0.92204521
0.83991719
1.0667755
0.84377269
1.2867328
1.0207725
1
1.1078883
0.9289568
0.92636695
0.89152512
1.1113192
0.82671487
0.89170686
0.93485087
0.93150417
0.89156457
1.0397807
1.2305332
1.0007461
0.9259457
1.3066516
0.4023047
1.4161111
1.0702385
1.0267609
0.78143368
1.3820989
0.61529264
1.138521
0.55450344
1.320122
1.2587626
1.0609574
0.85179267
1.0254962
1
0.47400608
0.99999999
0.4760008
1
0.76165661
1
0.81755382
0.99988967
0.85470986
0.83380639
0.6327137
0.97344073
1.6975164
1
0.78820431
0.65526848
0.68137799
0.81508962
0.68378424
0.71778649
1.0667686
0.66588311
0.66660838
0.62164559
0.69268602
0.29722782
0.77604953
0.70138607
0.80834279
1
0.25807946
1
0.34513935
1
0.58175807
1
0.81916671
1
0.53065063
0.96045552
0.81765558
0.98081283
1.2119545
1
1.0013046
0.67694291
0.79574035
0.67038164
0.83669644
0.51940184
0.7163123
0.52898094
0.73417586
0.8699267
1.0689427
0.70449348
0.68305851
1.0874951
0.83481961
1
0.38521654
0.99993687
0.46043152
1
0.71935159
1
0.62508693
1
0.79622293
0.91775718
0.70827158
0.90258175
1.2020219
1
0.95653289
0.38728893
0.99740105
0.79553626
1.0466001
0.93706197
0.89048305
0.69637977
0.53138385
0.73945172
0.91809896
0.4607017
1.2042261
0.71707264
0.88481708
1
0.31070741
0.99872071
0.31805317
0.99890347
0.48257465
1
0.78861055
0.99935005
0.79122861
0.93629017
0.48730582
0.90857233
1.3839718
1
0.798345
0.72650251
0.91737921
0.93177008
0.84706719
0.88952139
0.90984077
0.90346229
0.70593415
0.94473863
0.75145944
0.50668936
0.96502637
0.94372938
0.84328074
1
0.71838133
0.76139764
0.55693307
0.90150572
0.74657553
0.92956372
1.0211599
1.0795793
0.82757772
0.36128759
0.69281458
0.6080303
0.67682881
1
0.95089203
1.0177525
1.0472382
0.90517936
0.96701163
0.74067653
0.94886271
0.73972766
1.3086958
0.88374286
0.86963865
0.85321972
0.60809538
0.47267076
0.89367711
1
1.2688143
1.3375179
1.1817079
0.98813361
0.9934492
1.1522813
1.1247382
1.0699163
0.92710771
0.76384794
1.0598599
0.9897589
1.1047454
1
1.3079532
0.79297195
0.94759444
0.92490924
1.6156123
1.02605
1.2403511
0.91431426
1.3365611
1.27672
1.1049157
1.2374377
1.5272905
0.74536608
0.98158575
1
1.790958
1
0.85298109
1
1.2181279
1
1.5782968
1
1.4851551
1
1.5534134
1
1
1
0.69119192
1
0.95131992
1.0399411
0.57653343
2.1858257
3.7844376
1.5811017
1.6463861
2.2471845
2.4726492
4.0180982
0.61956538
1
0.94065533
1
0.58615552
0.56373965
0.54001027
0.56079851
0.50960332
0.52465836
0.64161752
0.48203021
0.90328721
0.32319457
0.74031833
0.59443494
2.384309
1
0.70026588
0.78763442
0.58631946
1.0138322
1.2239285
1.031413
1.201969
0.81342309
0.68611778
1.6741056
0.83922589
0.88416407
0.4932689
0.67147949
0.9023783
1
1.491713
0.29409778
1.9787253
0.69693704
1.7505213
0.58969204
1.9325176
0.48955254
1.311941
0.2198259
0.72979944
0.26839443
2.6520262
1
0.98326076
0.63561336
0.77844836
1.3161741
0.80196138
0.62272004
1.1073105
0.890312
0.75254316
0.68120368
0.74985243
0.49705626
1.0522382
0.37976186
0.97949388
1
1.9182981
0.52388916
0.75001379
0.53739603
1.1691785
0.47991505
1.1919514
0.80471201
1.2939152
0.28004455
1.4790917
0.36205528
2.3682203
1
1.4829552
0.53357787
0.86780862
1.0339593
0.85576834
0.87973102
1.379359
0.96349929
1.4759422
1.0786784
0.3804086
0.63896231
0.21979669
0.54826938
0.90227602
1
1.0942721
0.2925819
0.90738836
0.49282608
0.91570195
0.69430189
1.2040026
0.75907515
1.5077734
0.33713074
1.0576847
0.45295719
1.1079553
1
1.8862176
0.55397865
0.85452604
1.2479908
1.1664027
0.91559806
1.0689846
0.78152895
1.4284543
0.70792223
1.1651425
0.45210298
0.86287275
0.90408221
0.9858924
1
0.55041527
0.32222927
0.44702905
0.52367912
0.55173107
0.49526004
0.71318846
0.43991098
0.83401117
0.32207207
0.63260543
0.38841599
1.4637347
1
1.0260052
0.64751675
0.98310057
0.94965293
3.1772771
0.78071656
0.82581254
0.51023331
0.9772514
1.2015637
0.84706522
0.70249124
0.27531427
0.54231857
0.7392317
1
0.87384736
0.49775814
0.95223101
0.71130701
0.94617038
0.78180661
1.1274453
0.51352552
1.0390767
0.58421623
0.811411
0.37011427
1.6009804
1
1.0125431
0.44422438
1.051686
1.0198153
1.3294446
0.9665589
1.001458
1.0936969
1.1034528
1.1714781
1.0209172
0.7013988
0.6305343
0.50358696
0.87989422
1
1.0753286
1.3934115
1.4490493
1.0921826
1.1442056
0.99848533
1.1037582
0.98218262
1.1025986
0.44157588
1.7006928
0.84190023
2.7632652
1
1.6752566
0.48378391
0.83253819
0.90832784
1.5297064
1.5415796
0.93476127
1.3690064
1.106291
0.8867042
0.73637616
1.1175543
1.4125675
0.31666235
1.0126456
1
0.49266641
1.1789546
1.3305835
1
0.85227174
1
0.7088914
1.1949009
1.3354511
1.1519929
0.69909722
1.0288607
0.89011892
1
1.507884
1.4525951
0.91503
1.3685553
0.9708917
1.2815451
1.3493796
1.5200953
0.86833793
1.6385924
0.77710274
0.95354299
1.4221827
1.8061681
1.0282132
1
0.41050863
1
0.72689874
1
0.64845337
1
0.97538984
0.99757276
1.231665
0.89239381
1.6130877
0.95994691
1.0348748
1
1.5637646
1.2235028
1.0057788
1.3565033
1.0837979
1.8672207
1.3921864
1.2881716
0.64798518
1.6221101
1.179651
1.5786074
1.0657019
1.2990049
1.0783486
1
0.47483182
0.99977318
0.94344422
1
0.70097556
1
0.71278703
1
1.2766465
1.0255942
1.2333487
0.86833516
1.127856
1
1.5166024
1.0568102
1.1021733
1.2425391
1.4656525
1.1284021
1.0019073
1.5717225
0.70350828
1.4068603
0.85945103
1.0616041
1.4130086
1.2395595
1.2309451
1
0.40691399
0.99194993
0.62020021
0.99987352
0.50801421
0.99514074
0.52536737
0.99871273
0.91191642
1.0429471
1.1072253
1.1829237
1.0108386
1
1.0897653
0.94728949
1.1757959
1.1965491
1.0808891
1.1092898
1.2234418
1.3474516
1.2879366
1.1563646
1.3244595
1.1694575
1.519412
1.0667473
1.0909859
1
0.73468203
1.9899414
0.65447932
1.1374617
0.94289292
1.0683797
0.74744568
1.5586242
1.594432
0.78546982
2.5597274
0.77587568
0.51931885
1
1.6170611
0.74402043
1.3387673
1.1536474
1.3073068
1.0658833
1.4161958
1.3521117
1.6898052
1.0060183
1.2197242
1.4020944
1.5309931
0.47621074
1.1811816
1
1.1416247
2.4181472
1.2723458
1.1428496
1.4702817
1.1488489
1.5358077
1.0811231
1.3847507
0.60813483
0.52383934
0.89587253
0.66444212
1
0.97088977
0.4702066
1.3132428
1.0257832
0.72448824
1.2155577
1.4535313
1.5025553
1.8458919
0.8247748
1.6938323
1.3364648
1.1095031
1.6683997
1.2126311
1
1.0254729
1
1.0120336
1
1.1801516
1
0.80799249
1
0.81930857
1
1.0136609
1
1
1
0.76312092
1
1.0420238
0.95594249
0.90951102
0.79889246
1.339415
1.1704124
1.1999423
0.69855483
1.0517998
1.0594291
0.9377834
1
0.95223725
1
0.65510609
0.6487508
0.6174777
0.55996414
0.58955794
0.63122517
0.78890181
0.58674324
1.2298541
0.94432481
1.0386782
0.83414292
0.75499878
1
1.329202
0.86633438
0.8744861
1.4622192
1.2445579
1.7555974
1.2449354
2.3183701
1.1842411
1.8805864
1.3495327
2.2784995
1.3057726
1.7451695
1.1572824
1
0.89647004
0.4894083
0.91227477
0.6777201
1.1020007
0.66437096
1.7288643
0.69241142
0.62868285
0.41081743
0.41726839
0.31934767
4.3835797
1
1.9850203
0.74659691
0.95049559
1.4015251
1.0656164
0.94346042
1.4226547
1.071137
0.83959812
0.90080204
0.70740442
0.73777527
0.67428808
0.53790602
1.198416
1
0.83746421
0.44348964
0.73239271
0.52382225
1.3657544
0.49443277
2.3905724
0.8425168
1.7175864
0.63841072
1.2370071
0.58372051
4.0658438
1
1.8183096
0.59369943
1.0177779
1.1803782
0.97356795
0.98435292
1.2480021
1.0502182
1.8073651
0.94206511
0.83712724
0.79839654
1.061907
0.60646702
0.94377899
1
0.67898829
0.49995157
0.87753798
0.60797093
1.2607647
0.51998677
1.2617783
0.52085551
1.8284575
0.5044374
1.1506396
0.65822037
2.2689312
1
1.7333085
0.62338871
0.93877692
1.3039812
1.067713
1.0537274
1.0101596
1.0286233
1.5430168
0.95879585
1.5692076
0.78544329
1.3522848
1.001432
1.054186
1
0.53812081
0.29193267
0.54180182
0.53873487
0.50591953
0.55416346
0.810612
0.488248
0.91308878
0.67681386
0.82634022
0.54316068
0.834248
1
1.1800331
0.70282207
0.81014053
1.1068396
1.1826239
1.0574479
1.313274
0.93662555
0.98823015
0.92822071
0.82649534
1.0221078
0.92858112
0.95588062
1.0126365
1
0.8552197
1.33798
0.67171493
1.5725613
0.86292216
1.2536924
1.0450483
0.74109527
1.0813334
0.65966516
2.5749051
0.77332692
0.91890877
1
0.99318397
0.42993631
1.4632937
1.1990492
1.0673424
1.0342742
1.4883431
1.2722388
2.011062
0.93856857
1.7398524
1.4011281
1.6482048
1.2672134
0.99191852
1
1.2644701
1.20409
0.92331253
0.74977005
0.9242976
0.81074929
1.0364692
1.2635644
1.2226774
0.67928595
1.149017
1.4122195
0.98460795
1
1.5314476
0.21286433
1.4595149
0.97694191
1.1238841
1.0895021
0.9137432
0.66711733
1.8123542
0.62094373
1.0999325
0.81902724
1.0011305
1.2423746
1.0798636
1
0.65934497
0.95644037
0.95440588
1
1.3757304
1
1.2062355
0.99611603
0.94958111
1.1550569
1.2011051
0.95151105
1.0052981
1
1.4056765
1.8737576
0.9893327
1.2431043
0.95737967
2.0179385
1.5191059
1.495951
0.99555833
2.0475613
1.3086291
0.98946307
1.3093235
1.5109134
1.2136314
1
0.89422753
1
0.99021492
1
1.189922
1
0.98249166
1
1.0083338
1.0884511
0.98337496
0.99461837
1
1
1.0603875
2.040128
0.69787879
1.4695438
1.3697809
2.3538862
1.4643333
1.3115157
1.3623122
1.5900993
0.94396468
1.4601066
1.0885952
1.1730634
1.3303261
1
1.0754813
1
0.85360912
1
1.0603196
1
1.2493901
1
1.1565603
1.0782465
0.93521058
1.2144779
0.89774665
1
2.2208662
1.2866851
1.0834875
1.2470412
1.6973678
1.6123331
1.0893451
1.8765808
0.97653864
1.6999629
0.9070466
1.9240518
0.98057048
1.9296315
1.5396394
1
0.9592455
1
0.63864909
0.99997483
1.1498282
1
1.0068122
0.99998058
1.0827187
1.8151802
1.5001122
1.0187237
1.1010847
1
1.1728492
1.3689552
1.1955009
1.4001242
1.1337025
1.5409112
1.0559144
1.9083279
1.1289489
1.3292039
1.2871403
1.8680219
1.4751027
1.880822
1.2764121
1
0.71602897
1.0519116
0.88478321
0.97152229
1.2903308
1.0081445
1.223808
1.0774235
1.023596
0.77812413
1.2579482
0.81721996
0.55203374
1
1.4484493
0.88701068
1.6068452
1.1927216
1.7888433
1.3791388
1.596131
1.5475954
2.0054936
1.2589949
1.6578093
1.5619167
2.0681937
1.0358634
1.3800687
1
1.1585469
1.1556986
0.93564837
1.1418014
1.0501709
1.0457446
0.99372518
0.9766304
1.1906625
0.59199171
1.011279
0.93031317
0.84071622
1
0.86165858
0.43318315
1.6059293
1.2196576
0.94787633
0.97525654
1.22815
2.0058841
1.7910029
0.80550004
1.5116444
1.2617442
1.066693
1.7661486
1.1683372
1
0.71164315
1
0.92457124
1
0.94341527
1
0.82343097
1
0.91610148
1
0.97889239
1
1
1
0.67402851
1
0.8297074
1.3731351
0.91925411
0.79511941
0.87708592
1.3988132
1.0795545
0.93381615
0.85801843
0.87645048
0.64062918
1
0.70912497
1
1.1356848
0.45936286
1.0108032
0.90947211
1.0709786
0.55101059
0.88376949
0.82593366
1.3877325
0.90880529
1.0133542
0.83691315
0.60484275
1
2.5170069
1.1919828
1.306602
1.4946693
2.1853472
1.526307
2.0758637
2.2671586
2.7063679
1.9038733
2.7216048
2.4866039
1.7796779
2.2543067
1.3479335
1
1.0750588
0.52569097
1.0710444
0.62708212
0.77953525
1.0382855
1.3568987
0.72609446
0.89336537
0.64357477
0.70125572
0.66763866
1.4022589
1
1.3297502
0.87299738
0.79632246
1.2041454
1.0384363
1.2333929
1.2492702
1.001564
0.50563839
0.96425686
0.65357039
0.90902098
1.4566408
0.79386969
1.0486603
1
1.025744
0.65498102
0.94053021
1.0720775
0.99844394
0.88564587
0.96937304
0.65023915
1.1553193
1.3970496
1.1061042
1.0263897
1.7111569
1
2.2347914
1.0298674
1.3257435
1.2774161
0.74272316
1.2388072
1.30265
1.2687977
2.4605018
1.3693106
2.4572445
1.2042707
1.2268438
0.7274543
1.0869117
1
0.81230067
0.87618374
0.98687944
0.92633686
1.3047502
0.96425724
0.84352285
0.89221273
1.2591358
0.52310423
1.2763515
0.76624406
1.4535807
1
2.0318311
0.82945435
1.2847914
1.2978836
1.4619687
1.2428618
1.2050925
1.0256831
2.6548748
1.0980912
2.0946075
0.60722532
1.4675311
1.113202
1.2081985
1
0.76627515
0.38281088
0.67099162
0.91860026
0.51456802
0.70652642
0.69918878
0.52735143
1.1432463
0.76171837
1.1299774
0.63238644
0.96847258
1
0.78721952
0.85144561
0.9375888
1.2597039
0.86287893
1.4741526
1.1339705
1.590469
1.0402401
1.2205063
0.82334832
1.7231071
0.67555113
1.0086557
1.2355725
1
0.79167457
1.4850747
1.2036995
0.81964708
0.88648928
0.91156947
1.1851159
1.5700364
1.3308432
0.84040082
0.96761251
0.68053742
0.98228314
1
1.5271763
0.60859805
1.8618027
1.2170786
2.0025393
1.4928089
2.0218533
1.7062124
2.830975
1.4077494
3.2762234
1.2975856
1.6585095
1.2379347
1.1586044
1
0.84319709
1.6117827
1.1048582
1.0615466
1.2508222
1.0884599
0.93513978
0.95685562
0.95631943
0.7380839
0.98489313
0.97961866
0.95326176
1
2.8261744
0.35604385
1.3072015
1.0719367
1.6464501
0.69545929
1.6865527
0.81161634
3.2513405
0.6279332
2.6554708
0.8475887
1.4481842
0.95303673
1.2390593
1
0.45584253
0.9917683
0.76834981
1
0.87376072
0.99999999
0.73680298
1
0.81963954
0.98350584
0.55468297
0.99783078
0.92032136
1
0.46373087
0.62081979
0.63929859
0.88257665
0.99986298
0.69709738
0.5978739
0.91350262
0.58658659
0.7644428
0.86396059
0.87843411
0.99262625
0.79052878
0.85570114
1
0.55935759
1
0.84373014
1
0.44397913
1
0.95791146
1
0.78878221
0.99929786
1.0104107
0.99836529
1.6277178
1
0.53792124
0.85453921
0.74579703
0.66123711
0.93128295
0.94947905
0.93863889
0.87859309
1.1804792
1.1315128
1.0907819
0.83512172
0.88048996
0.94962132
0.83893801
1
0.38207989
1
0.49282444
1
0.66070345
1
0.84701019
1
0.84630184
0.99986976
0.8467518
0.99956704
1.2942596
1
1.0315167
0.57431915
0.71334747
0.63389149
1.1287278
0.74213074
1.0472138
0.73741113
0.6397184
1.1062903
1.285843
1.0366671
1.3853996
0.98735587
0.99441334
1
0.34544108
0.99989909
0.42366513
0.99999391
0.5405453
1
1.001041
1
0.77325267
0.9860019
0.92098322
0.99983774
1.2966184
1
0.81002649
1.1061222
1.0369766
0.69931287
0.98197221
0.66991602
0.7588484
1.0062387
0.78337513
1.2822365
1.0795022
0.91058005
0.86213655
0.96852002
0.94991618
1
0.80430791
0.98462355
0.89083549
0.99231346
0.71101496
0.98574286
1.4167207
0.98816153
0.63109217
0.86152485
0.77434475
0.94359812
0.67831834
1
1.012153
0.88251242
1.0692693
0.8122045
1.1102504
0.69626567
1.1181491
0.811908
1.0132771
0.92335825
0.96913775
0.939953
0.76971786
0.885097
0.87155898
1
1.0298132
0.98858012
0.88611908
0.99964024
1.3179016
0.9955282
1.1489211
0.99791216
0.82174559
0.90076702
1.5024003
0.96242369
0.94974994
1
1.127988
0.75857534
1.1824013
0.74848937
1.2877501
0.89167666
1.1797419
0.80628858
1.1916489
0.91865589
0.91104934
0.69929119
1.4607272
0.97601915
0.93258247
1
1.9884555
1
1.8365413
1
1.6239433
1
1.102226
1
1.4974109
1
1.2651076
1
1
1
0.97277232
1
0.7846043
0.83821572
0.42056782
1.5728497
0.61805316
1.0843029
1.0477025
1.1161452
0.77505991
1.792328
0.38595064
1
1.0090577
1
0.44686953
0.5326693
0.97521619
0.72077977
0.6149398
0.55419971
0.74342596
0.50547196
0.97154138
0.44020905
0.92382374
0.84118715
1.5820283
1
0.81032945
0.78675244
0.60053521
0.6546196
1.7927427
1.3079271
0.85013438
0.69228665
1.132102
1.4271233
1.5512527
0.56668767
0.39974678
1.0065943
1.0743239
1
0.90411835
0.52170149
1.3314459
0.88379406
0.96358488
0.62427241
1.3708071
0.73259255
1.2038775
0.36720065
0.88708356
0.675029
2.1587825
1
1.0083265
0.93230496
0.80093567
1.294814
0.91119015
0.79133388
0.76938744
1.1716984
0.66324731
0.80817314
0.84301608
0.71573158
0.97861496
0.78529234
0.85605912
1
1.2942217
1.0592316
1.1037577
1.0447109
1.0216826
0.84064133
0.97087849
0.88128058
1.7294799
0.86106589
1.365319
0.90552464
10.356051
1
1.4233169
0.83245367
0.94120255
0.81145241
1.2465169
1.0018322
1.2325257
1.0350762
1.3208203
0.85234053
0.21485962
0.85881923
0.50060343
0.89404011
0.9193626
1
1.630565
0.57097679
1.3311016
0.8499751
1.0095517
0.74521532
1.3324462
0.67928434
1.8432802
1.0143288
0.94872936
0.88142405
1.1755043
1
1.6676967
1.0168497
0.86055884
1.2208106
1.6213339
1.0044819
1.129013
0.96212439
1.2629385
1.0054661
1.126684
0.80496092
1.0884624
0.89401426
1.1063616
1
0.65712072
0.21632327
0.59134317
0.68843382
0.61919708
0.50717153
0.78358236
0.6439711
1.2077655
0.47623413
0.8611308
0.6235717
1.5342549
1
1.0894033
1.116689
1.1517499
0.5339915
7.1459198
0.89031843
1.3640852
0.67977196
1.1817978
1.0149655
1.9517781
0.97757579
2.3781193
0.87399377
0.93552301
1
0.81837427
0.96990744
0.74051437
0.95946025
0.77095366
0.86221229
0.7872783
0.84458193
0.99875607
0.8798757
0.89111481
0.91781498
1.1524854
1
1.1657333
1.3705987
1.0532382
0.84029389
1.5463947
0.7268964
1.0437348
0.84591348
0.97449161
1.0482738
1.0503566
0.80714729
0.42371318
1.0061651
1.0099333
1
1.0738634
1.0808934
1.0463847
0.99504105
1.0120912
0.98268787
0.87049707
0.98074884
1.2070746
0.87703167
1.3968361
0.96159607
1.035712
1
2.2472119
0.7412641
0.9746528
0.91426191
3.3661035
1.3723045
1.4912414
0.98305501
1.2029521
0.74322728
0.89801552
0.69480566
1.2209605
0.93283149
1.0065275
1
0.46216036
1
0.64136292
1
1.1647692
1
0.94031483
1
0.74672692
0.94165786
0.73953025
0.99416763
1.0171255
1
0.84885125
0.97377356
0.7140406
1.1221144
0.77229147
1.5389831
1.3754176
1.0598928
1.021362
0.9951914
0.96675837
0.72181465
0.8959636
0.74504906
1.0777618
1
0.64198293
1
0.81729317
1
0.83807201
1
0.79633585
0.99973936
1.0609548
0.99969411
0.98962271
0.99988823
1.1281309
1
1.2759288
1.4585373
1.422115
1.1331824
0.93294664
1.9224896
1.0171509
0.9603364
0.82703549
1.0310928
0.95575407
1.1518521
0.94045025
0.91584516
0.93268056
1
0.43647871
0.99997057
0.79585851
1
0.75039359
1
0.79986243
1
1.1161601
0.98448949
1.1745891
0.98214446
0.91951853
1
1.0253375
1.1111186
1.3056417
1.1785324
1.0253047
0.98419857
0.8862783
0.85197067
0.78648646
1.4366354
1.0375597
0.94148367
1.1728416
0.84927528
1.1707613
1
0.35681522
0.99999864
0.57649544
1
0.89957743
1
0.62976586
1
1.0195185
1.0937054
0.8730013
0.98949211
0.87716232
1
0.82475011
1.0495745
1.3546477
1.0928151
1.125574
1.2355691
1.0375573
0.99635022
1.0429284
2.0406166
1.1227712
1.3294395
1.0403123
1.0439837
1.1168217
1
0.73371194
1.4108776
0.8164485
1.1622346
0.54338117
1.2429948
0.92401113
0.97301649
0.7994755
0.79597816
1.1552441
0.98350948
0.36865737
1
0.99587711
0.83874993
1.164173
1.1326969
1.1611002
0.94853411
1.2132959
1.4384227
1.1966358
1.0032642
0.91595008
0.89042249
0.94643105
0.89831079
1.0981575
1
1.0898381
1.1558211
1.2364878
0.99425561
1.0272584
1.3601738
0.84883645
0.99714999
0.73385837
0.91724695
0.90899281
0.9521175
0.58349
1
0.91308825
0.71305995
1.2305013
1.0117195
1.2743278
1.2864986
0.76447175
2.0009622
1.2976166
1.0113991
1.3264911
1.1102809
0.98600567
0.76988065
1.1845718
1
1.0743794
1
1.4898469
1
1.2511651
1
0.97629393
1
0.58488506
1
0.76584657
1
1
1
0.6659656
1
0.68587477
0.80843585
0.77325505
1.4410809
1.5119545
1.0674349
0.94475282
0.58616588
0.65574677
5.1564728
0.90491573
1
1.0215295
1
0.53975814
0.84473939
0.71316208
1.1675212
0.64246422
0.91227944
0.77204967
0.608007
1.2080573
0.97274548
0.71074586
0.78334152
0.69056481
1
1.2209259
0.88199976
0.77027065
1.2391381
1.0951027
1.5945534
1.3869192
1.3194019
1.2885831
1.1312569
0.93278952
1.1935368
1.3183098
1.2122628
1.2216742
1
0.81603361
0.59286785
1.0206899
0.9669982
1.2024881
1.2256568
1.5170985
0.82999012
0.62628479
0.95258048
0.94723964
0.8875804
5.1470784
1
1.4933732
0.98511448
0.93587622
1.7060014
1.1594962
1.1473267
0.99508795
1.0689177
0.89699673
0.90412737
0.84487622
0.64314484
0.78306528
0.87298064
1.100434
1
0.7661411
0.86785915
0.92735586
0.9687692
0.83435199
1.0188434
1.5023402
0.89713224
1.5983159
0.96012851
0.85324561
0.94124653
5.9978949
1
1.7720866
0.91254735
0.97291358
0.96456952
1.3457932
0.55151021
0.98538569
1.102797
2.0184047
0.76798681
0.21047899
1.5249629
0.7006282
1.3144986
1.0147721
1
0.78714256
0.600486
0.90025437
0.90946404
1.1106907
1.2289789
0.97414099
0.94996531
1.2018482
0.83965889
1.0850288
0.958303
2.8630958
1
1.7730879
0.51579811
0.86546468
1.3757296
1.249155
0.78371371
1.2591674
1.2231734
1.7273628
0.72637559
1.2565062
0.53585941
1.6747795
0.88841808
1.1545665
1
0.64586293
0.47521318
0.6557336
1.6279655
0.53793298
0.95641068
0.75896537
0.73309715
1.1416076
0.85211949
1.139496
0.70287994
0.97920851
1
1.3407082
1.1357271
1.0944935
1.1153311
1.4271976
1.0138156
1.2258008
0.8542645
1.385265
0.69123009
0.86682987
0.81320923
2.347956
0.95864045
0.99978186
1
0.85428515
1.5687341
1.0312806
1.0486808
0.96180277
1.1585327
1.2328554
0.92025933
1.2016052
0.98975109
1.0033935
0.95343941
1.0113272
1
1.3375534
1.1244885
1.1836457
1.0259998
1.9763933
1.0434561
1.1313688
0.7587651
1.5101487
1.2447122
1.7242386
0.91099473
1.2671252
1.2017744
1.0442083
1
0.97592342
1.1598447
1.0794989
0.99465503
1.0758659
1.0784746
0.93366971
0.96230267
1.0162857
1.0206682
0.89694907
0.98998464
1.9578166
1
1.9254194
0.76125906
1.2387648
0.97933671
0.8485995
0.87138242
0.83616689
0.81861009
1.2188872
0.75333829
1.2134355
1.0279448
1.1500444
0.92586899
1.0454298
1
0.59414801
0.99216096
0.92946714
1
0.89491701
1
1.0880188
1
0.93476387
0.91664091
1.2015981
1
1
1
1.2001393
1.6108613
0.75799444
1.6551252
0.93802356
1.8892888
1.0619853
1.7462796
1.4600888
1.8258412
1.0290899
0.99201076
0.99761981
1.328422
1.2410142
1
0.97044417
1
0.99977364
1
0.98164893
1
1.1879507
1
1.1728122
0.99942472
1
1
1
1
1.1471658
1.2015406
0.97767187
1.7174578
0.98905406
1.4064156
0.9787032
1.4747873
0.89537754
1.833072
0.98798642
1.232037
0.9455989
0.94714445
1.6622876
1
0.80621961
1
0.92364321
1
1.3566404
1
1.1887814
1
0.99920179
1.0093547
0.97150286
0.99980136
0.9999999
1
1.1343196
1.1958129
1.0703471
1.693832
1.0646274
1.2537699
1.2186539
2.6938088
0.96742375
1.5017369
0.95159265
0.90107359
0.9469162
1.5068379
1.6732549
1
0.46321854
1
0.8617285
1
0.76727695
1
0.92679875
1
1.05035
0.9553924
0.89870856
0.99990346
1
1
1.2442641
1.0659742
1.1521508
1.1407714
0.9743018
1.7845912
1.0574201
1.4657929
1.3464228
0.86355889
0.9827353
1.4042686
0.94659565
1.5573722
1.2826053
1
0.64837637
0.9652138
1.1136145
0.96564373
0.93774547
0.95131625
0.96277723
1.0434931
0.94713622
0.94245561
0.94088063
0.98213312
0.72247119
1
1.5065772
0.70564304
1.6748293
1.3249877
1.0644086
1.3973568
1.2601981
1.6445145
2.1928817
0.87755369
0.78292472
1.2385886
1.254903
0.51569126
1.3074554
1
1.5478627
0.88996107
1.2422024
0.9915157
1.0751818
0.96446716
1.0086607
0.98283814
0.96086359
0.98128541
0.99843196
0.99372571
0.97049241
1
0.93109965
0.34700296
1.117188
1.0133462
0.8445584
1.0839871
1.0364141
1.8038539
1.152455
0.84116647
1.2615342
0.97040542
0.97049088
0.70738822
1.3310723
1
1.4206955
1
0.92602206
1
1.1272216
1
1.1645729
1
0.78682915
1
1.0579613
1
1
1
0.7060385
1
1.0618428
1.2392546
1.2579643
0.99045619
1.4390399
1.4720887
0.97487383
1.2639955
1.1927295
4.9140176
1.0193969
1
1.1164846
1
0.75532859
0.66431343
1.2304175
0.90479691
0.55246335
0.5980454
1.0331283
0.73973154
1.6022361
1.8164354
1.252555
0.91297353
1.1529858
1
1.5920629
1.1007568
1.1234919
1.8389911
1.6124519
1.9371755
1.6818499
2.6132915
2.0138904
1.6290954
1.4183724
3.2884867
1.1546155
1.8386119
1.4027906
1
0.82434089
0.42267418
1.2863941
1.0120524
1.0093533
1.288622
0.99922183
0.82115934
0.9669057
0.81022221
0.81788334
1.044444
1.0663503
1
1.1877068
0.77251954
1.0626679
1.9562503
0.99026534
1.4216361
1.4830971
1.2625712
0.90431119
0.84433505
0.50482397
1.0463814
0.74461347
0.73179397
1.0504813
1
0.95455446
1.4501786
0.99418156
0.97729232
0.8217657
0.78460753
0.97701982
0.96749678
1.3128602
0.9786106
0.96306665
0.99609505
1.4839079
1
2.2202884
1.0916803
1.3410805
1.5394045
1.0580882
1.3050604
1.3931228
1.1734613
1.732742
1.4610983
0.72696855
1.5018221
0.98672795
1.1050416
0.98778976
1
0.88314546
0.73205932
0.92593772
0.98194755
1.0823408
0.92631612
1.1500631
1.4959336
0.80034584
1.0818935
0.97104057
0.96838136
1.4965304
1
2.0625118
1.1522583
1.3416488
1.8540362
1.8676606
1.2719344
1.4021062
1.164002
2.6757555
1.133915
1.2414095
1.4385068
1.2155398
1.1071135
1.0094185
1
0.43951274
0.55380704
1.1462068
0.85189954
0.63554226
0.65873262
0.81597532
1.4758539
1.3205119
0.94890011
0.90498396
1.0395668
1.075791
1
0.97764629
0.70875942
0.84324124
1.2865271
1.1497827
1.3272156
0.99626962
1.3101506
1.4725471
0.94601197
0.35521961
1.0697131
1.3437137
0.95063693
1.0985428
1
0.93641663
0.9059061
0.9576508
1.1396589
0.97663538
1.4614144
1.2401066
0.91726106
0.99171117
0.92348039
0.99594045
0.97774011
0.70258813
1
1.2729605
0.54136757
1.4915752
1.5408891
1.6016553
1.7781413
1.7460219
1.4067884
1.8926772
0.6982084
1.8068884
1.379121
1.2872323
0.97017186
1.2476178
1
0.91391707
1.1831018
0.99729974
0.99217251
0.96590175
1.1696112
1.1375178
1.179802
0.98798834
0.97631619
0.99776644
0.99504553
1.0546293
1
2.070382
0.64515582
1.2525589
0.91712506
0.87626712
1.1674362
1.1208396
1.400065
1.8852254
0.74626508
1.1050918
0.99227623
2.1578868
0.90616957
1.1283696
1
