1.1342731
1
1.018216
0.99514231
0.99540133
1
1.2206853
1
0.87923156
1.7008555
1.2710716
2.0236241
0.83280333
0.53953818
1.0651806
1.5110956
0.83132681
0.93988744
0.89769192
1.0271882
0.97831827
2.3941326
1.4713168
1.2014401
1.0079141
1.7048066
0.91870515
3.0259966
0.98526167
0.90374024
1.2012657
1
0.99145739
1
0.87843115
1
0.61565018
1
0.91153039
1.1308094
1.1561766
2.0268466
1.2606844
0.5940508
1.1737501
0.9842762
0.91218004
0.67443812
1.1219155
0.93833374
0.99482183
0.88455021
0.91397092
0.73367784
1.0660423
1.1180291
1.022528
3.1993279
0.8944354
1.2890718
1.038173
1
0.95846218
1
0.68819706
1
0.6414076
1
1.0659239
1.408351
1.0812141
1.4111734
2.0315484
0.48376544
1.0135528
1.1629341
1.0812458
1.1232186
1.0917217
0.76300115
0.99826653
0.89772012
1.3193684
1.0284945
1.1869375
1.1558575
0.99121073
1.6490201
1.0250743
1.0590152
0.92184651
1
0.69030339
1
0.81392492
1
0.87599524
1
0.77016607
2.5050838
0.85977037
1.2510991
0.86049211
0.60531497
1.1131618
1.5663945
0.6315165
1.2185801
0.97129031
0.79931937
1.156544
1.0092182
0.66345614
1.3346007
0.79404368
1.4862788
0.94609717
3.2146191
0.96456274
0.9574152
1.4410869
0.98513816
1.5491446
1.0444451
1.3106522
0.80238426
1.1664821
0.80252556
1.2593869
1.0314898
1.0804209
0.6371268
0.72653551
1.227647
1.6309288
0.5231352
1.2315887
0.86115689
1.0285984
1.1121214
1.3634365
0.93653468
0.7306211
0.46833773
1.1944697
0.9044924
1.2233604
1.3829642
1.1039458
1.1404781
1.0382648
2.6426948
1.4086336
1.2941278
1.2031675
1.5187085
1.3921613
1.4420769
0.56034548
0.45326367
1.0708668
0.33417945
0.81922497
0.60307146
1.5738618
0.43184455
0.91535074
0.79494316
0.89121567
0.94107884
0.80191455
1.1161263
0.89927433
0.71411203
0.62889121
0.79547753
1.136222
3.4267347
0.80777456
1.2383793
1.0195075
1
0.96029505
1
1.0575231
1
0.9607039
1
1.3861426
1
1.5320385
1
1
1
0.87494533
1
0.81805306
1.1579081
0.84971853
1.2238839
3.3235885
1.7158134
1.2885451
1
1.0074972
1
0.41077874
2.7063022
0.87414089
0.70430002
0.88531044
0.79383493
1.0119787
0.88856258
0.93376869
0.78020479
0.83978831
0.847631
0.70147427
3.4074583
1.1203236
3.6992793
0.64586883
1.0825327
2.0178111
1.4263896
0.89520544
1.0453822
1.1584029
0.9228385
1.626025
1.1149467
1.3112582
1.1202666
0.83034083
3.7911275
0.23377822
5.5485237
0.87737377
0.81860466
0.95470835
0.81703772
1.1453017
1.0486283
1.1550573
1.1634042
1.3774619
1.1359917
1.3919484
0.83410799
1.9190029
0.46382085
1.4611178
1.4479792
1.368732
0.95781892
1.0285285
0.9024526
0.70237975
1.1635209
0.79873751
0.78365358
1.1251795
0.9604417
0.9980623
1.5182388
1.4754564
0.82487811
0.92357294
1.2254058
0.99593141
0.7723378
1.3914923
0.82044485
1.4525817
0.76458571
1.0818264
0.92810657
1.7525474
0.85112039
1.8555692
0.86793994
2.5774743
0.79260318
1.5880266
0.9348757
1.1728809
1.0315991
1.0422408
1.2149647
1.5181189
1.2707705
1.094377
0.96528584
1.2368678
1.8616078
1.3968778
0.77042775
0.88534412
1.1226949
0.87411108
0.72260203
0.74390091
0.78059292
0.96007223
0.98135648
1.0735743
0.71165406
1.2667266
0.89342901
1.1970506
0.73806787
1.8294558
1.078545
1.3287284
0.89210778
0.91387505
1.1187354
1.1330783
1.1786473
1.3564895
0.85647899
0.83348898
0.82863251
1.9521888
1.5440764
1.3875472
0.81471051
0.93398192
0.83263512
0.71784682
0.72186582
0.6967672
1.1631837
0.65794289
1.3246757
0.66530791
1.1596487
0.72303492
3.8265358
1.1314564
4.4478659
1.1307299
1.3541402
0.89987803
2.3280512
0.73697458
1.3357835
1.3045237
1.0054351
1.029567
1.3345907
0.70835319
1.211289
0.98003854
6.3550639
0.6605143
5.6910637
1.0736703
1.0260029
1.3071811
2.1400376
1.0526291
1.3473674
1.3568665
1.0775365
1.0906834
0.67176666
1.0001211
1.6133056
1.3487325
0.83839781
0.8184584
2.2830596
0.95332642
0.15636269
1.0575985
1.5265082
1.2415229
1.7490612
1.2759801
0.97887483
0.85611297
0.20448224
1.140989
1.4930681
0.82236524
0.98949575
1.334843
0.9918973
1.7170324
1.2154533
1.6773757
0.68477724
2.1584664
1.3504445
1.775676
0.8848587
1.2284362
0.56770343
1.1943599
0.49418929
1.508531
0.52654612
1.8165473
0.70458685
1.2122665
1.0120834
1.1617383
1.1168754
1.2203166
0.85059603
1.2543304
0.72369985
1.1386847
1.1657524
0.92109905
1.2716936
0.97858666
1.3265676
1.1910704
1
1.0899548
1
1.7114515
1
1.3729636
1
3.2882347
1.1239557
1.8333904
1.3455527
0.91820365
0.43484645
2.2241365
1.3445275
0.9787464
0.94396764
0.96316052
1.0683451
0.94881933
1.2034175
6.7264377
1.107524
3.033057
1.2222766
2.0226806
2.3385393
1.0788884
1
1.723803
1
0.89612616
1
0.94580277
1
1.5454557
1
8.1334261
0.88900259
1.5633601
0.73888397
0.99761754
0.47220918
1.6330254
1.0202697
0.88641878
0.82354882
0.99175284
0.9074888
0.99703788
1.2092452
1.8594437
0.81885972
2.045965
0.80424191
1.9673214
2.0531904
0.98695377
1
1.0036017
1
1.1300329
1
1.3561298
1
0.90082612
1
3.0510624
0.98018224
2.3208286
0.73599841
0.7672537
0.41195229
2.3032479
1.0317102
1.4556923
0.83094769
0.94136364
0.79279252
0.98909652
1.041359
5.1299565
0.91319093
3.357181
0.87812165
1.4980163
1.638581
1.0825723
1
1.2566217
1
0.96957016
1
1.1420252
1
1.5708661
1
2.2192996
1.2949229
2.7095152
1.0522971
1.0880982
0.48310597
1.3563762
1.2980617
1.4575999
0.82350384
0.8759126
0.9808993
0.96971446
1.0673692
2.4349974
0.92691016
3.1237318
1.2130893
2.4096881
2.6059235
1.1317377
1
1.3854659
1.1496258
1.3759042
1.0198633
1.3310375
0.84481059
1.5251042
0.9886894
1.5999161
1.2306054
1.7294792
0.82331444
0.73782806
1.2664672
1.8638759
0.99451383
1.1058203
0.86550131
1.1593776
0.913444
1.6205972
1.0830641
1.2760321
0.97422288
2.1187301
1.2126702
2.8177755
0.747224
1.1878805
1
1.7076494
2.5792828
1.1652254
1.3764902
1.6926535
1.6161856
2.6578551
0.87413469
2.5453604
1.024304
3.6990293
0.94483706
0.54509147
0.54284197
4.4434534
0.67812751
1.1309761
0.81866243
1.1790474
0.69389072
1.3393126
0.96538253
1.9323701
0.88621743
1.4270463
1.2498066
5.531927
1.0965136
0.9890609
1
0.74915835
1
0.9637753
1
1.9507214
1
0.81523386
1
1.5156926
1
0.68713684
1
1
1
1.6317952
1
0.75165969
0.5857733
0.81865826
0.61823182
0.91532248
0.70171226
1.4955488
1
1.2232207
1
0.63940335
0.82707248
0.43259596
1
0.92738852
0.5164748
1.4331056
0.6238856
2.4445659
0.38807016
3.7049331
0.55280413
2.19828
2.7295939
1.5160871
3.2391816
0.067872964
1.0250383
3.9679032
1.1882337
1.5709351
0.82447407
2.2688905
1.1403273
3.0763722
1.2937179
4.2140311
0.74354785
3.1598105
2.5802349
2.3234641
4.7933792
1.02508
1
0.51828779
0.73671855
0.65215979
0.78301177
0.90045916
0.78332362
0.72240832
0.76470884
0.59066009
0.80746618
1.5406027
0.49192286
5.6565738
1.0187957
1.2722733
0.90541346
0.68328976
0.87092994
0.73768745
1.2351092
0.72038268
0.92145764
0.59605855
0.88616599
0.30900595
1.1332356
0.94231727
0.85667034
0.89646366
1
1.2051936
0.42189623
0.99141514
1.1161607
1.0322651
0.83506854
1.3402313
0.94311839
1.3869865
0.88148498
1.0320269
0.80994446
4.0144012
0.83682454
1.29976
0.79613713
0.97155698
1.0891111
1.047245
1.0437181
0.98026673
1.4783184
0.65646596
0.76346105
0.55093653
1.3632212
1.0641567
0.93531219
0.98462598
1
1.0296465
0.469288
1.342843
0.90970589
1.0499485
1.1872618
0.94784224
0.78560232
1.0322912
1.0376284
1.9938518
0.97306765
5.3903603
0.74018135
1.3272669
0.86702031
1.0311913
1.0410394
1.1405969
1.3402142
1.330655
1.0025007
1.0119739
0.73287073
0.69476808
1.2630872
0.70191005
0.81518639
1.0822134
1
0.84353393
0.45861416
1.2203215
0.55361259
2.5063803
0.77517057
2.6131823
0.76315523
1.9565573
3.8277134
1.6582776
3.8542874
0.9676564
1.1154158
6.2575328
2.0022358
1.4697653
0.97402863
2.5144591
1.2781346
2.1352353
1.2546843
4.1543599
0.9548798
3.3019856
4.4696027
2.0075303
5.1193829
1.1477822
1
1.8899899
2.4557856
2.7648447
1.3556901
1.4339198
1.0705068
2.0821456
0.68619681
1.5126166
2.0770292
2.1063364
0.62632867
0.68131719
2.0102633
1.1392043
0.48747075
0.91173651
1.3108692
1.2968765
1.0990879
0.99887106
1.2419536
0.6489285
0.86390333
1.0244944
1.2974298
1.146389
1.0423104
1.3573231
1
1.3242236
2.1687745
2.2156344
1.1198193
1.0347774
1.4703322
1.0014751
0.97469147
4.2472271
0.98587825
2.4116525
0.7586577
1.5163657
0.89375471
2.0016666
0.79697876
1.0888103
0.98232376
1.1151174
0.98666492
0.77992473
1.1644773
0.69613725
0.69174526
1.0528852
1.1333526
1.161003
0.93189996
0.84534898
1
0.9081435
1
0.91293961
1
0.81771515
1
0.88093142
1
1.1739026
0.68681134
1.1667993
0.84845339
1
0.40657579
1.2768981
1.0593503
1.183548
0.74605876
0.98558131
1.0099238
0.9967208
1.0450993
1.4493439
0.8725158
0.9461523
0.90827905
0.8378186
1.197415
0.97619576
1
1.0030774
1
0.98544235
1
0.94707513
1
0.99604764
1
1.2146631
0.73681953
1.2484904
0.85689923
1
0.38886715
1.0513286
0.68747546
0.71066881
0.8470591
0.88346584
0.99730286
1
1.2230264
1.0704852
0.54755252
0.8628719
0.49663564
1.1281304
0.8966825
0.8691279
1
0.74927526
1
0.99088959
1
0.91997667
1
0.95985442
0.86836507
0.95975513
1.0038075
0.82959781
0.90465025
1.0002404
0.38320494
0.95523006
0.84690848
1.0572427
0.94353949
0.990243
0.82724312
1
0.89720083
1.7521745
0.82085806
1.155616
0.93289281
0.99131903
1.1368366
1.059366
1
1.088625
1
0.98972577
1
0.93560519
1
0.99682896
1
1.3031948
1.3345391
0.93495781
0.78510199
0.90244363
0.43841828
1.0258695
1.057631
0.87590643
0.74070828
1.2040858
1.0451158
0.96401939
1.0512821
0.86364514
0.8642918
2.1796732
1.0424049
0.9273161
1.5537617
1.0358041
1
0.86830367
0.8274174
0.8306261
0.74117036
0.81189189
0.85836692
1.0822786
0.96084522
1.2363102
1.3401518
1.3323121
1.2318458
1.0016598
1.1210793
0.97181157
1.2128342
0.98504558
1.046982
0.93769572
1.0460145
1.5812443
0.97320518
0.85141776
1.0300634
1.1417401
1.069498
1.7744435
0.54259572
1.1907532
1
1.61
1.3044896
1.1207605
0.92032678
0.83399164
1.4563456
1.1432711
0.66096142
0.9008577
0.52632997
0.99291109
0.81175397
1
0.38568348
1.5501151
0.92509774
1.2859046
1.0250057
0.91316465
1.6335123
1.2506279
1.1061111
1.0291632
1.0028053
1.2261855
1.1126176
1.0349619
1.065605
1.1129885
1
0.72389172
1
0.92914817
1
0.76848117
1
1.0273494
1
0.84793969
1
0.99646871
1
1
1
0.1923733
1
0.27185309
0.43316781
0.49804311
0.47923686
0.27748142
0.41336995
0.44594764
1
0.53284055
1
0.28867198
0.60194103
0.26416912
1
1.0415124
0.64809651
1.2595063
0.53752139
1.0170741
0.69971054
1.0429032
0.57958232
1.0745483
2.1773441
0.82091887
2.134932
0.99967071
0.91760579
1.1467897
1.0734071
1.0866921
0.84764883
1.0992274
0.92425562
1.8305415
0.99884761
1.6739135
0.66337562
1.4568632
1.6423017
1.0602245
2.8453983
1.0355391
1
0.45848432
0.49756624
0.84955147
0.66143551
0.83880122
0.64288536
0.96922817
0.51151967
0.55495574
0.76723461
0.65600356
0.36792647
1.1193239
0.95274681
0.52987432
0.84375073
0.72870095
0.97144153
0.73607009
1.1262671
0.85568246
0.82742619
0.44966342
0.72132753
0.44923586
0.9506876
0.5517526
0.8786255
0.98551602
1
0.95270686
0.27930172
0.98607477
0.88690118
0.91962554
0.64192528
1.1386365
0.69097049
0.8911008
0.77905757
0.91466311
0.50213713
1.0818235
0.89189793
1.4671025
0.81576518
0.95184693
1.1763382
0.85237508
1.0092928
0.78122213
1.4823045
0.59887684
0.92084767
1.3834788
1.0648622
0.85706135
1.0604564
1.0122781
1
0.63021485
0.4712107
0.82086541
1.1487629
1.2894149
1.2944826
0.83849243
1.024423
1.0076367
0.89772838
0.74793759
1.035216
1.1185475
0.6376073
0.54843232
0.86599331
0.96472829
1.181121
0.92138248
1.302201
0.87191861
1.0728516
0.51539942
0.83789417
0.51493179
1.0800725
0.39827289
0.83315913
1.0556651
1
0.75279559
0.73683388
1.2206974
0.98875804
1.0011111
0.7840155
0.85732278
0.76902948
1.1039147
2.899676
1.1363129
2.4935094
1.1097312
1.0326058
1.1971402
1.7228101
1.2411781
0.83550241
0.91023841
0.9791121
1.4188169
0.91435228
1.5258906
0.68690896
1.4225889
2.7989503
0.6510647
4.2410633
1.1053145
1
1.4177767
1.1505836
0.98133353
0.99630742
1.5960823
1.0270669
0.77517136
0.86917272
1.5680422
1.426398
1.2040493
0.74176932
1
2.2227966
1.3931142
0.87826015
0.92584436
0.9607494
0.95752995
1.1591906
1.2277049
1.4505572
0.93910524
1.0134425
1.3101532
1.014007
1.4168186
1.7856781
1.2049953
1
0.98926134
1.375645
0.92383488
1.5157401
1.3298043
0.7684251
1.1914457
0.94751181
0.90155711
0.87929897
0.97175076
1.2593029
0.70470728
1.1408173
0.89798072
0.95568021
1.1270764
1.0887948
0.8893232
1.1931076
1.0217336
1.0637121
0.83182783
0.7223443
1.4365931
0.73623649
0.92927339
1.1194719
0.95750383
1
1.3189439
0.99785383
1.1457676
1
1.2721738
1
1.2156853
1
1.2347439
0.72423642
1.4992755
0.69207566
1.5046031
1
1.273125
0.39272258
1.0408115
0.90916039
0.99439626
0.83136648
0.74405039
0.84810556
1.4350383
0.71817238
1.278327
0.38934044
1.2963966
0.2809548
1.0961455
1
1.2480071
0.99956036
0.74449132
1
0.94167744
1
1.169661
1
1.4441092
0.9760819
1.7281408
0.99127449
1.0104083
1
0.85322928
1.1769954
1.2633975
0.79656887
0.88282583
0.97365993
0.95243335
0.81715066
1.2854153
0.69489325
1.2902697
1.2857788
1.2726626
0.72676049
1.07396
1
1.1492325
1
1.0272942
1
1.1590068
1
1.3051152
1
1.1373455
0.94255313
1.1932193
1.0534497
1.1138638
1
1.1150111
0.60999988
1.0111308
0.84056065
1.1377395
0.84249619
1.0544136
0.96555641
1.1142293
0.73826945
1.3566495
0.81900067
1.1552667
0.47243933
1.1713122
1
1.0861501
1
0.63498873
1
0.88714823
1
1.6187769
1
0.8939801
1.0496815
0.96317139
0.95883771
1.3570755
1
1.0431598
0.96612143
1.4478485
0.83291168
0.72421072
0.62471998
0.78793526
0.87087551
0.56367676
1.0820317
1.1890371
0.75338389
0.98133507
0.69862409
1.0327473
1
1.3509763
1.4528304
1.1120327
0.99336091
1.1591464
0.98516098
1.2886084
0.98178742
0.88955497
0.83412496
1.1054869
0.91027953
0.96499834
1
1.1883444
0.75512278
1.0727319
0.82864711
1.0117104
0.30667599
1.3216626
0.98185897
0.80884915
1.0939787
0.78440759
0.52949116
1.144212
0.91652568
1.1135606
1
1.3324756
2.4171792
1.0038153
0.99520713
1.5792943
1.6688503
1.2646234
1.0149987
0.56909953
1.1194072
0.56742504
0.83445313
0.88100787
1
1.3493407
0.49182296
0.9612492
0.82197896
1.2958431
0.65160347
0.89890557
0.55993588
0.98558652
0.86855979
0.54405454
0.52780877
0.68604199
0.92619295
0.76347521
1
1.273607
1
1.2470419
1
0.93452569
1
1.3885437
1
1.137937
1
1.1627949
1
1
1
1.4340843
1
0.90516081
1.2984753
0.87094595
2.2376298
0.76470939
2.0511891
1.2273576
1
0.58237845
1
0.6014326
1.4484497
1.0835276
1
0.82445821
0.40515693
0.68487105
0.59358608
0.77418859
0.52545649
0.95856503
0.46486452
0.8524552
0.5194481
1.0233873
0.46061846
0.72673845
1
0.70695356
1.0533909
0.98037479
0.89369066
1.176423
0.88595656
1.2650626
0.85539548
0.89134983
0.87901693
0.8271255
0.89495059
0.68885294
0.54596989
0.82992195
1
1.2567845
0.36356195
1.569473
0.75130799
1.5603307
0.38345371
1.5306434
0.75510416
1.5427715
0.3094504
1.7794673
0.47814747
1.5947887
1
1.1689929
0.68667337
1.0720723
0.81763453
1.058678
0.39660159
0.88898342
0.53535562
1.2311551
1.4287165
1.31309
0.56033833
0.98342747
0.45164911
0.92270991
1
1.0945014
0.80403721
0.74449434
0.98768498
1.4681931
0.54841913
0.89489367
0.68061817
1.6147037
0.46684129
1.4789883
0.48136644
2.6616675
1
1.2959166
0.78798411
1.3427447
0.97689917
1.1800499
0.74011896
1.3909877
0.89998944
1.0551242
0.8390886
1.2170201
0.79537934
1.1847187
0.80279582
0.95064983
1
0.83268603
0.55513609
0.91740066
0.9341314
0.85433786
0.68084423
0.88361942
0.88596472
1.3496208
0.61753172
1.3293671
0.94179009
2.1199976
1
1.1433723
1.0457176
0.80703233
1.1039609
1.2832957
0.86897425
1.1820153
0.73611776
0.89928243
1.0396393
2.4309607
0.43633668
1.5518475
0.55567844
0.96763308
1
0.70117589
0.44071986
0.64238548
0.81216637
0.84897351
0.78245754
0.53101869
1.0279713
0.76886541
0.59623509
1.0716231
0.44247813
0.92973292
1
0.76207973
0.74504089
0.77929127
1.1736222
1.1306913
0.81985263
0.66719966
0.80226054
0.45250582
0.60407808
1.0015839
0.95904147
0.58829261
0.76419884
0.92604121
1
1.1918228
2.934058
1.0863067
1.1081464
1.2436439
0.79575959
1.1417462
1.2639969
0.93667483
1.1621805
1.2465504
0.58917669
0.68339657
1
0.98376065
0.45408689
0.72594845
1.4973052
0.81717766
1.9002959
1.0589367
1.0886129
0.63422905
0.56451626
1.2290621
2.2403405
0.54553545
0.74326184
1.1036871
1
1.6267422
0.98443515
1.3210995
1.7645457
1.7126557
1.6413599
1.3772888
0.73128859
1.1734044
0.26228467
1.5237124
0.54262104
1.1488005
1
1.6001358
1.0174013
1.2312747
1.0143346
1.0058596
1.1720724
1.3425646
0.78298709
1.1918031
0.73521682
1.162831
0.44478232
0.9496372
1.1199326
0.85466347
1
1.0748112
0.98656932
0.91479521
1
1.5940508
1
1.2425997
1
0.90933191
1.2047617
1.0477707
0.77316407
1.3663125
1
1.566161
1.1854777
0.87734357
1.1205363
0.9366485
1.4752466
1.1117046
1.1061335
1.8143203
1.1962227
1.2034636
1.7489805
1.2439661
1.3172087
1.2117684
1
1.2290382
0.98402633
1.2087048
1
1.0076892
1
0.78429768
1
1.6178939
0.65637224
1.1448253
1.3801012
0.87717736
1
1.1513461
1.0047184
0.70112044
0.85556952
0.92408519
1.1658051
0.93652223
1.0598764
1.647851
1.0879652
1.957649
1.2841626
1.3400705
1.3805947
1.0707391
1
0.80182952
1
1.1104676
1
0.90519323
1
1.5975454
1
1.4800658
0.79718054
1.4695983
0.66307745
1.0015753
1
1.1775073
0.99669046
1.2853717
1.1891921
0.81455279
1.0267404
1.1897311
1.0022686
2.2419844
0.99537375
1.9615386
1.1464225
1.1332189
1.0717792
1.3573197
1
0.86324561
0.99999628
0.7614086
1
1.5259044
1
0.82441911
1
1.0276164
0.88373063
1.3272554
0.9437132
0.94736705
1
1.2797723
1.1370333
1.2430536
1.0357364
1.0513055
1.5762493
0.9436083
1.1030559
1.229826
0.87055653
1.341821
1.6719992
0.96778617
1.0407873
1.1865065
1
1.5138273
1.2519033
0.76916508
1.0438568
1.6857203
1.2103593
1.1136074
0.74127394
1.3217036
0.76273322
1.9084295
0.67952078
0.92928137
1
1.2879312
0.80144476
1.0705146
0.8171351
1.0954919
0.97983524
0.83095619
1.1303751
0.90593473
0.67123715
1.2586681
1.6706003
1.4049473
0.75413481
1.2314687
1
1.6556278
2.0708875
1.2792677
1.4705909
2.1851657
2.2633807
2.5325483
0.72285551
1.5337225
0.49398887
2.4866424
0.58816343
0.55174118
1
1.9169935
0.39337675
1.2219667
1.315691
1.4225948
1.2055247
0.98795679
1.1103898
1.1600526
0.43219214
1.5380259
0.4255429
1.8880948
0.85547735
1.0267881
1
1.1871026
1
1.4236753
1
1.2909991
1
1.0204717
1
0.90427115
1
0.91546825
1
1
1
0.91606295
1
0.82297832
0.74496332
1.0154168
0.69533374
0.79209084
1.0378219
1.1630656
1
1.2942969
1
0.62217579
0.58485774
0.70248262
1
0.82863208
0.57043475
1.0506771
0.49480719
1.133137
0.42617378
0.987827
0.40124337
1.3392221
1.1307056
1.3854819
0.94176943
0.21667764
1
1.2442978
1.0507168
1.154553
1.5664977
1.4888926
1.659121
1.3008876
1.2229925
1.288771
0.86772489
1.6394599
1.7142383
0.91869756
2.5187273
1.2815984
1
1.0196926
0.5632457
0.81105693
0.87095126
1.3179074
0.51914502
1.3630116
0.58861695
1.31526
0.55486048
2.0917059
0.45731424
5.5946292
1
1.3863757
1.1935868
0.89232098
1.3247891
1.1298854
1.5156934
1.1368864
1.1557172
1.7096227
1.3143291
1.7544176
1.4765778
0.93300016
0.95238227
1.2611895
1
1.1134986
0.567956
1.0367399
0.89567329
1.1261383
0.55875582
1.0371447
0.8281933
1.4866238
0.8914441
0.90732646
0.86838533
3.861561
1
1.7092672
1.1922867
1.1531311
1.2746736
1.3380894
1.3734932
1.2805513
1.5300928
1.4810286
1.0075697
1.6802263
1.1800015
1.2756836
1.1921007
1.1264925
1
0.80640597
1.1663753
1.5781858
0.89594043
0.90945246
1.0846882
1.1078134
1.5476246
1.1133478
0.75962307
1.3290519
0.75035648
4.9770632
1
1.5571085
1.1691693
1.151224
1.6073537
1.1549259
1.2581307
1.6621508
1.19204
1.0256892
0.919294
1.7408008
1.2408036
1.271757
0.94755642
1.1176207
1
0.69807791
0.504636
0.55519211
0.88521639
0.91907277
0.81812997
1.005614
1.0058472
0.78046453
2.3461212
1.2354376
1.0985999
0.97457298
1
1.2492284
1.7599309
0.9040289
1.7902527
1.1383645
1.7348659
0.99451198
1.5574444
0.99042411
1.2056137
2.7884013
4.7102734
0.7126981
2.7148222
1.2096267
1
1.122791
1.5410322
1.8359944
1.0359385
1.9353768
0.96884085
0.87889693
0.57023254
0.83697867
1.163694
1.7254079
1.3074882
0.47718048
1
1.2102879
0.57913212
1.3649393
1.9082441
1.2262939
1.7872457
1.1159462
1.3618985
0.83792063
1.0867622
1.6630347
2.5639957
1.407631
1.4257034
1.3881151
1
1.2450912
1.9797619
1.1172619
1.3634045
1.6280411
2.3436944
1.551887
1.2874749
1.9533484
0.74825943
1.2515523
0.35587928
0.85537161
1
1.1911104
0.9744328
1.3156689
1.0200472
1.227769
1.1213826
0.86043633
1.1774337
1.0158241
0.71495458
1.5452638
0.59752655
1.0622058
0.30908785
0.95567562
1
1.3078914
0.97062561
1.1171075
0.99952248
1.3027938
1
1.2763624
1
1.044117
0.91201242
1.0574461
1.1679725
1.0378763
1
0.91930348
1.0526214
1.230398
1.005704
1.1610668
0.88512961
1.0182527
1.1662946
2.3173392
0.81212502
1.0917742
1.0669517
0.8325691
1.3621335
1.2660329
1
1.0224417
1
0.99091548
1
1.1179447
1
0.94021861
1
0.97762592
0.69663821
0.99779759
1.0977734
1
1
0.97082152
0.78334701
1.4098857
0.88235612
1.0829258
1.3806202
0.99950588
0.95816079
1.1574248
0.83902176
1.0950506
1.2781131
0.98076746
0.88148451
0.97129298
1
1.0759275
1
1.1009943
1
1.3890058
1
1.2024447
1
1.127452
0.79118762
0.93067727
0.95416749
1
1
1.2097499
0.96494349
1.2887984
1.0520756
0.94866084
1.1555967
0.87890231
1.0002839
1.8151028
0.93207203
1.1946976
1.3158643
1.1254742
1.8300487
1.3524923
1
1.1430827
1
0.98028598
1
0.8731137
1
1.1285899
1
1.15841
1.269664
0.96031433
0.96689701
1
1
1.0272417
1.0105905
1.2241675
1.0918767
1.251214
1.1551066
1.1427307
1.0371684
1.3887484
1.0733593
1.4952145
1.1530623
0.91747656
1.1592018
1.3383209
1
1.2987289
0.89552884
0.92935864
0.94031108
0.88854119
0.84878444
0.97098288
1.007581
0.80176596
0.9664059
1.3881545
0.93031402
0.90150243
1
1.2198745
0.81091457
1.0484411
0.76311925
1.3701481
0.85247662
0.99818614
1.0973296
1.1254639
0.27314266
0.81256809
1.2051105
1.2338983
0.83773634
1.2187653
1
1.5628619
0.87527744
0.87529466
0.9945191
1.3591162
1.5645314
1.5050152
1.0880725
0.95979772
0.54056565
1.1765802
0.89854214
1
1
2.8531921
0.21522041
1.3095862
1.258229
0.9664573
1.5556232
1.164335
1.4908232
1.1924945
0.48115333
0.87692112
0.67867499
0.99685242
1.0440388
1.2534213
1
0.8366899
1
1.0506275
1
1.1767447
1
0.98316743
1
1.0028577
1
0.78901719
1
1
1
0.62264759
1
0.74755148
0.79169551
0.61560476
0.78787631
0.5843132
0.78029372
0.85829011
1
0.73805828
1
0.59771225
0.63364413
0.58011811
1
1.3716787
0.62840307
0.7918712
0.8267641
1.4468293
0.76707582
1.7955381
0.63412412
1.1314285
1.032407
1.3108552
0.87165288
0.87379425
1
2.2136801
1.0867437
1.8026402
1.1899219
2.276639
1.3199003
1.954235
1.3755283
2.3582487
0.90706685
2.8777539
1.8753289
1.4678962
2.3010054
1.5530467
1
0.90126756
0.49569861
0.92948816
1.2578136
1.1647719
0.71400671
1.067126
1.0954579
0.75692527
0.71399764
1.1034184
0.74169228
1.0138832
1
0.74768139
1.2478865
0.96872897
1.0940726
1.1570598
1.3071103
1.3001844
1.1687725
1.4750036
0.79147475
2.0112801
0.80516384
0.5450485
1.3180355
1.2679942
1
1.0667572
0.58001396
0.98175864
0.66641732
0.8475047
0.71390996
0.9810312
1.0665079
1.1743121
0.66054743
1.3138093
0.83194013
1.0774917
1
1.319848
1.2545056
1.2425822
1.255327
1.1920251
1.0532976
1.4095116
1.7478972
0.94654879
1.0362375
0.95283518
1.4053939
0.85676026
1.1776122
1.22621
1
0.98873315
0.96123567
0.9299897
0.82221875
0.97567009
1.4223841
0.84461716
1.8940591
1.018386
0.6120158
0.94278428
0.80252344
1.2693154
1
0.94227041
1.2489866
0.94876138
1.3129991
1.2608369
1.6842133
1.4587238
1.3341252
1.0076444
0.95722613
1.3799339
1.3210989
0.48206281
1.7825201
1.2936917
1
0.98133342
0.67184889
0.91360828
0.73546835
0.82468841
0.85797697
1.0791788
1.13469
1.412627
1.4032811
1.1216306
0.95045971
0.94998569
1
4.5376755
1.7602248
1.4972411
1.1615191
2.3017404
1.2770116
1.785588
1.3772638
2.3851685
1.0488672
3.1473617
5.0648429
1.4700433
2.4431775
1.5542397
1
1.5460571
1.1529289
1.1707121
0.98237166
1.3417508
0.83847907
1.0833735
0.72515872
1.0648839
1.1676174
1.3377151
1.1237697
1
1
1.682547
0.78115825
1.016623
1.2326096
1.0954156
0.81876494
1.2401026
1.4394684
1.2015578
0.98308387
2.8772192
8.3481309
0.80765896
1.08659
1.3768911
1
1.2321389
1.9859051
1.0040221
1.1696738
1.4312994
1.0318149
1.444034
2.295992
0.9268742
0.57270719
0.99222098
0.89953429
1.0723981
1
1.7981757
0.68919979
1.6903971
0.89697363
1.5440772
1.1727628
1.1194521
1.4924178
1.0020938
0.57049761
0.81388863
0.57459018
0.8711877
0.60328301
1.1298875
1
1.503678
1
1.1221532
1
1.2920261
1
1.30357
1
1.4650753
0.96577962
1.872856
0.97206138
1.4965718
1
0.69645988
1.0958823
0.79476749
0.93708917
0.95782636
0.7710648
1.0715127
2.1886882
0.95224984
0.91033826
1.3871959
0.95953994
1.5899385
0.44495496
1.3473243
1
1.0161614
0.99969631
0.90834202
1
1.0042363
1
1.2753948
1
1.4943843
0.99946376
1.4423112
0.99891971
1.1171171
1
1.222783
1.1201663
1.2001408
0.61509876
1.553991
0.79213243
0.98421384
1.0867407
0.92911644
0.76008736
1.9313832
1.0964432
1.3732606
0.93590167
1.2660272
1
1.258222
1
0.95378189
1
1.1292241
1
1.2254471
1
1.4643012
0.99950961
1.4036339
0.99585841
1.1990621
1
1.2262436
1.0856623
1.2205543
0.8781985
0.92539261
0.8380434
1.031358
1.0093113
1.1105317
1.0806279
1.3344181
1.5219537
1.7683238
0.94213564
1.4453367
1
0.92301231
1
1.1393026
1
1.5003492
1
1.2393073
1
0.98097096
0.9906528
1.2523419
0.99979781
2.077507
1
1.6732993
0.87958695
1.0147754
0.59504216
0.94498832
0.73012519
1.3512263
0.71107435
0.92903675
0.68917576
1.4861515
0.88661037
1.1253651
1.0275906
1.0989514
1
1.1930849
0.98903331
1.1730006
0.99820237
1.2637075
0.9983147
1.087723
0.99901167
0.86508184
0.99077034
1.180039
0.93274426
1.0985281
1
0.73086633
1.2827182
1.2042872
0.95374469
0.99491645
0.2952652
0.79392796
0.83949021
0.97864348
1.0677787
0.77101399
1.0601636
1.1872812
0.81417962
1.038215
1
1.1597769
0.98411398
1.2362248
0.99947119
0.82945103
1.0858923
1.1401794
1.2610954
0.7482884
1.0027432
0.65866076
0.98779425
0.81430488
1
1.3593966
0.52264454
0.94012857
0.73774149
0.86661887
0.54437778
1.0251585
0.74217551
0.86215185
0.5951133
0.65272491
0.68968182
0.96451586
1.2369572
0.73001537
1
1.2818994
1
1.6438778
1
0.94145605
1
1.0099548
1
1.5359635
1
1.628115
1
1
1
1.2012706
1
0.86298165
1.4000557
1.1068099
1.5473197
0.70345958
1.5764874
1.9648557
1
3.4557479
1
0.60815866
1.2661533
1.1218153
1
0.81854011
0.46045383
0.95049986
0.86448687
1.0936862
0.33176473
0.95132619
0.803549
0.87103543
0.76617039
0.91488759
0.81506391
0.61542684
1
0.6625264
1.5740322
1.0068031
0.44226727
1.1682849
0.65760945
1.0076797
0.68080369
1.057937
2.0790335
1.7247317
0.80808962
0.33226012
0.81018122
0.90050409
1
1.115616
0.41913653
1.9233422
0.95314057
1.253918
0.57805832
1.2550545
0.7087503
1.6479997
0.54345814
1.4662567
0.88158126
1.527251
1
1.0355108
0.82159784
1.1832708
0.88413064
1.1690491
0.96794898
0.74332444
0.54088038
1.221634
0.9861418
1.2266245
0.57939973
0.89627922
1.0292028
0.83961464
1
1.0293914
1.0067307
1.10231
0.96910746
0.93120432
0.99346206
1.3981923
0.88120206
1.4900708
0.78429294
1.914857
0.95343319
3.0247687
1
1.0618071
0.74383699
0.70168005
0.83022401
0.80830202
1.3965949
1.1241974
0.71585818
0.86372985
0.7663866
1.1817783
0.85574797
1.0881264
1.1335656
0.84357334
1
1.0486264
0.71854922
0.83776401
0.96168076
1.2111721
0.96886617
1.2226475
1.0037984
1.2986939
0.92232221
1.3942831
1.1128816
2.1780745
1
1.0798571
1.2731245
0.78760209
1.0262969
0.95082912
0.77650383
1.1975951
0.52646547
0.91611744
1.2474487
2.0670145
0.55613481
1.6258901
1.0374087
0.73390643
1
0.77193358
0.551994
1.1514141
0.83568227
0.65296603
0.68975388
0.69618198
0.80411826
0.585978
0.57088557
0.84718379
0.80784639
0.65343042
1
0.36179687
0.60188249
0.90853187
0.83288714
0.76086412
0.66314537
0.79972039
0.74507336
0.48600957
1.5008174
0.70995474
0.82241946
0.40260633
1.1043071
0.7112003
1
1.4428678
1.2766398
0.79016937
0.98570271
0.98919212
1.1596392
0.5806789
0.97363819
1.4132371
1.0043552
0.9293371
0.7518005
0.26668138
1
0.25418455
0.97652586
1.2736088
1.0146142
0.93955772
1.8463796
1.0508954
1.230627
0.52652623
0.96037453
0.83219102
0.81281563
0.22936821
0.81416342
1.0447674
1
1.5119
0.95237213
1.012368
0.99076269
1.2255045
0.92526692
1.0871135
0.97364465
1.2018363
0.72416669
1.2223061
0.91609339
1.1678137
1
0.88809441
0.88371113
1.163191
0.58437619
1.1536907
1.1369638
0.93096356
0.57971691
1.5312149
1.1528196
0.7574936
0.96558125
0.950002
0.9012594
0.83495594
1
1.0397461
1
0.93612645
1
0.84024354
1
1.0024768
1
1.1177366
0.94494966
1.4146171
0.86798856
1.4634129
1
1.3400559
1.0890453
0.93163654
1.0774611
1.2544587
1.6167911
0.88206572
1.1928435
1.735323
1.513428
1.6862053
1.2940451
1.0900431
0.61336188
1.2230364
1
1.2208735
1
0.97027248
1
1.2835143
1
1.0867953
1
0.82690919
0.99991996
1.0756313
0.99988019
0.92181182
1
0.81171239
0.91396408
1.0954584
0.96867841
0.93196576
1.4543895
0.95677983
1.3527159
0.89647174
1.1342957
1.6266301
0.93389828
1.1101573
0.96465244
1.0328468
1
1.0518151
0.99991844
1.3711379
1
0.80729011
1
0.96838573
1
0.99144266
0.99907154
1.0529789
0.99982959
1.0064514
1
1.0016827
1.6038572
1.4034015
1.0101237
0.92660104
1.4369427
0.91390825
1.2836526
1.8503001
1.3893913
1.0043586
1.0633134
0.97678712
0.74322286
1.3468636
1
1.0500826
0.99989981
0.97994902
1
0.79874501
1
0.81318012
1
1.0751961
0.97857451
1.1293468
0.99980214
0.58560011
1
1.1260713
1.0020321
1.1156611
1.1577047
0.96777032
2.3272998
1.1496549
1.2475206
0.99352816
1.6388175
1.2532541
1.2602752
1.408513
0.8744203
1.2124957
1
1.3736375
1.1568867
1.1363732
1.2958181
1.0223284
1.0955941
1.0282942
0.99904013
0.87012998
0.98952679
1.0536503
0.99333154
0.55672892
1
1.0944771
1.0435344
0.98802069
0.9655645
0.84143232
1.1989751
1.2057761
1.1864798
0.86116417
0.9528412
0.78914401
0.87260218
1.5010246
0.92403386
1.2236555
1
0.98202126
1.2005787
1.4526521
0.926284
1.4033502
0.99730156
1.2544507
0.96426586
0.84891292
0.91790004
1.2585206
0.99957685
0.41937982
1
1.1894475
0.51631009
1.0429737
1.24657
1.5264012
0.75208115
0.93106164
1.3733732
1.1182212
0.87663597
1.8966002
0.78510238
1.1163913
1.0048557
1.0147634
1
0.52864092
1
0.89193458
1
1.4214157
1
0.90020402
1
0.86302194
1
0.78015735
1
1
1
0.9243319
1
0.9044696
1.0404806
1.0715999
1.4599171
1.0587058
1.4382066
1.1538095
1
1.4696388
1
0.66928621
1.719408
1.0592024
1
1.058886
0.75375694
1.0928959
1.1385751
1.3684059
0.69123386
1.2052817
1.0704793
1.0703572
1.0923596
1.2535261
0.86532168
0.27276689
1
0.8194837
0.87330306
1.0787198
1.3730578
1.2826416
1.246556
1.1898768
1.2081706
1.017035
1.2887391
1.021537
1.1924334
0.59670682
1.1914757
1.2797899
1
1.1025427
0.43448822
1.2737317
0.84756431
1.4603652
0.84116739
1.4071286
0.93216019
1.3434764
0.87624043
1.9956249
0.9563624
5.6178129
1
1.3382485
0.99781977
1.0591863
1.5655428
1.2938511
1.787326
1.0325365
1.2159274
1.7171203
1.1974795
1.3181513
1.0307759
0.63856314
1.0832452
1.1021242
1
0.77766269
0.83497988
0.95469765
0.95989249
0.91331898
0.7834489
0.90963884
1.0037383
1.4808342
1.0555232
1.11986
1.1225944
4.5784611
1
1.3499143
1.4057593
1.1939549
1.3499257
1.3125147
0.91405536
1.6792903
1.3076962
1.4304643
0.81867259
1.2309223
0.98210792
1.0457436
0.96630217
1.1935306
1
1.1661753
1.23353
0.79470807
1.1070119
0.85929244
1.1499938
1.4474888
1.0957225
0.84727319
0.80660392
1.3151016
0.99378729
7.3438441
1
1.2282313
1.1435011
1.3352061
1.5084904
1.1130074
0.72573351
1.7937371
1.0564472
1.216459
0.91951874
1.3477019
1.090954
1.0227672
0.83751948
1.0822887
1
0.87112765
0.57743991
1.0222745
1.0515923
0.63841655
0.78071003
0.79861378
0.79971051
0.68934516
0.76606912
0.67532834
0.94990544
0.5896792
1
0.54651959
1.1640848
0.58091628
1.3281468
0.612325
0.89010958
0.76863795
1.0259123
0.62368216
1.296794
1.461062
3.5221097
0.62244002
1.0419001
0.99116516
1
0.98653323
0.94416886
1.0783662
0.99239048
1.3855495
0.98732144
1.0003821
0.97646444
0.78057183
0.97390155
0.94788953
0.99096859
0.59895848
1
0.58611916
0.58702054
1.3531472
1.209527
1.0445045
0.8595332
0.9411229
0.95669861
0.97211707
0.78259813
1.519858
1.2703871
0.9874586
0.91182368
1.1973901
1
1.5090162
2.5676405
0.99179204
1.2130765
0.88999741
1.3899719
1.1148585
0.97205935
1.4248334
1.2378967
0.93774157
0.99505379
0.72732053
1
1.5645285
0.72453201
1.5294238
0.97472704
1.4417165
1.4480466
0.99867947
1.0150437
0.90035916
0.86458142
1.3433376
0.7148745
1.0894289
1.1206653
1.0869635
1
0.8670437
1
0.95488559
1
0.85099287
1
0.92953038
1
0.91570024
0.97606786
0.99977638
0.99992845
0.99999984
1
0.76274459
1.063006
0.85947899
0.98113265
0.87441842
1.1853224
1.0600603
1.046209
1.1749662
1.1286175
1.6105995
2.0381349
0.89715711
0.71991157
1.3898544
1
1.132247
1
0.99598511
1
0.9956955
1
0.99875414
1
0.99926322
0.99894278
1
1
1
1
1.1265335
0.70670969
0.97143468
0.56556618
0.97617732
0.82383038
0.99660212
0.92950565
1.1428791
1.050716
1.1442007
0.98963201
0.99870998
1.3165142
1.2272186
1
0.92105388
1
1.0821191
1
1.1624987
1
0.98661037
1
0.99904439
0.86566919
0.98154797
0.99999998
1.0033731
1
0.86261025
0.98820297
0.9211365
1.3528681
0.88693207
1.166828
0.95650954
0.94273328
1.4003724
0.95239139
0.95843945
0.96813771
0.96317651
0.84483667
1.4483813
1
1.1376487
1
1.3300831
1
0.85327269
1
0.98231263
1
0.99459181
1.1714699
1
0.98230624
1.0000002
1
1.1943533
0.59251331
1.0382879
0.93086615
0.96770887
0.88261285
0.93872124
1.0072988
1.1019286
0.74395857
0.97382987
1.3296656
0.98513168
0.8823257
1.3534022
1
0.83380666
0.99334751
0.91083031
0.92850993
0.95950148
0.99836939
0.78759475
0.99735888
0.93712052
0.98551557
0.99045757
0.99481359
1
1
0.94204742
0.81303575
0.83151723
0.86320488
0.75235969
1.1291713
0.94859883
1.0020889
0.78897599
0.53770269
1.0621767
0.64076442
1.2352061
0.7102937
1.228633
1
1.378934
1.1036134
0.9306625
0.99785674
1.0989729
0.97953699
1.0677008
0.96387942
0.99298398
0.81300629
0.99984226
0.99980449
1.0000491
1
1.3270491
0.40433745
1.257317
1.1877045
0.81432792
0.77206456
1.1808107
1.0483615
1.5610654
0.50930433
0.8525796
0.84270704
0.97341954
1.3347642
1.2073514
1
0.83170296
1
1.0037613
1
0.99679832
1
0.84784945
1
1.0066599
1
0.93678419
1
1
1
0.79737584
1
1.0362852
0.92541064
0.99304494
1.916407
1.602135
0.98128847
1.2468617
1
1.5066371
1
0.76197973
4.2103999
1.1662841
1
0.88271023
0.94280775
0.9521688
1.0590273
0.96002971
0.60693015
1.299126
0.94695411
1.3494178
1.00156
1.1034817
0.94581329
0.91037073
1
1.6071518
0.8652673
1.3465793
1.9684593
1.4400651
2.0468373
2.1469922
1.1771054
1.2958781
1.0756466
2.0086977
2.1790209
1.069305
1.1500666
1.6251284
1
0.77625034
0.72831953
1.1298298
0.86691893
1.0400653
0.74894945
1.1059062
0.82003429
0.98354607
0.78395761
0.93432153
0.95848068
1
1
1.1176697
1.7805142
1.1505426
1.5677327
1.0910548
1.2151229
1.4239355
1.4063609
2.2687679
0.95590176
1.3683838
1.5439873
0.84514276
2.3175504
1.2596685
1
0.96210401
0.88115373
0.99696225
0.95011807
0.97289035
0.84093647
0.9919643
0.94061879
1.0928127
1.0777781
1.1277887
0.99228483
1
1
1.8823911
1.5649775
1.3643327
1.2820715
1.7605811
1.3670888
1.1772243
1.9187864
1.317675
1.1518089
1.4791654
1.5613875
1.0095539
1.1361925
1.3973485
1
0.99019893
0.83052945
0.92856451
0.96423772
0.92598582
0.91280506
1.3298624
1.1550758
0.88315771
0.94367909
0.95578656
0.99381576
1.1254906
1
1.1855815
2.1073342
1.3204976
1.8475628
1.1353549
0.87043007
2.0004466
1.0736404
0.91780005
1.2640485
1.9275421
1.1355885
1.5437894
1.0712326
1.4760737
1
0.9058116
0.83865134
1.0073298
0.93179828
1.0152386
0.92391874
0.84576017
1.2230906
0.87511439
1.0108452
1.1701456
0.95632519
1.0000533
1
1.7289909
2.0565884
0.86554113
2.0348877
1.31229
1.424158
1.703368
1.9007327
1.1973211
1.2480055
42.211653
8.6993016
0.99735232
2.2579981
1.2881006
1
1.1578102
1.1726564
0.99456903
0.99630092
1.0668822
1.153585
0.87125479
1.1793955
0.95241898
0.93826616
0.99329051
0.98570438
1
1
1.0955978
0.59388099
0.88547348
1.1123018
0.75720497
1.0985262
1.0247899
1.376893
0.72171108
0.77787405
1.4361545
0.91857567
0.8503684
0.85084793
1.3726393
1
0.994869
1.645387
0.91598777
1.0785694
0.97481533
1.1552649
1.0790905
0.9559043
1.1761756
0.9640854
0.99937982
0.99287076
1.2452206
1
1.5524373
1.4217271
1.1496747
0.94669304
1.0038709
0.96721709
0.94296292
1.6576792
1.053002
0.72140496
0.59020229
0.65002381
0.86825475
0.81973174
1.0319653
1
