0.99717082
1
1.2187863
0.85823125
0.99979946
1
1.7648044
1
0.49100942
1.0862426
0.89334703
0.93349502
1.2266256
1.3955724
1.293678
0.98459906
1.0397154
1.1812937
0.96744794
0.55917278
1.0344507
0.86737512
0.86083642
1.3551518
0.91919769
1.279674
1.0606335
0.74205604
1.1701083
1.1906963
1.043584
1
1.0223673
1
1.5638547
1
0.82189952
1
0.75725777
0.73571149
1.1147238
1.3408809
1.03025
1.0977882
1.001843
0.8782222
0.91699112
0.66084152
1
0.69554405
1
0.79713335
1.4992338
0.93730667
0.77806445
1.1336574
1.6525213
0.38949971
1.1058297
1.0807765
0.79828
1
0.98249637
1
1.4235474
1
1.0648627
1
0.63939164
0.65100156
0.68735929
0.91401795
1.2863803
1.2934185
0.90502415
0.80571051
1.0944367
1.2927529
1
0.71671875
1.0811711
0.70158588
1.1311196
0.84340949
0.83061064
1.2330345
0.952294
0.51817589
1.0875997
1.079353
0.68573758
1
0.81592458
1
1.3703744
1
1.171482
1
1.2588113
1.1152544
1.131957
0.80058769
1.203229
1.5867883
0.99999396
0.77973872
1.4068814
1.5660141
0.99573451
1.0805614
0.99925359
0.85917886
1.3459079
0.90184635
1.324936
1.0447664
1.1990943
0.78352774
1.0830976
1.1107693
1.0766293
0.59448494
1.250896
0.59030521
1.1695469
0.76710049
1.3479821
0.85037165
1.0148902
0.84622807
1.1965492
0.94274902
1.4295297
1.8275165
1.5674678
0.71409989
1.2491061
0.87819354
1.039667
1.0705673
1.0017674
0.75455103
1.5667539
0.71069142
1.0683207
1.0174413
0.61616087
1.0004159
1.0587239
1.0646526
1.1560224
0.90855486
1.2833737
1.0937673
0.80309784
1.3060511
1.1812729
0.97183641
1.2876685
0.68081368
1.1974723
0.61841419
0.89444254
1.2195249
1.3262761
0.49553239
1.133571
0.81937784
1.4120639
0.624504
1.3397929
0.88744917
1.4469279
0.64553345
1.5569653
0.85942695
0.68089842
1.1416751
1.2916207
1.0737042
2.2793769
0.66734614
1.5666109
0.74966182
2.0522735
1.3759782
2.332224
1.6419646
1.5451667
2.0144679
1.9834697
0.71475905
1
1.4943371
1.606653
1.1671605
1.5796775
1.1560497
1.4413274
1.0334305
1.5324539
1.2822196
1.4696443
1.0925326
1.1854507
2.1835202
1.2164799
1.2101307
1.2013827
1.1298871
0.97745629
0.54175661
0.99838601
0.54901243
1.1019591
0.65017686
0.96693105
0.73648884
0.87665328
0.6723122
0.85298874
0.71482704
1.3223531
1.9533311
0.94915714
0.57712283
1.1144729
0.57967406
0.91848773
0.67720488
1.0121104
0.86209621
1.2595556
0.67544361
0.82016042
1.3583598
0.91080805
0.91179437
0.88510516
0.95577995
0.79322529
0.32734273
1.1868669
0.47614722
0.77936351
0.37023951
0.95625173
0.4506816
0.61159081
0.68574069
0.78123629
0.47838872
0.59609489
2.5605523
0.99410391
1.2707064
1
1.1483132
1.0342434
1.1525874
0.65154231
1.5622086
0.82589107
1.4056753
0.69184064
1.7228999
0.46965682
0.82502137
0.92165261
0.99561143
0.99233562
0.8859606
0.92504703
1.1299621
0.96455148
0.88282585
1.0770148
1.0354402
1.2175869
1.1735346
0.51168886
1.190324
1.6747862
1.3714694
1.3325966
1.4843389
0.93596857
0.57599478
1.0193148
1.5780086
1.1996039
1.5765264
0.96039744
1.3547168
1.1529004
1.3942022
0.69841621
1.4666253
1.5403891
0.77938106
1.0208492
0.68710568
1.4276803
1.1589652
0.98793481
0.57797919
1.1237465
0.79066948
0.88058933
0.67195884
1.1543988
0.66883435
3.1422361
0.82183834
1.5691601
0.62345752
1.5399085
0.63391656
1.3337607
2.1606291
0.91934674
0.79091933
1.2030422
0.64376136
0.77416169
0.91111341
3.2353866
0.874314
0.9422379
1
0.6904762
0.4793079
0.6956869
0.54629386
0.69411411
0.8339051
0.71814709
1.1566816
0.74121331
0.89827435
0.6079102
0.73830017
2.0117356
2.4031639
1.0540213
0.68415803
1.5489438
0.50422018
1.1121094
0.81006891
0.94298067
0.87132747
1.0688833
0.64679433
1.2482775
1.308699
0.50412743
1.1543925
0.81722086
0.83523845
0.90966389
0.33089873
1.1534305
0.5692659
0.75723576
0.53537998
0.85307245
0.59258716
1.0119119
0.4894139
1.4177962
0.5076242
1.7212695
1.2120818
1.4987471
0.62483334
1.2064397
0.73706742
1.2956254
0.60540026
1.1025539
0.90138644
1.5161384
0.53810616
1.2415292
0.75977442
0.97100264
1.0181838
1.0626008
0.91066088
0.95298333
1.3265743
0.98446977
1.0655721
1.779698
1.068779
0.87113103
0.76390334
0.94363818
0.61238007
0.72456355
0.90170148
0.90388313
0.92679496
0.87073017
0.78748475
0.35536547
0.7715787
0.69659396
0.61141499
0.63243598
1.606326
0.73191465
0.42428676
0.45985289
0.45731091
0.61806577
0.81866682
1.698038
1.0943817
0.89210249
1
1.2250071
1
1.6549689
1
1.7879379
1
0.56463701
1.2811502
0.57706771
0.73636308
0.97951707
1.340333
1.2833596
1.3429897
1.095004
1.5103873
0.99582429
0.70664548
0.99763376
1.3741098
0.98955152
1.8462692
0.72100016
1.2273841
0.80052772
0.63758378
1.2487991
1
1.931384
1
0.89405347
1
0.98937896
1
1.3375832
1
0.97698568
0.86603777
1.1321815
1.0385229
1
1.1676993
1.2894239
1.2221901
1.1236813
1.3597437
0.99992193
0.73810537
1
1.2095687
1.1727998
1.2354912
1.3581251
1.1193717
1.3286636
0.62980667
1.2887619
1
0.51531648
1
0.66948016
1
0.74223209
1
0.95490612
1
0.52855128
0.98387568
0.99385492
0.75884389
1.0162121
1.2313709
1.1789334
1.001081
1.2761563
1.1714651
1
0.61841633
0.99420778
1.1864159
1.0761219
1.1888457
1.0859316
1.2665962
0.78644606
0.76466918
1.2078977
1
0.95577935
1
0.89689819
1
1.0376177
1
0.96362073
1
0.70396785
1.1513138
1.030282
1.2296392
1
1.5177065
0.94353173
1.1347057
0.93212182
1.1979558
0.9994832
1.0203841
1
1.5375233
1.0873129
1.0046572
1.1334359
0.8966123
1.8880065
0.69533239
1.1462496
1
0.96981404
0.5619825
1.0225841
0.8377186
1.2471484
1.1121812
1.1139951
1.0556961
1.3179255
1.0309919
1.9484947
0.89974021
0.98135024
2.0982316
1.6890713
0.98144091
1.5736503
0.83877696
1.187839
0.6150798
1.0825691
1.354128
1.5681788
0.64047095
1.2657504
0.85154516
1.6290663
0.85769774
1.1577284
1
1.1014617
0.75696855
1.0662338
0.98520315
1.1591784
0.85419945
0.86803023
0.74230341
0.97772569
0.70046833
1.3442979
1.6377149
1.092035
1.2950077
1.7116858
0.79381182
1.1385462
0.79655473
1.173515
0.71411295
1.3817342
1.3350952
2.6709486
0.77594203
1.5247599
0.66590201
3.1200932
1.1364475
1.3636345
1
1.1465811
0.46758888
0.77498194
0.50906686
0.81007478
0.61327334
1.0308612
0.84435057
0.52914202
1.0448491
1.0756682
0.70449347
1
1.0744673
1.2618397
1.0292849
1.2755988
0.97383522
0.90665621
0.79162087
1.4760393
0.82864127
0.78721329
0.92824892
0.73740586
1.16911
0.8254629
0.82068501
0.9558562
1
0.89411933
0.65568795
0.4926838
0.77886854
0.98507409
0.74773532
0.63923537
0.6843071
0.72881835
0.86675052
0.81191397
0.66953773
1.576499
1.8128997
1.2656775
0.67627626
1.056306
0.64357411
1.0363402
1.0369168
1.0911286
0.95791765
0.60388277
0.65713618
0.60029332
1.0049268
0.65935595
0.8292422
0.87245173
1
0.63205119
0.52863023
1.086836
0.56401436
0.88291631
0.48263084
0.98514226
0.59127269
0.31636055
1.0210971
0.10966678
0.68630068
9.028519
2.2313195
0.9869848
1.3604607
1
1.2205278
0.82822438
1.0900596
0.56233006
1.4750535
0.44930948
1.2031862
0.40980926
2.4573859
0.27129292
0.64510469
1.1236451
1
1.4319183
0.78220478
1.0880112
1.6176772
1.8560023
1.2613901
2.0079584
0.76658524
1.6034825
0.94602638
1.0830686
1.0797023
1.5195371
1.4422924
1.4403734
1.3434552
1.1501795
0.4651449
1.1456753
1.2995846
1.3784076
1.1884506
1.8051563
1.1220198
2.2271775
1.1093303
1.4040974
1.1748413
1.2969107
1
0.59041789
0.68390685
0.78080171
0.69389434
1.102345
0.93261139
0.55503065
1.0980603
0.3028896
0.82290381
0.19999862
0.75327013
4.6785141
0.84697628
1.0256357
0.69899635
1.2439334
0.74737542
1.5146155
1.2821256
0.94818695
0.97870918
0.4394624
0.80650372
0.31187277
1.1583694
0.54220539
1.1571349
1.0390534
1
0.58731328
0.73800629
0.86540817
0.9348762
0.61772945
0.67455546
0.83938339
1.040756
0.57351101
1.0633687
0.2504825
1.0191605
2.4037237
2.2513398
0.96384536
0.77671129
0.93635614
0.46342107
0.96655386
1.2800175
0.65442499
0.99958769
0.57648297
0.72688802
0.38915478
1.2765033
0.44094011
0.83432027
0.80928836
1
0.70310499
0.57166057
0.93386578
0.6889879
0.87071687
1.0014216
1.0308349
0.92820394
1.1016399
0.59959531
1.7892549
0.5687058
0.91968148
1.304645
1.2894054
0.57130848
1.1114978
0.60536153
0.98284409
0.58385604
0.81833086
0.96586584
1.6664561
0.55055997
1.7439572
0.85179336
0.5962037
0.85854685
1.0239383
1
0.9720975
0.69984224
1.3527135
0.63290904
1.3664478
0.56491193
1.1449266
0.61624849
1.3665457
0.66870875
1.3880377
0.79746292
1.1028896
0.92818358
1.2384066
0.98211946
0.8490132
0.80813487
0.90315244
0.78657242
0.86055854
1.0647597
1.2495118
0.78781861
1.4201066
0.78403137
1.9695054
0.51305428
1.2573316
1
1.5087787
1
0.92179277
1
1.2001164
1
0.84658958
1
0.96078809
1.0005678
0.98590119
1.025836
1
1.206229
0.90487896
1.2217416
1.1903119
1.3746409
1
0.65702869
1
1.2125805
1.1155578
1.9911411
1.5149119
1.4406013
1.1052148
0.60401157
1.2052802
1
1.0644354
1
0.99711834
1
1.2116534
1
1
1
1
1.0821022
0.99729141
1.3875324
1
1.3394353
0.97326298
1.0952746
1.0709742
1.4969696
1
0.88163688
0.99982467
1.1706763
1.179856
1.5002945
0.83481317
1.1974546
1.1513146
0.63968056
1.2886174
1
0.68546583
1
1.2041584
1
0.9987206
1
0.87906929
1
0.97434116
1.6745195
0.83795654
0.7431984
1
1.1176104
0.76352775
0.96388332
0.96288399
1.2188846
1
0.52109732
1
0.92025546
1.1030804
1.2364373
1.1491093
1.1980674
0.9906839
0.8783705
1.2359796
1
0.98214387
1
0.99794036
1
0.99881184
1
0.99828345
1
0.9991341
0.79015016
0.9509812
0.7399346
1
1.4152768
1.3049309
0.93626731
1.0646466
1.3512287
1
0.80701923
1
1.0963219
1.0001085
1.1008217
0.99635356
1.1063847
0.96243062
0.7638603
1.1318049
1
1.0229971
1.0570038
0.97831608
0.89473663
1.0898867
1.0903838
0.96116761
0.78244036
0.90307422
0.91148371
1.0190035
0.86859907
1
2.4542806
0.9208075
1.0301086
1.1367927
0.79685883
0.68315845
0.75680766
1.2137946
1.2990562
1.6317835
0.93002396
1.2730208
0.96911636
1.1213923
0.84827084
1.175092
1
0.94344264
0.924234
0.96260682
0.96858674
0.8742856
0.91723551
0.97693681
0.8826299
0.99581162
0.77044727
0.99090419
0.79108075
1
1.236869
0.8711515
0.92381359
1.2461368
0.92079194
1.2657774
0.81047803
1.3509605
1.3390382
1.2551327
0.97802551
0.98797259
0.76178365
1.1242687
0.91344881
1.2532227
1
0.86572071
1.1913429
1.0137323
0.92745444
0.92446286
0.97017355
0.98361147
0.77067089
0.91551869
0.90772784
1.1152675
0.97543432
1
1.2345359
0.86024878
0.92399563
0.7357269
0.80231845
0.80548513
0.67271933
0.82238994
0.70042391
0.81331995
0.91352588
0.84958516
0.56971916
0.90325848
1.2537531
0.76807884
1
0.52283936
0.66302687
0.89169945
0.87419437
1.2315193
0.85753983
0.72570094
0.65987714
0.92106978
0.72814844
0.97935049
0.69140904
1.0009638
1.7401446
0.95785865
0.65849569
0.97896191
0.66264552
0.79904064
0.72261128
0.66757292
0.9353189
0.445564
0.72163345
0.70698591
1.1125193
1.5639285
0.66624413
0.87094142
1
0.62504453
0.45352094
1.0997901
0.74046783
0.65758233
0.59540708
0.77737452
0.56142484
0.37095738
1.4749019
0.5543989
0.75434623
1
1.885699
0.57604347
1.1780145
1
0.81073625
0.58293708
0.95935624
0.54576838
1.610476
0.21964867
1.4054325
0.29380184
2.0229029
0.67546455
0.59332866
0.74979723
1
1.2701225
0.71317304
1.169914
0.83109491
1.2309937
0.83871953
0.91630025
1.0489931
1.0409187
1.1248507
0.92654318
1.2034109
1
1.4605465
1.3216227
0.98593473
1.1202118
0.32130764
1.1971493
0.86539693
1.3749941
0.9766544
1.0064575
0.88765894
1.6611402
1.4462709
1.0284678
0.89326296
1.0053
1
0.53570119
1.0236277
0.8133272
1.0507546
0.89523505
1.1793813
0.76173862
1.3823883
0.81769697
0.85363983
0.69350282
0.90263463
1
0.80256616
0.99510817
0.70190503
1.0633791
0.8393917
1.8012006
0.80040539
0.94939342
0.75540373
0.70315246
0.8554552
0.42535476
1.147568
0.70303325
0.90879192
0.9210386
1
0.59523644
0.79347504
0.78155479
0.77305125
0.76781991
0.89763634
0.79956493
1.0654659
0.91819083
1.3188488
0.86180494
0.82041687
1
2.2539737
0.55788579
0.88785034
1.0290089
0.51570305
0.88388021
0.80400013
0.7524767
0.95275855
0.30834505
0.74709507
0.68594657
1.7661403
0.78120134
0.54502036
0.87316822
1
0.5534552
0.93719355
0.88001516
1.0237183
1.1321102
0.94652433
0.6522309
1.1681323
0.91302741
0.72058465
1.0732876
0.74344594
1
1.815354
1.2331099
0.58156471
0.95669286
0.40865964
0.9780046
0.56316367
1.022531
0.88487271
1.2752395
0.62914489
0.96092215
0.63606519
0.95037305
0.52921426
0.897478
1
1.2075489
0.66667299
0.98267991
0.84932003
0.8884915
0.76138337
0.81704601
0.68559686
0.7700351
0.88068293
1.0673922
1.0272973
1
1.3227928
0.76909084
0.44034128
0.55007784
0.92450492
1.3971845
0.9046473
1.0029494
1.1815678
0.7336666
0.81388377
0.76433706
0.77780669
0.99158323
0.57238927
0.98698877
1
1.0395307
1
1.1222457
1
1.0085064
1
1.2014429
1
0.6974886
0.83801707
0.68280005
0.78371701
1.2515765
1
1.3694376
0.53300179
1.0432418
1.2105423
0.99688004
0.1886449
0.89999585
0.52611015
1.0670295
0.73206822
0.84541048
0.59040061
0.8074882
0.23874849
1.1915047
1
0.98993211
1
0.81008502
1
0.87872442
1
0.96948215
1
0.97934503
0.88007906
0.73622656
0.99497251
1.1000582
1
1.2459153
0.45901692
0.95021585
1.6945172
0.95621196
0.46581586
0.99641352
0.57389457
0.87693743
0.90776642
1.0571124
0.69943519
0.76805744
0.59231136
1.3245311
1
0.86868023
1
0.99977614
1
1.0594989
1
1.296816
1
0.62584294
1.0009102
0.91943394
0.93870662
1.2432546
1
1.087291
0.72439368
1.1663003
1.4408408
0.99194954
0.36521105
1.1084248
0.68000275
0.98219793
0.88635089
0.82337476
0.87510232
0.97456996
0.40122718
1.0966929
1
1.1862604
1
0.55207585
1
1.035798
1
1.0500869
1
0.93715456
0.9879848
0.65262995
0.80112552
0.80569153
1
1.3921757
0.64934572
1.2995716
1.2722397
0.94246899
0.72412274
0.96143975
0.77236702
1.0953896
0.59587854
0.82260329
0.50967564
0.80772267
0.34123367
1.2977811
1
1.1252675
0.93161073
0.95506141
0.93102779
1.3946776
0.90426203
1.0321837
1.00872
0.92214181
0.91178542
0.96487849
0.85133987
0.67885354
1
1.1119105
0.73825521
1.2184156
0.93214579
1.1339237
0.64690704
1.1627427
0.42152385
1.4046691
0.93262633
1.0991178
0.94673429
0.89821979
0.43659844
1.1774008
1
1.1267828
0.83229089
1.1496495
1.2557821
1.0259489
0.88745227
0.83245276
0.95286568
0.93212671
1.4037119
0.87680884
0.84819947
0.6968841
1
1.088818
0.42321689
1.0791405
0.82254807
0.80421486
0.97283446
0.81943229
0.71723047
0.90393089
0.45848103
0.78500107
0.77683474
0.88768841
1.0357624
0.967393
1
1.6741643
0.1951031
1.7877328
0.52266071
1.3868286
0.6477528
1.6824655
0.77587898
1.0126167
1.5521219
1.0025096
1.0760834
1
1
2.2079923
1.2347973
1.3384325
1.0936904
1.0902524
1.0009826
1.2231094
1.4018858
1.1033255
1.5534114
0.6630842
1.6354903
1.034022
1.4824084
1.2320394
1
0.94768662
0.27943181
0.76855872
0.47234815
1.1171328
0.43287844
0.90621014
0.5838956
0.82177164
0.68035581
0.86085644
0.28457916
1.6121016
1
0.98706504
0.54858504
1.0251385
0.99005115
0.93937617
0.73042257
0.92080055
0.69625991
1.1146293
0.72583426
0.80818868
0.57063888
1.7602566
0.41890948
0.7171405
1
0.7346468
0.25994361
1.1824109
0.45659859
0.98845449
0.35815032
1.2006715
0.45987569
0.6755517
0.73521265
0.77536495
0.35178682
1.0712542
1
0.9664849
0.54063035
1
0.99162695
0.81698044
0.25524548
0.86348815
0.55727502
0.69355921
0.774915
0.58224748
0.7197057
0.42421262
0.21847394
0.7111257
1
1.0529554
0.66574031
0.93333629
0.79798175
1.0281811
0.71220381
1.0954654
0.82291548
1.1391578
0.60080851
0.82546027
1.1135951
1.7197927
1
1.1650533
0.92424915
0.77966661
0.39284334
0.79394134
0.93980732
0.93104504
0.86661086
0.86952689
0.92615869
0.60797038
0.93808894
0.6221539
0.77663289
1.0946189
1
1.0671628
0.45125582
1.4351993
0.91648191
1.031522
0.86976011
1.0140335
0.54064786
0.97807627
0.66044427
1.1543828
0.79643815
2.5160851
1
1.4893959
0.47250564
1.5173144
0.53193177
1.1239369
1.270229
0.98165865
0.61639984
1.2588373
0.7337876
1.1054593
0.75730364
2.1773823
0.6822572
0.83570136
1
0.67526259
0.20768666
0.64730573
0.71663825
0.68828008
0.3722886
0.79198926
0.8898617
1.0181937
0.44687086
0.68271463
0.62710397
1.6087942
1
1.1756706
0.47149962
1.1644845
0.52053837
0.90623187
0.54963763
0.87416555
0.73745016
0.80831049
0.76050865
0.83648052
0.49870889
0.31367936
0.15585557
1.0755891
1
0.92961494
0.48692567
1.009909
1.0173986
0.98537049
0.64985126
0.82475317
0.77163078
1.0501932
0.68728368
1.2561042
0.62786655
1.4141461
1
1.2707657
0.55339947
1.2470192
0.95371088
1.1334466
0.65631173
1.3002783
0.63411468
1.584887
0.76240882
0.91687067
0.46301017
0.98984188
0.23509686
1.1313377
1
1.2318671
0.64421085
1.2423644
0.80662937
1.110511
0.76343758
0.99191045
1.2551061
1.0299681
1.0048505
0.75990486
0.44389947
0.6664784
1
0.75112185
1.1688163
0.41295192
0.74945125
0.75283332
1.1712034
0.52149329
1.0017548
0.69188796
0.91187985
0.51642108
0.63958704
0.78929387
0.61473289
0.78251708
1
0.99043223
1
1.029965
1
0.89055699
1
0.90039319
1
0.88066283
1.026632
0.48602185
0.76078751
1
1
0.84507169
1.5156592
0.79322914
1.9248141
0.99068299
0.88569583
0.93480376
1.3405244
1.2772091
1.2890167
0.8353971
0.92475131
1.2617377
0.55663399
1.2684488
1
0.90397741
1
0.94560123
1
0.7510954
1
0.99303749
1
0.72046471
1.8144154
0.79567668
0.99383633
1
1
1.027736
1.4677734
0.93173711
1.6661207
0.99979115
0.74073865
0.98976501
1.5646714
0.70804893
1.6701262
0.66828938
1.5347218
0.45022242
1.0545013
1.2292221
1
0.78136113
1
0.85092524
1
1.0293081
1
0.91225259
1
0.74507838
0.99547843
0.88351521
0.92486355
1
1
0.76814769
1.175718
1.4010523
1.7085578
0.97568071
0.79456557
0.97809014
1.6535527
0.70115457
1.2362557
0.93511982
1.1930091
1.217683
0.44231805
1.2118095
1
0.97216616
1
1.2298525
1
0.62944619
1
0.60089716
1
0.84139401
1.4846169
0.60498292
0.9974658
1.0172246
1
0.64518183
0.65512636
1.0050097
1.7294773
0.83188896
0.73300192
0.93608228
0.75827316
0.47273939
0.81238857
0.63923253
0.75276623
0.94066236
0.49854469
1.1920804
1
0.85316061
1.0242539
0.81262887
1.0961103
0.8586426
1.1397225
0.72662963
1.6390196
0.7341033
0.89620736
0.87292231
0.91171023
0.82522588
1
0.73577169
0.92029671
1.1916021
1.0248148
0.67799219
0.54297363
0.95672799
0.88489004
1.2703654
0.95633124
0.98274105
0.9120064
1.2253417
0.20305592
1.2009395
1
0.99263611
0.875761
0.77801863
1.0340848
0.92570791
0.87211853
1.0434834
0.86886892
1.2993388
0.83472749
0.73202596
0.73011894
0.99428254
1
0.81646892
0.5092153
0.98510584
0.99890684
0.78402525
1.1363963
0.83501408
0.77699307
1.094942
0.5206815
1.3794878
0.62826967
0.76241472
0.44605806
1.1635281
1
1.3440925
0.21905952
1.5274271
0.25823878
1.0599598
0.47602527
1.1569664
0.55875137
0.51637608
1.1376826
0.58322545
0.9242805
1
1
0.50878851
0.76832107
1.0012441
0.91876024
0.98749821
0.89295815
0.95695687
0.85162356
0.88615649
0.87437621
1.1500944
0.98481929
0.71461094
0.8438104
0.93039083
1
0.9084359
0.34312322
1.0126049
0.42217017
0.81517728
0.57928062
0.73973668
0.57097137
0.72372025
0.79850034
0.77810971
0.77332329
1.4113185
1
0.92265151
0.92260903
1.0070278
1.0598795
1.0173411
0.92655467
0.96943657
0.83441651
0.89515653
0.90509876
0.88141519
0.81480964
0.78423154
0.46474492
0.96239927
1
0.56528494
0.46558398
1.1012237
0.53816366
0.82348436
0.60081726
0.85678929
0.49601638
0.55548112
0.80095073
0.50072451
0.57304611
9.6313437
1
0.9817544
1.165366
1
1.1483797
0.92255968
1.1376763
0.86895109
1.7460061
0.96419598
1.224892
1.4707632
1.0606686
0.67081872
1.0218492
0.80430742
1
1.031639
1.2352733
0.83099408
1.1874355
1.8236767
1.3626992
1.1310926
1.0060012
0.99302913
1.8508849
0.88688662
1.5362667
1.4042848
1
1.4492691
2.1727347
0.93804626
0.52504897
1.0368002
1.6756388
1.0686232
1.4682156
0.87882697
1.2871337
1.1935291
1.4930765
1.1643322
1.5691594
1.2697697
1
0.77931608
0.65379573
0.85016732
0.60710744
1.0340235
0.88771074
1.3800354
0.78708033
0.96216361
0.992776
0.63846954
1.627216
4.3341818
1
1.7136918
1.2604519
1.3442376
0.85905936
1.2936662
1.6084007
1.1920253
1.2184932
1.0352127
1.0140954
1.0996662
0.86683623
0.66111403
0.74298342
1.1508797
1
0.48576185
0.41417717
0.84140373
0.52510434
0.6438507
0.39567294
0.52045865
0.86433681
0.57004245
0.96733448
0.46926024
0.88224638
0.73910783
1
0.89772381
1.071391
1.8442455
0.67957029
0.80425918
1.1688556
0.74176061
0.93956394
0.87764851
0.79797008
0.84192115
0.82286065
0.74647653
0.48870935
0.90386964
1
0.83119447
0.35200715
0.72932856
0.76455657
0.75425471
0.86624514
0.58727855
0.65605744
0.96945831
0.53896363
1.3296664
0.53493019
1.042864
1
0.63591387
0.66496288
1.1620867
0.82895226
0.71947673
0.81486923
0.87921302
0.85280907
1.0663161
0.52511325
1.0252114
0.48650237
0.89531561
0.35846787
0.9997028
1
1.0077294
0.48172052
0.75181365
0.63812279
1.2972074
0.80203395
0.89961
0.39599046
1.0763087
0.89730182
0.70075754
0.68481721
0.95277993
1
1.1654667
0.66158391
1.2890456
1.063162
0.93898007
1.35966
0.8711714
0.94335934
0.89027745
0.57824434
0.94723244
1.7412377
1.5714586
0.65230922
1.304008
1
0.94101909
1
1.0404472
1
0.97156445
1
0.98182592
1
0.99316296
1.0835922
0.98796817
0.88793588
1
1
1.0966545
1.3813212
0.74251254
1.4881858
0.96469279
0.87343391
0.99402863
1.2175178
0.77167444
1.6248551
0.91449832
1.4404023
1.1262454
0.66752034
1.1687269
1
1.035239
1
0.97163197
1
0.99650376
1
0.99710425
1
0.98225349
1.0284112
0.98185418
0.99919415
1
1
1.1495583
1.2732387
0.89692547
1.7187037
0.9999168
0.86039448
1
1.3071053
1.0951957
1.9793477
0.96142167
1.3553967
0.89794114
1.0521356
1.1756501
1
1.0577922
1
1.1258806
1
0.9977376
1
0.98470789
1
0.97582048
0.97147052
0.99499286
1.1529678
1
1
0.95071119
1.1368657
0.86528751
1.7977628
0.99841489
0.88886842
0.97755314
0.93191209
1.2063728
1.0700686
0.99268124
1.1337066
0.98159026
1.107527
1.2215705
1
0.98267715
1
0.98217256
1
0.91143034
1
0.78997478
1
1.0567387
0.86890892
0.89822476
0.97510211
1
1
0.92745333
0.75411613
1.8508411
1.5945188
1.0781961
0.88191369
0.93421366
1.2500335
0.80588987
1.0036548
1.1878802
0.81040283
1.0362111
0.65747248
1.3092123
1
1.0514935
0.81065743
0.76068927
1.264729
0.85682899
1.1926343
0.86195605
1.0461236
1.3514287
0.72734405
0.83017823
0.98571035
1
1
1.3059763
0.9494145
1.1859128
1.1127481
1.670003
0.24732664
1.0523359
1.0754581
0.99249843
1.0780191
0.93794775
1.4632537
0.89700752
0.24062637
1.2795687
1
1.0807841
1.0442587
1.0730658
0.98117437
1.0203526
0.85995265
1.166235
0.98768191
0.97467708
0.96177712
0.92645908
0.94638039
1
1
1.0672195
0.58616348
1.2071418
0.92247186
1.0100541
0.66373505
1.0938525
1.1591194
1.0668119
0.73744281
1.3378255
0.67199404
0.92591966
0.48419207
1.37317
1
1.058974
0.651416
1.0269726
0.887213
0.98969706
0.79029492
1.0108206
1.0029571
0.69763134
1.3695504
0.94074255
1.0277557
1
1
0.94970133
0.8004206
1.2269181
0.69702748
1.1818633
0.38467252
1.1212304
0.96028062
1.0847764
0.81046807
1.1389884
1.3568056
1.1872683
1.2804837
0.73390544
1
1.0530754
0.48346572
1.2914537
0.63545021
0.79453531
0.57262713
0.87844886
1.1699935
0.84338902
0.4638202
1.2148633
0.83683498
0.99996457
1
0.87723439
0.77355687
0.93593667
0.96259192
0.95769048
0.56620658
1.0495931
0.90255932
0.92940398
0.78928782
1.0958612
1.0421965
0.991757
0.65185893
1.0968102
1
0.56278263
0.36301182
1.3397246
0.64457987
0.77767393
0.62268831
0.93193555
0.77249505
0.71415498
0.93732152
0.71453903
0.80278375
0.9998481
1
0.64690533
1.3881055
1
0.68758367
0.69284917
1.1993452
0.77907784
1.7259546
0.81987347
1.3229046
1.0480322
2.0870149
0.52955071
1.0650723
0.84330999
1
1.3140969
1.0556635
1.2257614
0.98153156
1.2808802
0.84851355
0.94258894
0.93297672
1.2401703
1.4916106
0.97692214
0.95570805
0.99997926
1
1.9043614
1.3565772
1.6606463
0.45209105
1.8775433
0.99757057
1.7388725
1.7349735
2.2082332
1.0089946
1.1285417
2.0712554
1.1965094
1.5230823
1.2711497
1
0.61997026
1.0508698
0.72517399
0.9447724
1.3486492
1.0546084
0.74382795
0.8268371
0.68159789
1.1346828
0.69843094
1.1232928
1.0070681
1
0.9550017
1.085726
1.1620729
1.0071255
1.0925833
1.0002637
1.4523306
1.2589584
0.8554801
1.0209857
1.4648525
1.0935635
0.78712961
0.93669248
1.2337784
1
0.6428587
0.67545771
0.79027195
1.200841
0.77247269
0.78812115
0.95325625
0.86721029
0.87468982
0.6528143
0.76076747
0.62593284
1.0273655
1
1.3159047
0.92531643
0.98985607
0.793287
0.75193477
0.81603412
0.7256187
1.0067419
0.7559352
0.72369215
0.90288952
1.101003
0.92309995
0.66285358
1.1178846
1
0.85456122
0.68269433
0.93290568
0.96616305
0.85325304
1.3514149
1.3026002
0.75566615
0.88058071
1.2573029
1.0921939
0.94864723
0.99996836
1
1.1816582
0.63980009
0.90234015
0.77134355
0.62127025
0.63535999
0.59472209
0.87116377
0.9259404
0.44409873
1.0687989
0.39613607
0.99551023
0.32860981
0.94120285
1
0.94982251
0.80067097
1.0928891
0.94579905
1.0512906
0.87288963
1.3057323
0.83987641
1.2299905
0.86904936
0.9810685
1.1634163
1
1
2.2372807
0.65554206
1.0110052
0.83984213
1.0502213
0.75553208
1.3575415
0.83202469
2.4711715
0.61831045
1.4665602
1.2529117
0.94084991
0.52711211
1.4169638
1
1.6590541
1
0.88943355
1
1.0646599
1
1.582864
1
0.56468621
0.99368927
0.64994053
0.98933318
1.1901153
1
0.89310134
0.85781329
1.3600889
0.73349868
0.9960023
0.22908701
0.97330961
0.54329549
0.63322928
0.59882916
1.2434565
0.91590252
0.68950692
0.64361475
1.1652101
1
0.82022244
1
1.0543046
0.99942209
1.2698723
1
1.3914852
1
0.67211097
0.91849426
0.86232583
0.97830044
1.1829437
1
1.5640246
0.7435995
0.78885993
0.67126927
0.9929729
0.22697032
0.99997145
0.64793116
0.64939456
0.81545613
1.1078901
1.1739599
1.2632845
0.92496733
1.2134164
1
1.1975863
1
0.97409582
1
0.83852756
1
1.1579308
1
0.9351194
0.94268392
0.81394572
0.98332542
1.2467743
1
1.2538609
0.77998235
1.136834
0.57980223
0.99967222
0.48224329
0.98350634
0.7721518
1.1556355
0.75836594
0.8923946
0.80674309
0.70706575
0.90072025
1.0159621
1
0.97293236
1
1.0201512
1
1.5993734
1
0.94364806
1
0.69276439
0.99682274
0.59961236
0.99799249
1.0224664
1
1.3686377
0.98944325
0.96096317
0.96962651
0.94984017
0.77016227
0.9690493
0.77242005
1.157594
0.99563095
0.86944752
0.93595154
0.78554502
0.85030325
1.0879956
1
0.9999932
0.92923775
0.8188503
0.99365502
0.98566456
0.97275568
0.90607199
0.99486707
0.81745334
0.97870852
0.94778466
0.98609355
0.97426472
1
1.0630193
0.63068313
1.1341593
0.72883516
0.91564946
0.66699589
1.4030927
0.6718156
1.2171867
0.62962684
1.0293306
1.4818076
0.82757297
0.982454
1.1529843
1
0.90942691
0.93677089
0.75420788
0.9893316
1.3831885
0.98006334
0.9069722
0.99602621
1.2866831
0.92608273
0.99993026
0.98676344
1.1635667
1
1.0247687
0.70818025
0.79072937
0.98378685
1.2020187
0.93775014
0.66615054
0.54729756
0.84775992
1.0462857
1.0206489
0.68667344
0.86194141
0.71160076
0.85419826
1
1.0367955
0.15516562
1.5289699
0.50796188
0.82533812
0.39168197
1.3904387
0.92407659
1.0587781
0.84848915
1.0477331
0.9241906
1
1
1.2612275
0.96223222
1.3136235
1.0445654
1.1459372
1.0594889
1.4382578
0.98433498
1.3431698
1.1997417
1.0080765
0.9816768
1.0246559
1.3212627
1.0505634
1
1.0657051
0.17269628
1.0795396
0.54260005
1.1938423
0.24970043
1.3379666
0.61001977
0.90930477
1.159157
0.87884876
0.92728678
1.4711999
1
0.86822246
0.6533643
1.0351615
0.66337261
1.1047419
0.59768401
1.3624333
0.68597277
0.88355653
0.80617463
1.2424129
0.65898536
0.73603237
0.54564797
0.93099829
1
0.68669666
0.34301454
1.3667997
0.758395
1.0226352
0.61118992
0.99561417
0.94257614
0.75357173
0.76355423
0.68355938
0.76413574
1.42074
1
1.0018572
0.54762033
1
0.58626137
0.58981943
0.19712656
0.81021722
0.45503738
0.64860235
0.56483983
0.55370077
0.59724688
0.61719071
0.72062229
0.67168388
1
0.75012141
0.65762503
1.1040789
0.89060903
1.0949939
0.69842326
0.9700715
0.89219865
0.79196152
0.73709364
1.0590604
0.93062179
1.7185884
1
0.93477549
0.829204
0.57917011
0.50195386
0.93777316
0.81482891
0.94361654
1.0102369
0.64653347
0.54972663
0.46783304
0.85109712
0.45848507
1.2217251
0.8136055
1
1.4218935
0.76624873
0.88436397
0.95180275
0.91770839
0.95723821
0.70400807
0.94475013
1.2107749
0.82791599
0.91062634
0.93501342
1.9487955
1
1.7211434
0.70803925
1.4566833
0.3303526
1.1853505
0.65728697
1.1958979
0.76717064
1.1387144
0.82993938
1.0653509
0.96063094
1.6038964
0.73090171
1.15863
1
0.88706673
0.20610719
1.4420921
0.6834426
0.99221523
0.38156558
0.79774369
0.72800941
0.9908064
0.84731664
0.88472764
0.61578022
1.8652272
1
1.3684184
0.52119936
1.3965988
0.36038644
0.98649386
0.79579201
2.1858952
0.7443753
0.95510641
2.6904047
2.1451489
0.84823173
0.99444621
0.70088655
0.78994789
1
1.0038336
1.2404291
1.379565
1.1344121
1.4044766
1.4310079
0.92206118
0.8925956
1.0968713
0.7788783
1.127316
0.91701216
1.9582804
1
1.9249751
0.64820546
2.0865731
0.78028292
1.388365
0.72996364
1.9828651
0.7879621
4.5744073
0.71702658
1.0229673
0.97753117
1.1914583
0.67798095
1.0373174
1
0.99964402
0.59968754
0.96762809
0.79293373
1.425013
0.65349024
0.93756152
0.90061235
1.0029808
0.67231689
0.92803363
0.87640772
0.86036875
1
0.85640726
1.188073
0.42041313
0.96374318
0.94678429
0.87763786
0.40149049
1.3016855
0.44502899
1.8153427
0.37976442
0.69426361
1.0708477
1.3600128
0.76237972
1
1.1040405
1
1.2243507
1
0.88469089
1
0.88996778
1
0.90020688
0.9999888
0.8181593
0.99466962
1
1
1.0090665
0.92929336
0.73893863
1.4797711
1.0143025
1.1996915
0.98852588
0.62223774
0.93522553
1.3065574
1.1072901
0.81972084
0.76445316
0.82475564
1.0795514
1
0.76960021
1
0.94198851
1
1.0225229
1
0.99103769
1
0.85379939
0.99912928
1.1265113
0.98814826
1
1
0.98651429
0.73029957
0.96941286
1.2218371
0.99944318
0.82169351
0.98100157
0.87992838
0.81853976
1.1744579
1.0990431
0.95393043
1.0593556
0.9945113
1.1623483
1
0.92604968
1
1.1491848
1
1.1495858
1
0.93357563
1
0.93913161
0.9963842
0.92099222
1
1
1
0.85271508
1.0265451
1.128176
1.0762513
0.99636147
1.199747
0.9932603
0.84929788
0.99565304
1.0424499
0.82028217
0.98466642
0.81214646
0.938815
1.1281618
1
1.2501733
1
0.90079114
1
1.3048038
1
0.99897303
1
1.0486595
0.99672966
0.92235309
0.99880898
0.95085822
1
0.84345549
0.6294728
0.85930747
0.73002986
0.96572938
1.2717609
0.95651099
0.85036315
1.1163595
1.8477789
0.89503775
0.81779488
1.0303629
0.99881297
1.1649836
1
0.96534166
0.88799865
0.97407081
0.99492872
1.0860555
0.99126095
0.84808515
0.98229702
0.94228514
1.156315
1.166077
1.0967555
1.034496
1
1.0075793
0.58182168
1.1509969
0.9836498
0.59929253
0.75431836
1.2420471
0.747496
1.20161
0.90833232
1.1758834
1.0193115
1.2715166
0.6518734
1.1626008
1
1.4506296
0.86342176
1.3616579
0.99535268
1.0234347
0.97638148
0.88690088
0.99756043
1.5733668
1.2020555
0.77175123
0.98735335
1.0158967
1
0.95691883
0.64375196
0.98709916
0.98727688
0.97664201
0.85831562
0.97136076
0.95306381
0.99609476
0.82140097
0.93031201
0.87415826
0.89364071
1.1296958
1.0815566
1
0.84871028
0.31613758
1.0619213
0.50478237
0.9252578
0.53480476
1.3108505
0.91776979
0.57639722
1.174067
0.84630867
0.9525795
1
1
0.93154269
1.1526738
0.89731298
0.94035743
0.93806021
1.1387981
1.4917588
0.92683527
0.90621907
0.86629903
0.86224988
4.1570058
1.5067107
0.79573376
1.0155194
1
0.6877753
0.20814963
1.5423276
0.75930495
1.1175678
0.43429595
1.2967849
0.77152865
0.88970438
0.93569675
0.81367693
1.0722734
1.1351236
1
0.68049501
0.76883615
0.90429856
1.1955185
1.0582524
0.52355487
0.99601225
0.79444476
1.1865245
1.0379315
0.51941625
1.1309265
1.1716339
0.52242699
0.8634486
1
0.60922663
0.34679747
1.1982811
0.82364123
0.63825292
0.96768837
0.80883837
0.78544397
0.6298925
0.77036763
0.56396101
1.0510726
4.898947
1
0.90013081
1.3059918
1
1.2635707
1.0105246
0.85006536
0.70380578
0.83426435
0.84985369
1.3639197
1.6408124
0.92030393
1.152268
0.83372723
0.6293384
1
1.0642518
0.71933426
0.91465771
1.124853
0.86912467
0.89313609
0.98176036
1.1014893
0.83581641
1.1456831
1.0695836
0.95637936
1.0727723
1
1.0785639
1.5449105
0.72182761
0.36001966
0.94458144
0.70943438
0.8576603
1.0559255
0.90529602
1.5883162
0.85955453
0.71081389
0.69485571
1.316225
0.85123908
1
0.9095516
0.64193817
1.056137
0.95274385
0.82474102
0.88432534
0.8153546
1.1339164
0.94981363
1.1052527
0.98679258
0.96190334
1.2073016
1
1.6070911
1.2137918
1.2839644
0.55476204
0.99931958
1.0504667
1.6879637
0.64638225
1.224876
0.71054822
1.3440019
0.59464818
1.2359607
1.3116541
1.1222679
1
0.65988563
0.30732778
0.93243009
0.84389064
0.48385699
0.66609019
0.85216935
0.64510269
0.79797624
0.90153318
0.65093225
1.0329435
0.70046136
1
0.99263793
1.3059165
1.4440303
0.4667681
1.2227937
0.69927514
1.0120871
0.69511648
1.0350064
0.96632955
0.64703176
0.69460947
0.76096455
0.54243854
0.88536809
1
0.91998365
0.57425302
0.89450679
0.96495496
0.83120116
0.69538303
1.0003016
0.84589441
1.3145696
0.96547638
0.86064975
0.96398811
1.0004694
1
1.2246865
0.89307511
1.6974829
0.74230179
1.1480482
1.2827835
1.5127789
0.91577964
2.553468
0.60145721
1.6171296
0.84855665
0.64895012
0.6817485
1.0158997
1
0.86702283
0.53917655
1.0548101
0.84581093
0.98524511
0.92806378
1.8185612
1.0939705
1.0508046
0.98754624
0.86460321
0.97841699
0.95101018
1
1.1179135
1.0168564
0.62309377
0.96575536
0.94463309
1.6880953
0.91385187
1.0599924
1.1242033
1.0253677
0.7291079
0.7849815
1.0775602
1.4885915
1.2068428
1
0.97057291
1
0.99961765
1
0.98482229
1
0.99484198
1
0.99995523
0.99891285
1
1
1
1
0.96535395
1.6204752
0.77475455
2.2527488
0.98877705
1.0830331
0.97506251
1.9722273
0.69532667
2.1104174
1
1.0667036
0.97389817
0.85542109
1.1404168
1
0.97116462
1
0.99838217
1
0.99994028
1
0.99999697
1
1
0.99980508
1
1
1
1
0.99800694
1.1828637
0.96276279
1.0574041
1
1.0140422
1
1.6818493
0.97849672
1.356092
0.99807015
0.92697084
1
0.99596284
0.94382486
1
0.92049029
1
0.98151366
1
0.98145516
1
0.99986695
1
1
0.99933294
1
0.99985083
1
1
0.96384472
0.97817191
0.97924385
1.4307127
0.99025101
1.1065769
0.99873844
0.95676426
0.95052152
0.7792981
0.93383711
1.1914728
0.99995964
0.98684234
0.89758509
1
1.0476115
1
1.0079259
1
0.97702089
1
1.2807957
1
0.95639725
0.95252876
0.99735843
0.99960722
1
1
0.87998001
0.51918726
1.067347
1.1547125
0.92369461
0.94008833
0.98314026
0.90240392
0.71087504
0.48664352
1.2758525
0.94288164
0.96195864
1.0140925
1.1207439
1
1.1153961
1.2654436
0.93205704
0.99999152
1.2744518
0.98637735
0.92487655
0.99633789
0.98553679
0.88191319
0.98225451
0.99864744
1
1
1.2670595
0.9486706
1.2050835
0.88581146
1.0613273
0.41352161
1.0799688
1.1326832
1.5848712
0.59230505
0.94997932
1.050593
0.974465
0.65498027
0.97780042
1
0.90032029
0.93585644
0.95228573
0.99226125
0.84239379
0.95139623
0.98671641
0.99523499
0.99894948
0.97994807
1
0.99752575
1
1
1.2416539
0.91887725
1.3432237
1.2368552
1.2833538
0.89069538
1.8468244
1.6414684
1.1985913
0.70471138
0.87579825
0.93389639
0.99998718
1.4024561
1.1354255
1
1.3351959
0.70662529
0.92478022
0.78047658
0.83624921
2.0730174
0.81793936
1.8110471
1.0144303
2.1203276
0.85804551
0.99626361
1
1
1.0048619
2.477548
1.1141373
0.72396272
0.97434553
0.7997154
1.5981763
1.1239779
0.7556459
1.5502072
0.36795313
13.114675
1.1462122
1.0430733
0.79154748
1
0.78381659
0.28973549
0.93361408
0.8871183
0.95492418
0.66245753
1.1484612
0.50067427
1.1806588
0.96257728
1.3269578
1.0362166
1
1
0.82512469
0.93447193
0.92037866
1.3084311
0.9738331
0.54809292
1.0935778
0.84620463
0.79220564
0.96624448
0.37980565
0.95037641
0.88032401
0.86651383
0.90032812
1
0.67294818
0.51005369
0.89248669
0.72212697
0.88355736
0.73085118
0.94069224
0.68997877
1.0882415
1.0217072
0.92386691
1.0918441
1
1
0.66293458
1.7363962
1
0.98798959
0.96869262
1.5892796
1.1602116
1.353767
0.969872
1.3199874
1.2237871
2.1494199
0.74483196
1.5499404
0.7670633
1
0.91878231
1.0321812
0.97174172
0.97943751
0.95915603
0.97303279
0.95918264
0.85213278
1.1432956
0.95834808
0.99407719
0.99550126
1
1
2.4799319
2.2896051
1.6811577
0.50061147
1.7394829
1.1738421
3.5888511
2.4754228
1.5813963
2.1241244
1.7421399
1.9927371
0.93653132
1.4729587
0.91202415
1
0.686035
0.87331511
0.88976988
0.98107782
0.88107595
0.91658164
0.91896821
0.93843143
1.2644239
1.0803845
0.96037338
0.98248637
1
1
1.4183015
1.8793763
1.0827578
0.90293439
1.2472241
1.0984033
1.225351
1.5220568
0.84843959
1.1764546
0.96924873
1.380779
0.8665022
1.6690084
0.83831616
1
0.69937502
0.4098808
0.85436839
0.78234702
0.83805776
0.53500908
0.69591712
0.75288424
0.96868764
1.1478118
0.9166334
0.96713229
1
1
0.86266851
1.14384
0.97920837
0.60398542
1.0531334
0.7252699
0.89278196
0.93692888
0.87453972
0.88398452
0.4009513
1.1327584
1.0076215
0.56151876
0.9137271
1
0.90286557
0.31310934
1.4526186
0.9701461
0.93265661
0.95549174
1.256277
0.88714966
0.93621286
0.96411886
0.80073361
0.98287245
1
1
1.0122892
0.63823826
0.93167187
0.54190412
1.0530695
0.52273015
0.49376418
0.84049617
0.65294898
0.35435085
0.98486985
0.73183755
0.8586128
0.56837544
0.618216
1
1.3137277
0.46768365
0.94122401
0.93587881
0.97913562
0.8056874
0.97550774
0.82794552
0.95712046
1.0458338
0.99938393
0.98303611
1
1
2.050949
0.59252486
1.7858549
0.72941217
1.0793265
1.089367
1.2350098
0.69470759
1.7030608
0.57926443
1.7549631
0.10893951
1.100891
1.0337814
1.722258
1
