1.3607989
0.83946647
0.96814337
1.1619542
1.461794
1.1352583
1.2319579
0.93654052
0.76163972
1.0909671
1.078975
0.97319293
1.3622195
1.8629155
1.2815167
0.97153117
0.89612123
0.950533
0.72226151
1.3530383
0.96338031
1.109597
1.39649
1.136759
1.0368392
1.6352401
0.84326928
1.0221203
0.9218613
1.0526665
0.72747923
0.89948025
0.81392752
1
0.93311568
0.98406987
1.1280802
0.98347039
1.07987
1.0402149
1.0644723
0.79589265
1.1222442
3.5102962
1.0643854
0.89895097
0.75140612
0.94687985
0.68016666
1.06671
0.69907442
1.071709
1.2773814
0.93026004
1.1376108
0.97666736
0.87899407
0.96106638
0.84542854
0.98244153
0.44880945
1.0672311
0.73408444
0.96782306
0.86842517
1
0.952134
1.0925458
0.81899888
0.81799151
0.81543775
0.84129357
1.4077867
1.6637471
0.95405812
1.0590595
0.70777187
0.96815036
0.60724532
0.98718168
0.76480629
0.7799018
1.1294107
0.77390088
1.4762942
1.1465765
0.37602521
0.59175856
0.83968861
1.0566287
0.58736116
1.0273457
0.94277835
0.87345431
0.53045687
0.953332
1.1841581
0.90447764
1.0992822
0.76919338
0.97503136
0.74319664
1.2606626
0.94698685
1.0398858
0.71328425
0.85682515
1.0309887
0.87482284
0.85038761
1.0200558
0.86377949
0.86794646
0.42825779
1.2561892
0.77170393
0.64279452
0.80836501
0.82401209
1.1167457
0.77847787
0.78033033
0.62648747
1.0736329
0.66486675
0.83034254
0.93941187
0.9257679
1.0903461
1.2751879
0.84561168
0.67955522
0.80158489
0.70499494
0.81888407
0.82598257
1.0637907
0.99135494
1.3612713
1.4264682
1.3146074
0.97352603
0.83164836
0.49642572
1.1746847
1.120814
1.1026541
1.3687456
1.0856415
0.81467749
1.1579353
0.98023607
1.2172778
1.6914423
1.3767982
1.5247529
1.0297405
1.4497513
0.82251281
0.67639603
0.7921677
0.41580475
1.2312802
0.98380257
1.031181
1.5961406
0.97424736
1.0514187
1.2434131
1.3165908
1.356405
1.557308
1.0658688
0.90960305
0.80301804
0.94486517
0.98476017
3.9268569
0.96662875
0.99989649
0.85672173
0.6346153
1.0091052
0.90189077
1.0695239
0.84891655
0.91181178
1.2944706
1.3789692
1
1.167391
1
1
1
0.34321998
1.3658226
0.72510006
1.1420012
1.6326734
1.5217738
9.4551206
1.6262184
0.96292053
1
0.94621891
1
2.1560806
2.6348137
0.90647944
0.36570705
0.64410318
0.85029249
0.55251016
0.86909109
0.72405942
1.0416755
0.73025949
1.3147681
0.66465673
0.93969647
1.4862092
0.82674582
1.4679395
0.96261809
0.31988459
1.1558041
0.88928205
1.114708
0.76490754
1.3470579
2.5212246
0.9988609
0.85115622
0.70640153
1.0473336
0.88212061
0.80374461
0.97300411
0.88328881
0.99281237
0.74508556
0.58105464
0.92852157
0.60416384
0.80111566
0.7369278
0.95086589
0.63165243
0.7927306
0.98271353
0.93922505
0.41875704
1.9245861
0.58245009
1.3584512
1.0451089
1.0691597
1.0558275
0.72481952
1.3502892
1.2565702
1.2260786
1.7317315
0.7888638
0.99618509
1.5260093
1.1976112
0.68591744
1.0791923
1.095155
0.62478044
0.90527011
0.60958498
1.0405828
0.97892563
1.075721
0.80809247
0.92861157
0.835743
0.9363104
1.0825499
0.67387912
0.91994461
0.51111415
0.96329268
1.2827769
1.1629617
1.1392259
0.70351299
0.84557791
1.4928203
1.396437
1.0530381
0.7501816
0.59892727
2.7342332
1.0263563
1.0341515
1.1341083
0.6733463
1.042561
0.71159415
0.805264
0.67768093
0.98694695
0.74154909
0.8604396
0.72494937
0.79561212
0.75230349
0.97047747
0.76069104
0.95283559
0.99307328
1.0618619
1.0629642
0.80835768
1.3829835
1.0598654
1.1868696
1.4478345
1.2830989
0.95107406
0.81672385
0.73572766
1.3318077
0.61301634
0.77266303
1.2117739
1.1649418
0.71551274
0.80025868
0.68409492
1.3436472
0.65069898
1.2306164
0.79344476
1.3993808
0.80969184
2.8717475
1.4172704
3.4663781
0.66808966
1.6181467
0.88414005
3.2023349
0.76275947
1.1915615
0.3762752
1.538615
2.3278415
1.5673692
0.67199731
1.1917794
0.99324171
3.908397
1.0695594
5.317502
0.99938854
1.0004023
0.75577474
0.68346846
1.0582408
0.75832542
0.8900396
0.7140061
0.78763612
0.58119338
0.80386557
1.0346315
1.0848342
0.92934697
0.86097978
1.3594765
1.0247811
0.57614997
0.99852397
1.0956261
1.5594742
1.8324685
1.4441919
1.53771
1.0503377
0.16195312
1.0081781
1.7455663
0.9766626
1.1653485
1.294275
0.80281902
1.0485401
0.76797154
1.1451737
0.86674454
0.98849835
0.78170952
1.0098581
0.9256588
0.90674964
0.48799082
1.1465657
0.50855854
1.1802663
0.1983186
0.79568516
0.92051325
1.1336249
1.181175
1.1830615
0.85382691
1.6931645
0.812662
0.95915321
0.55393272
0.60602941
0.73580215
0.67757117
1.2738444
0.91728019
0.85163691
1.4672462
1.1211357
1.0387637
1.1620676
0.87362898
0.82008484
0.7822296
0.96553387
1.0273
1.0988657
0.71938982
1.0808138
1.1775781
1.8882096
3.4319499
1.1584974
1.0392444
0.92995549
1.0697589
1.0865238
0.93621697
1.2154985
2.8932144
1.0090052
1.596005
1.4648493
2.833435
1.0613442
1.0088218
1
0.75221679
0.97680742
0.87002758
1
0.80613504
1
1.8137106
0.94397409
2.0660558
0.74791186
1.5209375
1.0555111
0.77596271
2.4446874
1.7537618
0.97879385
1.3054791
0.99623628
1.0563713
1.0329747
1.1287823
1.103442
2.5588214
0.87100929
2.0828364
1.0819774
0.70313656
1.0399492
0.9994904
1
0.62978061
0.88166732
0.99920661
1
1.5669185
0.99176811
1.7093415
0.9293077
2.3909363
0.7677084
1.2458734
0.69424852
0.73472424
1.8904555
2.8126297
1.013932
1.0301927
0.94245541
1.0010452
1.0589662
1.120543
0.89823808
2.7354197
0.76447974
3.7592898
1.0613201
1.6691813
0.75284904
0.99577401
1
0.54194388
1.2311137
1.0080927
1.1252845
0.92414379
1.0279422
1.2450869
1.1071304
2.0131386
0.63149021
2.5875026
0.64443347
1.2058791
1.4797447
1.7327279
0.8854313
1.0010344
1.0310361
0.84793954
0.98995014
0.91655164
1.049541
1.0610456
0.70217087
2.1048746
0.87663623
2.4811879
0.68376876
1.049514
1
0.6792593
0.75465221
1.0788704
0.93805331
1.1346381
1.0070109
1.2274407
1.0938048
1.6639564
0.90639811
1.8823068
0.81455451
0.81662677
0.63155932
0.94563809
0.66621493
1.2222254
1.1135349
0.90897792
0.87333522
1.4388867
1.4238397
0.99276588
0.94223779
1.4504858
0.87068987
1.4182556
0.73970797
1.1100414
1
1.2325515
0.68764233
1.6715566
0.71343854
1.738944
0.85948217
2.7235367
1.0065726
2.7244874
0.76524824
3.8785329
0.84252519
0.44001784
0.71969992
2.5888825
0.77193524
1.3265545
1.0830675
1.3539962
1.256215
1.4549373
1.150586
2.6347765
0.93786587
2.074895
1.3458646
3.4056667
1.2748886
1.0710718
1
0.95335959
0.44277997
0.88377397
0.63789642
0.99445309
0.63232092
0.7641706
0.48566314
1.0827396
1
1.2958477
1
1
1
0.98082951
0.76163892
0.71306218
0.94404455
0.5067873
0.98393241
1.3863589
0.82326111
0.97573476
1
1.5850925
1
0.73982753
1.0791688
0.61164729
1
0.77434372
1.0069378
0.69086099
1.0351214
1.0118446
0.95886749
1.1496354
1.1666301
1.6986194
1.1061211
1.9419661
1.3013297
0.68387556
1.9092035
1.1408528
0.89603477
0.95687078
1.0422725
0.53744894
0.87410063
0.70223256
1.3196223
0.92586148
0.6998676
0.69043479
0.8705157
2.1519468
0.88256057
0.90273833
1
0.71193553
0.55047
1.5271872
0.75959268
0.97123297
0.67564465
1.6014536
0.68861916
1.4557635
0.88095004
2.7358327
0.52667024
1.6849974
0.68353388
1.9222809
1.0532402
1.0706686
0.9302901
0.71482444
1.3678659
0.79449188
1.095741
2.4134987
0.80392536
1.3023029
1.1781524
1.1767679
0.6492481
1.0316063
1
0.81541901
0.84118738
1.4232098
1.1667668
1.64939
1.0571635
1.845781
1.1906502
1.6305491
1.2813641
2.0851843
1.0956457
1.1564705
0.57857518
1.4410246
1.1980341
1.2117052
1.10131
0.70589804
1.1565021
1.8273427
1.2108453
1.4886704
0.95970456
1.72037
1.709364
2.3874111
0.98769469
1.1282815
1
1.1721217
0.70901177
0.957769
0.72094451
0.88387514
0.59845461
1.2174201
0.8873783
1.7762762
0.84974815
3.9575849
0.98510303
1.2768785
0.77546702
1.7190739
0.93079354
1.0248092
1.1743267
0.91920957
0.86800419
1.7640959
1.0541619
1.4036814
0.80462743
1.1920522
0.9852814
2.4695053
0.97858634
1.1472586
1
0.83039216
0.70159299
1.0938228
0.92828671
1.0817699
1.0814262
1.8600193
1.0211039
1.5593837
2.1974594
2.3843306
2.7232445
1.0849825
1.4633652
4.4833098
3.1742255
1.2575226
0.95299563
1.258144
1.0365047
1.5820643
1.1346809
3.2972603
1.2612639
2.7339542
2.6633814
2.5977587
4.6966548
0.97977536
1
1.2865537
0.72861227
1.248423
0.53201181
1.3661977
0.62452234
1.3206305
0.73136434
0.9811983
0.86593489
1.4080464
0.81504353
1.9324451
1.1676651
0.90525119
0.74525179
1.3784061
1.9810175
2.5889362
1.4702451
1.57145
1.7944341
1.065095
1.221266
1.5563404
1.0302809
1.6418737
0.81968848
1.3088645
1
0.70876732
0.71578748
0.68025118
0.7237614
0.67819498
0.68660793
0.84172898
1.0211725
2.1479508
0.87711505
1.803168
2.0349587
0.58204124
0.26763532
1.2190674
0.76804526
1.2681422
1.2983732
1.0156461
1.4892085
1.4515559
0.94942536
1.1373483
0.53764478
1.4664291
0.98136938
1.6680039
1.3635041
1.0095222
1
1.3741034
1.121203
1.159989
0.92917249
0.98161426
1.1040341
1.0364973
1.3676721
1.37191
0.78434082
0.87018012
0.89885386
1
2.2449596
1.64567
1.3811186
0.94473085
0.97790164
0.92645275
1.0113816
1.113113
1.0098847
1.2036348
0.86439592
1.1809078
1.2101424
0.89264291
1.2694973
1.0599896
1
0.81223598
0.90388687
1.0558486
1
0.99095176
1
1.20743
0.99630616
0.83547412
0.92506585
0.84878468
0.97558031
1
2.9016704
1.3488222
1.2710428
0.95673693
1.1062325
1.03585
1.3152371
0.98681655
1.24503
1.1141227
0.99288112
0.83999769
1.0906109
0.97743661
0.74246884
1.0568749
1
0.80806117
0.99712786
0.93442423
0.99871894
1.1400521
1
0.89326027
1.0889272
3.4830127
0.90966384
1.3245294
1.117647
1
2.0157852
1.6029046
1.0357323
1.136484
1.0128741
1.1150037
1.1721433
0.7091504
0.8954566
2.4003418
0.93386686
1.1095708
1.1399014
1.3605022
0.76144433
1.1122531
1
0.78598428
0.90348883
1.1192369
1.2163402
0.99201762
0.99295711
0.84514044
1.1498367
1.2966943
0.92866008
1.4074951
0.70805817
1
1.7886231
1.2406543
1.1636762
1.0864654
1.0409603
0.69526254
0.83874452
0.8462372
1.140327
1.0070873
0.83476178
0.91625044
0.87862121
0.94409069
0.69625383
1.1319624
1
0.93177962
1.1784125
1.0472383
0.77430899
1.091481
0.80863671
1.0240634
0.56673941
1.626272
0.62926414
1.2231533
0.55440845
0.83474492
0.53829631
1.3692776
0.75493132
1.1515258
1.1388259
1.0650413
1.275736
0.9357135
1.6224167
1.2092851
1.204257
0.94668907
0.60109655
1.313997
0.70062366
1.1105163
1
0.53579488
0.69551156
0.97638952
0.95190694
0.62519655
0.58130928
0.63042539
0.88837336
1.5693537
0.65054327
1.3693649
0.74254478
0.50137148
0.65930462
1.6725834
0.55547331
1.3832552
1.0679679
1.0607774
1.1359347
1.6643935
1.0255754
1.6069652
0.95031647
0.76466661
0.78194579
1.1694776
0.96966613
1.093351
1
0.91153864
0.50390643
0.99879817
0.68351924
1.1410861
0.73389461
0.99777464
0.74481593
0.90972779
1
0.98403131
1
1
1
0.34568432
0.47239285
0.34042867
0.74740472
0.3966635
0.83891464
0.52435011
0.71805497
0.36328535
1
0.81321946
1
0.65057447
0.85335762
0.49131143
1
0.92916802
1.1892598
1.2362206
0.59299441
1.8026485
1.0806433
0.87165347
1.1835938
0.70928143
0.92454247
1.1371792
1.0958059
0.27779354
2.4757225
0.31877234
1.0034397
0.9341415
1.0796298
0.49326121
0.99386116
0.50608516
1.39669
0.57188636
0.75712177
0.92826577
0.74974941
0.38283743
0.86470409
0.94625531
1
0.57882725
0.56225039
1.0710043
0.70251202
0.86360556
0.89257339
0.81164055
0.68112383
0.92174523
1.0039952
0.94572835
0.51217323
1.3985515
0.56020482
0.67656658
1.1445049
0.88031089
1.0713028
0.75315201
1.4047082
0.58248671
1.0830582
2.0990701
0.80970459
1.6105859
1.2179257
0.68692202
0.93193991
0.97270495
1
0.93737474
0.871251
0.99262671
1.3743535
0.99034793
0.82249012
0.93062977
1.3750747
0.91654349
1.7026476
0.90530714
0.67324021
1.1480527
0.83003112
0.72548693
1.2770956
0.9548237
1.2356156
1.2271581
1.2924142
0.37363025
1.304191
0.9335374
0.76833021
0.76567417
1.3355101
0.79618274
0.72877556
1.1293568
1
0.97453939
0.95300051
0.99678682
0.94633183
0.99957686
0.7623152
1.2657016
0.79134948
1.3726573
0.65407112
1.1215742
1.0099291
1.086321
0.6734553
0.70845157
0.818737
1.1393098
1.074328
1.5625763
1.2591075
1.4206339
0.99690102
0.83655263
0.80769653
0.71409901
1.1520189
0.58398844
1.1283484
1.1515104
1
0.5749946
1.0146864
0.80461932
1.0704112
0.91581655
1.2198369
0.73019273
1.4304407
1.3431783
1.6863086
1.0329492
1.5726076
0.66582285
1.246387
1.9652098
2.3594687
1.1234869
0.7424957
1.082415
0.81765626
1.3031669
0.911986
1.4129396
1.1661086
1.2657344
2.0399227
1.9344274
4.1604555
0.94484346
1
1.21239
0.6784072
1.1475125
0.87772196
1.304503
0.88953431
0.82259548
0.80263221
0.81100511
0.83395044
0.92514959
0.5182725
0.88162022
0.98714828
1.4410618
0.67559268
1.1806559
2.3697015
1.5971792
0.87935996
1.157484
2.314445
1.2266855
1.8073509
1.057778
0.75476399
1.7231806
0.97675074
1.0542119
1
0.89108926
1.1102486
0.95254461
1.2093244
0.63466687
1.1516443
1.4429437
1.389258
0.88484253
1.2438999
0.94738024
0.64334943
0.39905904
0.24647288
0.52435519
0.71771069
1.4025692
1.2655999
0.77428958
1.6264563
0.51738689
1.2971144
1.2839445
0.34958796
1.1235154
0.76619888
0.95146156
1.2477988
1.06966
1
1.5306403
0.99275242
0.88263654
0.99985278
1.7316131
0.99435232
1.4754151
0.98054858
1.0116156
0.7040954
1.0474934
0.8568003
1.2060085
1
1.551569
0.59849398
0.96033408
0.94301477
0.99147662
0.78460274
0.98881438
0.87607384
1.429452
0.50042387
1.3858959
0.65701585
0.90655824
0.41513217
1.0095834
1
1.0970662
0.99287827
1.1357562
1
1.0400259
1
1.4504235
0.99874638
1.0096376
0.90980454
1.2090641
0.97145246
1.5582939
1
1.2331689
0.74111845
0.80158149
1.0088062
0.79118527
1.0519118
1.3818205
0.79969029
1.3902628
0.7382509
1.5907563
0.71994739
0.9968018
0.72029106
0.88562113
1
0.80815238
0.98922121
1.0784229
1
1.2828933
1.1425055
1.2072771
0.98936096
1.144048
1.1510115
1.0399975
0.91126356
1.2044984
1
1.1371196
0.75901112
0.71824606
0.93333531
0.75677955
0.76044086
0.81500777
0.89034987
1.2062881
0.82880939
1.5345009
0.53617453
0.71972263
0.83492152
0.8827688
1
0.66242619
0.99825669
0.64368499
0.99911426
0.80876349
0.96785916
0.96758342
0.99943294
0.95677315
0.91475622
1.1119635
0.85944912
1.4773837
1
0.93178546
0.81680715
0.98077768
1.0517724
0.7833401
0.80384365
0.87843709
1.0689062
1.0308073
0.89342342
1.5288458
0.85499709
1.137407
0.71648233
0.95478796
1
0.90692927
0.68148326
0.55899183
1.1628053
0.61402751
0.69077577
0.79937844
1.0927402
0.87505826
0.79681983
0.92607392
0.82888096
0.85590849
1
0.8846417
0.81757786
1.090353
0.92895453
1.2124925
1.2625253
1.1423807
1.083372
0.88478088
1.1896711
0.98735043
0.61416069
1.0190144
0.45086042
1.0184793
1
1.2603727
0.87651469
0.9028652
0.79985454
1.3608108
0.70306807
1.1892413
0.99975134
0.82936147
0.68715212
0.61842534
0.53137484
0.91113996
1
1.059854
0.88452995
1.0416965
1.0699243
1.1730439
0.86052711
1.3438653
0.85688864
1.0867767
1.3134334
0.70670842
0.53275433
0.84574225
0.70612676
0.92755283
1
0.8267413
0.42012023
1.3420508
1.2136126
1.1708391
0.65525775
1.7833879
0.56036169
1.0155995
1
1.8232947
1
1
1
1.5501636
2.2125723
0.84954297
1.2664149
1.020804
1.7112182
1.1335714
2.0559583
2.8436669
1
0.83414812
1
1.0785884
2.2977886
0.93708892
1
0.57499207
0.63142046
0.44256019
1.0283705
0.79148707
0.59915765
0.80179978
0.69621317
0.77040369
0.53253794
1.3711789
0.56616361
0.61632352
1
0.73324233
1.4032726
0.71948402
1.0701086
0.91363154
0.91381704
1.2430098
0.98913328
0.48275725
0.79780936
1.0560334
0.57558381
0.75955859
0.84940677
1.1017637
1
0.87451057
0.49284395
0.85475117
0.73463815
1.1174168
0.71584489
1.001243
0.73993327
0.84616199
0.39010457
1.1197682
0.36606236
1.7867626
1
1.3006773
1.0755193
0.95583247
1.1864018
1.1213713
1.41268
1.2423108
0.71611857
1.7419221
0.66475482
1.2089423
0.46747668
0.82830344
0.28161347
0.97248565
1
0.56314001
0.88909841
0.76167045
1.0693206
1.0569581
0.78613273
1.2238374
0.74082167
0.95441419
0.87518964
1.0091111
0.52654524
0.7842891
1
0.90371811
2.0066773
1.0640345
1.23871
1.0804714
1.109515
2.2348917
0.88196425
0.91733349
0.76749951
0.60184515
0.77074981
1.0723224
0.64759392
1.0429086
1
0.86796639
0.55723984
1.1473294
1.1540646
0.71659457
0.53597289
1.2451598
0.55504772
0.90640048
0.36103095
1.307739
0.47763664
0.89428816
1
0.96710601
0.8342526
0.71836896
1.1177558
1.4947658
1.4226251
1.3747475
0.956003
1.0256172
0.53648219
0.75085417
0.48027545
0.57427195
0.61417619
1.1280009
1
0.55848664
0.47187738
0.51743773
0.86977684
0.69636887
0.48111326
0.72792427
0.69119186
0.82849329
0.54359179
1.2265189
0.48415742
1.2047107
1
0.76289795
2.4335583
0.70993542
1.1414904
0.84676803
1.0813224
1.2441983
1.0911496
0.63616633
0.82351669
0.91699748
1.1242704
0.7384027
1.1561044
1.0474084
1
0.54830184
0.5224858
0.77437547
0.58636747
1.0363763
0.73937956
0.49795305
0.87063064
0.98209676
0.64031158
0.95733987
0.63731619
0.86502603
1
1.0366982
1.1244145
1.045338
1.2126018
1.8354491
1.3640211
1.1882085
1.6292682
0.78843615
0.53325217
1.1395133
0.90660932
1.8170633
1.0520134
1.1347307
1
0.90474024
0.47530128
0.76863745
0.63463857
1.0145328
0.5121615
0.87638092
0.54088221
0.72497884
0.54644516
1.2288998
0.52563602
0.75778713
1
0.90437608
0.91047467
0.87494902
1.1328347
1.1467308
0.99668495
1.2455467
0.86537696
0.63451962
0.75159465
1.2034095
0.83077366
0.8394073
0.66000339
0.99914269
1
0.84701188
1.1818011
0.90904296
0.99798488
0.94832212
0.92266874
1.1019539
0.90970487
0.93114948
0.80771076
0.74852536
1.0525164
0.82510105
1
1.2448599
1.0997433
0.94447616
0.98432122
0.92609058
0.77882552
1.1084557
1.0620831
1.2312177
0.88425258
1.3521496
1.0829405
0.65339109
0.6007226
0.96136835
1
0.50349135
0.9712914
0.55346898
1
0.83659452
1
0.91091726
1.2044059
0.84360568
0.99827005
0.81630851
0.81536285
0.98473669
1
1.117158
0.90144865
0.99721763
1.03316
1.0543569
1.1423954
0.90534841
1.1600765
1.3406936
0.96507719
1.4306531
1.2517508
1.5649191
0.84484432
1.0391053
1
0.42096252
0.96133953
0.45814817
1
0.91410896
0.99721413
1.1396024
0.98416414
1.5591525
1.0242515
1.0606893
0.72044153
1.3357845
1
1.0069355
1.0311547
0.94247995
0.9799472
0.85877867
1.3247419
1.1634756
0.98172693
0.98640526
0.92173838
1.4786813
1.4332441
0.53208432
0.87687883
0.9924163
1
0.38559024
1.0768929
0.93360404
1
0.59103085
0.96451936
0.7732675
0.93215438
1.8334512
0.54761033
1.3954227
0.87436562
1.3414318
1
0.80405128
0.82561828
1.0640807
1.1429083
1.4634188
1.2146765
0.8682362
1.030707
0.87208982
0.6977805
1.8452686
0.61926031
1.1378127
0.64418193
1.0512216
1
1.385729
0.53922259
1.0258677
0.9224536
0.84442233
0.78801036
0.85485964
0.73173258
1.3642558
0.81141185
1.2326573
0.7899475
0.74115037
1
0.84149948
0.84427857
1.1598121
1.5086951
1.1397105
1.3971478
1.3650092
1.5193033
0.95484836
0.90309094
0.97129637
2.711673
1.8359901
0.61071765
1.1214947
1
1.1124995
0.94503912
1.1039832
0.76378247
1.3122275
0.94241127
1.5000212
1.2968658
1.6384793
0.3466059
1.6268446
0.79758473
0.52471099
1
1.4071423
0.95733404
1.4127592
1.4354248
1.6754679
1.4355804
1.5224959
1.4057753
1.3641553
0.4705563
1.4185616
0.32931133
1.5914583
0.90679936
1.0873307
1
0.76025065
0.44121429
0.83092298
0.62160055
1.0582518
0.57409132
1.4914363
0.82935175
1.3379638
1
0.7312313
1
1
1
0.61277765
0.46658417
0.84225553
0.98597173
0.7426952
0.94617454
1.2399374
0.98146258
0.86126153
1
1.5199335
1
0.63938305
1.1902058
0.8180636
1
0.42721013
1.2075448
0.75640528
1.5426442
0.579764
0.99456757
0.93647527
1.1682361
1.379972
0.68164296
1.9958108
0.36286134
0.59199713
1
0.8212335
1.3627226
0.92879384
1.1589367
0.71551686
1.6405802
1.3757313
1.3585858
0.61310419
0.7110746
1.5736695
0.73587675
1.3112328
1.0589891
1.0066638
1
0.62858925
0.45776028
1.0579404
0.60394245
0.90801094
0.41333974
0.9638754
0.51720306
0.9471158
0.57179411
1.4556838
0.39275719
1.3594872
1
1.2143252
1.0849745
0.93758795
1.1557534
0.9170441
1.1171077
1.069169
1.0202543
1.5047366
1.0494588
1.2441314
1.0504921
0.81166309
0.59861546
0.99909121
1
0.76253912
0.95878925
1.1885109
1.1238862
0.91562847
0.76440892
1.0471212
0.75085413
1.2792069
0.87727552
2.1707216
0.93519075
0.63431837
1
1.040117
1.2792481
1.1789578
1.3043372
1.007813
1.3490381
1.7101061
0.9327798
1.3728959
1.1736315
1.4257483
1.77976
1.5974832
0.67689764
1.1302333
1
0.94559247
0.75955783
0.975774
0.58630838
0.98378733
0.7129537
0.96176398
0.63369516
1.3391194
0.57424097
1.6204875
0.78015647
1.0377199
1
1.16531
0.92118581
1.0158104
1.2598622
1.3343474
1.1806258
1.4721545
1.117697
1.2442218
1.0689876
1.5399749
0.96276351
1.4769306
0.92310155
1.1417304
1
0.46462915
0.92862812
0.52122365
1.1468849
0.46236641
0.93542785
0.74017378
1.1681917
1.2522058
1.7168027
1.3559523
1.3646982
0.83146606
1
1.5343156
3.239414
1.0885709
1.4720042
1.2567825
1.673635
0.8262331
1.5410606
1.106467
1.3205592
1.3445726
2.1536827
1.8504484
2.1872311
1.0554451
1
0.76073617
0.69254421
1.0165594
0.79656724
0.88786824
0.63136294
0.98007292
0.67903172
1.0171516
1.1851319
1.4998654
0.7719309
1.3842989
1
1.2203784
0.66398115
1.1470218
1.2432258
1.5986255
1.4257261
0.92060592
1.6120165
0.95180723
0.42252789
1.0993776
1.5591765
1.5850252
1.5897506
1.2389132
1
0.97066363
1.0014524
0.97416147
0.95970653
1.0634305
0.6482477
1.2846554
0.84790242
2.1813362
0.6427945
1.5964402
0.76735467
0.42877806
1
0.79329268
1.0047908
1.1809708
1.5329935
1.212578
1.2381801
1.5590043
0.98514624
0.78971873
0.85820985
1.1021734
0.72298114
1.3872401
0.45424121
1.0389496
1
0.91740757
0.9367613
0.84730196
0.94068562
0.74122814
1.1385049
0.8948783
0.96254711
0.99475949
0.72225601
0.94644523
0.97620319
1
1
2.5310313
1.329768
1.1034504
1.0544297
1.114855
1.203154
1.5169665
1.2266883
1.3487655
0.99013883
1.1482258
1.380289
0.83427455
0.93094164
1.015367
1
0.71989975
1
0.98812309
1
0.88619916
1
1.0685763
1
0.92237248
1.0355128
1.1014222
0.98498094
1
1
1.2612693
1.548807
1.9653754
1.1070968
1.0198112
0.95267539
1.2273017
1.1070023
1.3786315
1.0586856
1.1109272
1.322812
0.93407276
1.2888678
1.1294707
1
0.68011329
0.99963446
1.0310722
1
1.0279976
1
1.2142141
1.118359
1.5551732
1.557451
1.1086735
0.94345777
1
1
1.8788141
1.1243168
1.0641218
1.0414594
1.08831
1.3683689
1.3753067
1.0629842
2.1578568
1.2375828
1.6170587
1.5398467
1.142932
1.4648554
1.2328045
1
0.62764547
0.78556557
0.91976355
0.9997273
0.67317236
0.98831815
0.85584433
0.97597326
1.0908251
1.6276852
0.94078512
0.92248932
1
1
1.7815936
0.90380435
1.2521607
1.1686442
1.204728
1.5189406
1.0950437
1.1384067
1.3214743
1.0197319
1.9607186
0.95812273
0.87560151
0.83306488
1.2639508
1
1.3189613
0.65087505
0.83019341
0.69462286
1.0060207
1.032933
1.0480709
0.99713103
1.1790272
0.77728221
0.81411175
1.6084548
0.8181641
1
1.246291
0.90387989
1.214825
1.0755887
1.405552
1.0037753
1.2352213
1.4938
0.92106407
1.246647
1.3747655
2.2548321
1.1406022
0.91680751
1.208397
1
0.97791907
0.75840279
1.3929934
0.72761379
0.7973606
0.44330381
1.2983883
1.174927
1.0279598
0.33634054
1.0944841
0.90194806
1.0068603
1
1.208878
0.8796727
1.6974718
1.3684609
1.8198425
1.6008563
1.4914298
1.4557436
2.0252555
0.46328038
0.96502349
0.22341047
1.955388
0.83915682
1.2963842
1
1.2593483
0.82219715
1.1537172
0.87739301
0.98589267
0.84640564
0.88953534
0.72904039
1.1089757
1
0.93285254
1
1
1
0.80508219
0.8653969
0.85821422
0.83646978
0.82664155
1.0728155
0.99161239
1.1264737
1.1265461
1
1.5916264
1
0.49283996
1.2777691
0.87143857
1
0.65111171
0.99831726
0.65971981
1.0233359
0.60010638
1.5125099
1.0509418
1.3116995
1.1565635
0.9216573
0.93742877
0.75551437
0.59112549
1
0.44803775
1.5494686
1.0083766
1.2973511
0.63077634
1.5455044
1.2756952
1.575539
0.51576522
1.1045235
1.0384828
0.85051661
0.3805264
1.5381822
1.1359246
1
0.71195615
0.49064253
1.1420496
0.68164594
0.79499907
0.55473611
1.1138239
0.7488857
1.0042637
0.82554413
1.2345008
1.347329
1.0416919
1
1.0790077
1.0582414
0.89487401
1.0581516
1.0687502
1.5927038
1.0149453
0.99887685
1.4852814
1.0541413
1.519318
0.86053145
0.79515713
0.70677768
1.0359026
1
1.0569948
1.1347364
0.95665311
0.84743143
0.94963166
0.87149163
0.86244857
1.0147869
1.0845442
1.3731172
0.9840933
1.525039
0.95500338
1
1.3761858
1.3316167
1.590214
1.5163295
1.8022915
1.2776111
2.4419121
1.143338
1.4969207
1.2295527
1.9102751
1.8984326
1.4647217
1.0167871
1.230532
1
0.89817018
0.82528997
0.99885781
0.81800283
0.99369287
1.164999
1.1373508
1.3985593
1.2247887
0.75472721
1.0475655
1.0414876
1.107667
1
1.6162507
0.98303112
1.2571673
1.2780948
1.6984438
0.70519787
1.5808804
1.1815626
1.8164156
0.99066461
2.1592599
1.4297231
1.7582459
1.4969198
1.3141892
1
0.55850594
0.99525991
0.93973048
0.90355119
0.65095814
1.0133443
1.4680299
1.4707958
2.5863344
1.3022265
1.3633194
1.1711832
0.9302731
1
3.4791462
3.113883
1.8596745
1.0835715
3.6639014
1.2514864
2.265604
1.3102058
3.0216971
1.5262445
3.6647557
1.6081981
1.8562833
3.3179427
1.1715486
1
0.94023416
0.57906861
0.95074057
0.94117597
1.0002427
0.50898618
1.2394222
0.60617748
1.0871247
0.55308283
1.421698
1.0972042
0.85868863
1
0.95602389
0.65542598
1.3633245
1.482602
1.6640668
1.2088465
1.4167205
1.4282403
0.78700455
1.1858899
1.5876933
1.0871702
1.7527186
1.3789434
1.3322853
1
1.0890085
1.0435959
0.91900446
0.85603895
0.78358946
0.86316468
1.1598329
1.3295219
1.3104034
0.87042178
0.990344
0.96453971
0.5434219
1
0.80777616
1.0435506
1.6790893
1.416803
0.94245704
1.3276154
2.0193747
1.5715793
0.91366676
0.63732022
1.1886614
0.52434373
0.97570082
1.099303
1.3457491
1
1.0758035
0.98771013
1.2924955
1
1.3976985
1
1.4055656
0.99920363
0.99254566
0.95290312
1.1774496
0.97527099
1.4920286
1
1.2349353
1.3600358
1.0795693
0.93075971
1.281502
1.1004104
1.1158129
0.73574369
1.7166772
0.8613052
1.5175938
0.97389644
0.98359112
0.8318923
1.0674188
1
0.97870074
1
1.4988878
1
1.3274487
1
0.82155504
1
1.4185144
0.99803837
0.89187346
0.99985442
1.1373999
1
1.3795914
1.0616338
1.0447032
0.82500578
0.99924786
1.0850462
0.83561536
1.0937205
1.1709118
0.87690746
2.0159825
0.9051151
0.9066409
0.97211096
0.92948391
1
0.55204361
0.99991722
0.7276978
1
1.0931997
1
1.4417218
1
0.80347458
0.99547663
0.6105051
0.99335743
0.9719864
1
1.0217302
0.81013694
0.84452111
1.0689115
0.75237312
1.1547793
0.84334876
1.1787163
1.0781118
0.8957961
1.314897
0.88845845
0.76246356
0.928087
0.88172945
1
0.68468952
0.99792303
0.79490149
1
1.4823855
1
0.88795235
1
1.0963697
0.99456036
1.3493306
0.99741791
0.99640498
1
0.87520597
1.0948185
1.3454347
1.0169973
1.328316
0.83855789
0.8103592
0.88360934
0.9422754
0.91396462
1.304854
0.95617524
1.1385333
0.9787917
1.0374439
1
0.89814754
1.0875573
0.92448376
0.76786263
1.0997054
0.80849207
0.85441046
0.85358007
0.88253569
1.1324841
1.0483457
0.90861838
0.96666886
1
0.97701883
0.79271062
1.0728892
1.0555189
1.1185857
1.0592683
1.3863841
1.3496265
1.0059604
0.77462415
1.3784779
0.87084926
0.80049026
0.96011701
0.99331887
1
0.9822565
0.68972103
1.1279443
0.97306676
1.0506777
0.75923539
1.3254919
0.96496379
0.67520736
0.9537745
0.47070582
0.9061902
1.1351897
1
0.93906974
0.88203675
1.1261365
1.0324036
1.4031025
1.0990269
1.4530844
0.98555742
1.148633
1.1829693
1.0122396
0.947895
0.71284513
0.81203666
0.91622761
1
1.4645077
0.35703681
1.2416387
0.62161427
0.97915294
0.63391327
1.725708
0.60659594
1.1387352
1
1.0860682
1
1
1
0.68059904
1.149953
0.92711541
1.3541218
0.97909872
1.069507
0.76449467
1.252935
1.5404422
1
1.3320447
1
0.82494
1.2110988
0.8300508
1
0.56167835
0.33759899
0.70804828
0.74097795
0.70357644
0.78363664
0.73804198
0.7652745
0.905765
0.72638378
1.5487294
0.91409039
0.51573277
1
1.9460509
2.7927569
0.8323421
0.97997245
1.3653945
1.0007282
1.852516
1.0835222
0.84398579
1.2171399
1.040968
0.89204705
0.94791084
1.5999362
1.0396929
1
0.70618778
0.68063092
1.0472385
0.57496035
1.5332184
0.69864537
1.0667047
0.99079218
0.99810163
0.70342383
1.0768306
0.81342179
1.7721567
1
1.1894007
1.3226287
1.0358123
1.2535826
1.0443294
0.67560545
1.1347585
0.83325618
1.0972585
0.93746744
1.219486
0.77770064
0.66936115
0.9820583
0.83375741
1
0.83706656
0.79183996
1.1296265
1.0108106
0.87661659
0.96867678
1.162244
1.0520353
1.1033339
1.1927499
0.72792402
0.94876658
0.82702545
1
0.96732036
1.5690559
1.1018329
0.98814446
0.97647321
1.7671664
1.3769453
0.8865998
0.84669975
0.72222773
0.70489942
0.90872962
1.4394416
0.95383453
1.0348518
1
0.76981079
0.5443557
0.96175108
1.0265779
0.93083942
0.77465449
0.81803706
0.84694175
0.88109139
0.75300106
1.1092532
0.87173145
0.977128
1
0.96696999
0.65973313
0.79314541
0.99694459
1.4561629
0.85744745
1.659429
1.1090394
0.79407135
0.80937191
1.1747177
0.90666152
0.63305373
0.86099091
1.0036334
1
0.54719874
0.54881087
0.5858763
0.78453113
0.49720701
0.69661943
0.62447398
0.79010548
0.84424558
0.75337506
0.66441695
0.74755916
0.7754866
1
0.89927073
3.1481557
0.81854558
1.1572019
1.4995418
1.3626343
0.72986202
1.3001614
1.4363738
1.0159808
0.99179958
0.73070838
0.59724539
0.87413668
0.856852
1
0.89984192
0.58299147
0.82196518
0.80586669
0.93789114
0.78990386
0.56068953
0.79962901
1.0149276
0.75668496
0.7112615
0.84481657
0.67688214
1
0.8452123
2.2753416
1.103271
1.3606692
1.1442533
1.5403353
1.2019145
1.3646664
0.80882438
0.8870075
0.80490661
0.83782165
1.1655248
0.96908912
1.0824514
1
0.83834001
0.32063813
0.77716203
0.92910911
0.974657
0.59192041
0.73131619
0.81419616
0.57721815
0.87322898
1.0564488
0.9614794
2.4228762
1
0.65837859
0.94752654
0.77582202
1.1004113
1.2739363
1.0512654
1.6665634
0.72300848
0.89207422
1.0561106
1.0575825
0.87600357
1.0438048
0.94866896
0.9890857
1
0.82197334
1.0600128
1.2827042
0.99655806
0.96589303
1.0000003
1.5472746
0.99956125
1.1297783
1.0256387
1.0533672
0.98326033
1.0104018
1
1.0252065
1.011874
1.0947826
1.067365
0.97190441
0.76655464
0.93761081
0.75110022
1.1313177
0.74266247
1.3565168
0.81724202
0.93448681
0.92668997
0.93552501
1
1.1885501
0.99965394
1.1700693
1
0.75572177
1
1.1356986
0.9999101
1.1056981
0.99968233
1.1521711
0.99989485
0.98215466
1
0.84691741
1.1554168
1.1468595
0.96450466
1.2824133
1.0376782
0.88597114
1.3175524
1.2638779
1.0099193
1.0958136
0.95926232
0.98353831
0.96275949
0.97373645
1
0.98817551
0.99996139
1.0933309
1
1.0781965
1
1.4335954
1
2.1844678
0.99978529
1.1753736
0.99096137
1.0196633
1
0.96279402
1.0998007
0.9387617
1.1922066
0.75948149
1.0462014
0.73693266
0.85085617
1.254062
0.86164263
1.3288463
1.0376516
0.97940277
1.1590218
1.0238946
1
1.0019333
0.99965781
1.0192016
1
0.67895254
0.99960557
0.84777722
0.99477891
1.4069758
0.994792
0.97189446
0.99417413
0.98607044
1
1.0852229
0.75061142
1.178674
1.2988536
1.4227872
1.1007624
0.94065954
1.1930433
0.8526658
0.75382977
1.6803537
1.0548423
0.79014126
0.93390103
1.1711945
1
1.1967316
0.66849708
0.77210514
0.87788647
0.86822498
0.75553046
1.2543507
1.0052716
1.2928387
0.97101707
1.1362663
0.98026952
0.70226248
1
0.91182698
0.77352765
0.95316398
1.0786043
1.2585992
1.1422789
1.4096135
1.5111211
0.96288219
1.1615727
1.2389614
1.0578629
1.4854492
0.92292682
1.1673205
1
1.0459744
0.99391211
0.82109765
1.0988766
1.0299686
0.6834396
0.92503104
1.2878728
1.0859133
0.93195473
0.75737256
1.0623917
0.6109687
1
0.85940709
1.7352611
1.2669265
1.5992505
1.3435553
1.1060236
1.5562012
1.2917084
1.2139534
1.1980457
0.99034967
0.59157428
1.9164412
1.7279038
1.1485549
1
0.89644909
0.82076161
0.90148028
0.86974189
0.99730447
1.0539614
1.1892096
1.7098183
1.1676478
1
1.4999919
1
1
1
0.61256427
1.9041277
0.85957062
1.012939
0.72779407
0.62865043
0.97790482
1.0183087
0.74972336
1
1.5520789
1
0.63157891
3.201889
0.93688367
1
0.51691127
0.7214812
0.47108326
1.6692554
0.47647752
1.3055917
1.1659789
1.1592895
1.8423323
0.76703061
2.4685954
1.0410495
0.57136802
1
1.1828402
1.4240178
1.1361164
1.4407582
1.1307656
1.2287078
1.9021102
1.3774625
0.67691694
1.0412405
2.1816848
0.81009967
1.1574472
1.0221205
1.1595753
1
0.7552113
0.4528012
0.9537577
0.59340339
1.128492
0.74012961
0.90071823
0.94019602
0.8820015
0.74528171
1.2961062
0.91525384
1.5806101
1
0.88502689
0.96884881
0.79125747
1.2360031
0.8229831
0.84051452
0.99653643
0.85823291
1.041022
1.0421803
0.75134081
0.95594959
0.83316444
0.84774858
0.94996144
1
0.86758403
1.2041805
0.96457592
1.0603963
0.82319446
0.89958027
0.94192995
1.0823596
0.81686647
0.96797201
1.2535869
0.98680395
0.5635896
1
0.93399164
0.9155229
1.0947849
1.3612487
1.3761559
0.89162879
1.7246219
1.1599207
1.0878231
1.1457389
1.3482702
1.0826699
1.1359183
1.1435214
1.0623929
1
1.3312326
0.94067269
0.99585734
1.4296553
0.99054682
0.99015291
0.92386298
1.2869687
1.4018957
0.84874645
1.1388901
1.1669732
0.95811255
1
1.2902364
1.0845199
0.99391728
1.2825307
1.1685497
0.72124573
1.4091351
1.0099066
1.1159963
1.146462
1.9794176
0.87891097
1.4882221
0.84972485
1.1187317
1
0.65922013
0.97466204
1.0884646
0.97486424
0.80162557
0.94990329
1.2962587
0.74864874
0.96775472
1.0859219
1.1218464
0.93769419
0.83374469
1
0.9861824
2.7491254
0.862896
1.3479891
1.2746718
1.2718581
0.72666591
1.4512443
0.83349419
1.2562719
1.0982438
1.5351861
0.932443
1.0134764
1.0427753
1
0.77017864
0.68058716
0.97233544
0.72887618
1.080703
0.72171819
0.65604581
0.83880638
1.0510075
0.94112326
1.3491742
1.10309
0.82540557
1
1.0282042
0.97127797
1.0867024
1.2162196
1.0727028
1.1167087
0.79343536
1.3251106
0.76887812
0.77013433
0.7321262
1.215398
1.4190404
0.98036158
1.0828249
1
1.0362691
0.36432054
1.0690062
0.83975827
1.199608
0.6742644
0.88194582
0.8904348
1.2104391
0.90936016
0.96682669
0.9975622
0.35161098
1
0.73685204
0.8706976
1.0895838
1.2492974
1.1974822
0.92480673
1.4894346
1.7174132
0.58388698
1.131062
0.99330815
0.90617528
1.3993194
0.94679857
1.0549103
1
0.60856641
1.1149792
1.0837558
1
1.1071058
0.99994329
1.2249768
1
1.0149274
0.86310768
0.9925811
0.99999998
1
1
1.66462
0.98810952
1.1517591
0.94073364
0.78035626
0.97606939
1.0901295
1.4284555
1.3628343
0.9105934
0.79239571
0.7712491
1.1631343
0.9706529
1.0000605
1
0.82218123
0.99698822
0.95614616
1
1.1579298
1
1.1945381
0.99939637
0.98541702
0.99389029
1
1
1
1
0.9122369
0.95299454
1.1369446
1.005205
1.472667
1.1583581
0.70496762
0.80974169
1.1174675
0.89526669
0.87293892
1.7045781
0.9742594
1.1765051
1.1102306
1
0.56784646
1
0.90876155
0.99982845
0.97340104
1
0.85673303
0.99989927
0.90068333
1.1600081
1.1190186
1
1
1
0.85746781
1.4934207
1.1660036
1.0359056
0.89910685
2.0197691
1.4576683
1.1383391
1.4009685
1.0082966
1.3744256
1.8017248
0.99437639
0.96218006
1.2157036
1
0.73532307
0.99819129
0.97473996
1
1.0783394
1
1.1463205
1
0.99711041
1.1142094
0.9999169
0.99940758
1
1
0.90332247
0.76771661
1.3172575
1.3147876
1.2343345
0.7532898
0.96911622
1.134494
0.93461318
0.87396391
0.9892605
1.2506046
0.9450161
0.8202095
1.3449506
1
0.96551687
0.51942464
0.959276
1.0509471
1.049422
0.98134601
0.93582242
1.004851
0.97892796
1.181809
0.88981665
1.1681027
0.96159106
1
0.84220061
0.79222598
0.94965738
1.1874756
1.3113699
1.1304081
1.3058099
1.521883
0.74268666
1.5544995
0.93677088
1.2094408
1.5228163
0.75872675
1.3466398
1
0.8593552
0.96710085
1.0770415
0.87906467
0.96258802
1.0877081
1.4496094
0.9676842
1.05635
0.79982047
0.99999998
0.99697324
0.70122812
1
0.8523524
0.55310501
1.5558328
1.6486899
0.94279722
1.9425477
1.0127468
1.5787625
0.79454212
0.35461947
1.3645037
0.54806935
1.101759
0.6750657
1.3294579
1
0.9855271
1.9705099
0.96360423
1.5045115
0.85708839
2.1488021
0.9559711
1.0915394
1.3493805
1
0.9996822
1
1
1
1.1933039
1.9885591
0.95491141
1.4113026
0.85285183
1.5455695
1.2970145
0.72417639
1.5636934
1
1.2851042
1
0.93917225
1.7890404
1.2721426
1
0.75827938
0.58700379
1.1160228
1.1490357
0.67879751
0.91449551
0.84827951
0.8966605
1.1600882
0.9941618
1.0664146
0.92145395
0.44870409
1
0.94685762
1.3199537
1.2382392
1.6399765
1.3296359
1.3129035
1.8496681
1.4580712
0.75845764
1.0030775
1.3547417
0.84264638
1.0561439
2.0423798
1.1820262
1
0.53048289
0.5502319
0.97027559
0.73351353
1.1787036
0.89395632
1.0854792
0.92310199
0.65608953
1.0081929
0.92015626
1.6140093
0.70879556
1
0.82328438
1.0447563
0.88908552
1.1833651
0.87647748
0.78242103
1.0560147
0.95708413
1.1614679
0.82955936
0.97197926
0.85170307
0.98209105
0.89571418
0.84730102
1
0.93339576
1.0368883
0.98106314
0.98826765
1.1509218
1.3620524
0.9858685
1.1051041
0.8206793
0.99150483
1.2190577
0.99904069
0.85690574
1
0.91546805
0.93718425
1.3337425
1.3654819
1.1000848
1.049077
1.5684257
0.91266713
1.3993706
1.1413303
1.9278526
0.97878083
1.3822217
0.98608498
1.1569689
1
0.97790498
0.70280839
0.99889574
1.1427991
0.99895289
1.0075679
0.9939777
0.96340608
1.58432
0.95243632
1.3864643
0.99428528
0.83230687
1
1.3120046
1.1678523
1.2055375
1.6908116
1.5031438
1.9493775
1.6246159
1.0383552
1.3988733
1.321524
1.4974282
1.2070095
1.5888275
1.1717503
1.1019869
1
0.56214718
0.83933987
0.69114215
1.1532104
1.0323198
0.77109873
0.99679997
0.77010411
1.3413028
1.1449384
1.0059046
0.86327898
0.70622759
1
1.8191716
3.78358
1.5516294
1.9802841
2.4831352
2.1209837
2.0789149
1.6440463
1.4877582
1.5245085
1.4360645
3.0283835
1.3269462
0.98303748
1.1181231
1
0.78367073
0.89461867
0.98729782
0.90338172
0.96574185
1.0295717
1.0081513
0.89789933
1.0433189
0.91959485
1.132449
0.984118
0.98249859
1
1.4138648
1.2061558
1.398578
1.2440227
1.4186868
1.31765
1.6400595
0.93208991
0.97683004
0.87143381
1.6022934
1.2004928
1.1683291
1.0699439
1.0946711
1
1.0245589
0.54309237
0.99003184
0.97447026
0.98326496
1.1496508
0.98297974
0.90243252
1.1488761
1.4228563
0.99997797
0.97152309
0.73809603
1
0.90603231
1.0796356
1.2929613
1.5797415
1.1447625
1.6119895
2.1776135
1.6124135
1.2992159
1.187761
1.5948621
0.88090211
1.4609202
1.1162343
1.1976403
1
