1
1
1.5591108
0.92210436
1
1
1
0.9903478
1
1
1
1
1
1
1.0933585
1.2120355
1
1
1.3282215
0.83582189
1
1
0.9934445
1.0670588
1
1
0.99287803
1.0284566
0.99747914
0.99884752
0.90571108
0.88941066
0.75672086
0.95311935
1.3093432
2.9957538
0.94319682
1
0.81583208
0.97511138
1
1.1227721
0.84370246
1.0424096
1.0533888
1
1.018006
1.4134871
1
1
1.0754919
0.94424426
0.97818402
0.92082353
1.120868
0.939938
1.455944
1
1
1
0.9205799
1.0678307
1
1
0.99792425
0.98850608
1
1
0.99611103
0.98920485
1
1
1.0452893
1.0919091
0.99983636
0.99981554
1.2881437
0.872318
0.99964092
1
1.316823
0.96592991
0.99857816
0.88297664
0.8908216
0.90050904
0.99093338
0.99951193
0.99390602
0.91949872
1.0942353
0.89427778
1.1177983
1.4091964
0.88679705
1
0.98460294
1.0932475
0.96243303
0.94220059
0.81835679
0.91400968
0.99873871
0.99452964
1.2150939
0.75515359
0.99449271
0.98746769
1.0492642
0.94345655
0.97890544
0.98932159
1.192881
0.94010314
0.92014834
1
1
1
1.7104591
0.99209928
1
1
1
1
1
1
1.1044067
0.99919139
1
1
0.99951141
0.99993211
1
1.2471536
1.1919732
0.9147416
1
0.99501441
1
0.97632344
1
1.172812
1
1.1114508
0.99998714
1.1815102
0.99539717
0.81482097
1.0002282
3.452001
0.94438348
2.1077071
0.96581366
1
0.9906959
0.97884569
0.99910731
1.8445478
0.98938937
1.0665822
1
1.2588742
0.96506915
1.1852345
1
1.0546969
0.9988363
1.102197
1
0.99790362
1
1.1755296
1.0292648
1
1
1
2.0087518
0.99680174
1
1
1
0.99995701
1
1
1
0.99997589
1
1
1
1
1
1
1.0320235
0.99996791
1
1
1
1
1
1
0.99939268
1
1.1461284
1
1.0771706
0.97746374
0.72263802
1.7218706
1.1495117
1.8282574
1.1674522
0.99894528
1.1451945
0.99310558
0.99898199
0.99901766
1.0733676
1.1988511
0.9921389
0.99483074
1.0852572
0.97802295
1
1
0.98537194
0.98054814
1.1307778
0.99387561
0.89383008
1
1.1933916
1
1
1
1.2661227
0.77469029
1
1
1
0.98732566
1
1
0.99499696
0.99999253
1
1
0.99995736
0.99317253
1
0.99970904
1.2365715
0.99900748
0.99997233
1
0.99775208
0.99983395
1.025366
1
1.2305694
1
0.94618171
0.96675245
1.1664384
0.99769749
0.53715447
0.55884615
2.7002585
1.2072492
1.1007671
1
0.98372357
1.0998604
0.98804548
0.88602081
1.113354
0.97895748
0.98280539
0.98694637
1.0703894
0.85205574
0.99761492
0.98578756
1.013581
0.99152041
0.98538603
0.99896081
0.99848728
1.1966435
1.1791081
1
1
1
1.1873213
1.0429482
1
1
0.99895785
1
1
1
0.99640053
0.99980619
1
1
0.99911443
1
1
0.98440043
0.99937551
0.99968812
1
1
1.1144153
1
1
1
1
1
0.99480899
0.93832963
0.99389263
0.99111311
1.1258738
3.1721417
1.7035168
1.5410946
0.98309624
0.98750248
1.1901574
1.0902583
0.99735264
0.99977309
1.0572297
0.87665478
0.99444834
0.66923571
0.98377059
1.0595378
1
1.1133222
0.9999405
0.96087632
0.99898673
0.9998188
0.99988525
0.99912737
0.9914238
1
1
1
1.1589095
1
1
1
1
0.99998779
1
1
1
0.99797827
1
1
1
1
1
1
0.99660015
0.99987687
1
1
1
1
1
1
0.99967278
1
1
1
0.99772014
1
0.44846009
1
1.0704644
1.1392279
0.93382278
1
0.9312783
1
0.97576463
1
0.91065979
1
1
1
0.83582249
0.99995578
1
1
0.96393954
0.99277069
1
1
0.94742515
0.99997428
0.99986102
1
1
1
2.4951617
0.98774403
1
1
0.98976991
1
1
1
0.98453953
0.99980049
1
1
0.96526691
0.99987331
1
1
0.9991174
0.99969092
0.99755355
1
0.9996285
1
0.9999085
1
0.79572972
1
1.1527728
0.99941222
1.1056625
0.9998814
0.71730485
1.1089938
2.9613059
0.84293418
0.9932705
1
0.98074283
1
0.99047499
0.97357655
0.96981741
0.99897375
0.94704263
0.9993821
1.1059823
0.99949425
1
0.99997546
0.9956524
0.99920078
0.99239518
0.9997646
0.98918374
0.99951199
0.98363088
1
1
1
0.9831297
0.9987565
1
1
0.98775504
1
1
1
1.1826667
0.9954532
1
1
1
0.99977995
1
1
0.99324767
1
1
1
1
1
1
1
1
1
1.0869165
0.99213195
0.99741324
0.99933453
1.1979369
1.2663415
2.8719365
1.0088614
0.99925486
0.98752956
0.99174147
0.97700893
1
1.0844141
0.96871025
0.90278325
1
1.0087379
1.2100935
0.99958884
1
0.99992397
1.215219
1
1
0.99990266
1
0.99986882
0.98940112
1
1
1
1
1
1
1
1.0189564
1
1
1
1
1
1
1
1
1.2076502
1
1
0.98601094
0.99978722
1
1
0.99121925
0.99579762
1
1
0.99857091
0.99753429
1
0.99465329
1
0.95954053
0.9006461
0.98237103
0.86180255
2.2892029
1.0818635
1
1.2490683
1
1
1
1.0327831
0.99916655
1
1
1.0274862
0.9309236
1
1
0.99937466
0.99252153
1
1
0.93698706
1.1810235
0.99272266
1
1
1
0.99981971
0.99939034
1
1
1.033088
1
1
1
1
1
1
1
1
0.99784498
1
1
0.99685154
1.0516962
1
1
0.99870456
0.99971057
1
0.99174941
1.1006752
0.93509089
1
1
1.1917445
0.98811226
0.97249938
0.89014128
0.98558831
0.80600919
1.0817954
1
0.70371568
0.9998331
1
0.9993351
0.97385515
0.99431377
1
1
0.99858377
0.98293331
1
0.99937729
0.99963865
0.98837612
1
0.99908438
1
0.99806602
0.96716244
1
1
1
1
1
0.99995761
1
1.2923474
1
1
1
1
1
1
1
1
1
1
1
1
0.9984373
1
1
1
0.99847712
1
0.99038259
1
0.99943017
0.99732815
1.0374974
1
0.98755901
0.98072243
1.0062415
0.95922345
1.2258543
0.89726651
1
1.0300428
0.95854772
0.99967138
1.044316
0.99982854
0.93847439
1
0.99992772
1
0.96462515
1.0018035
0.99990612
1
0.99863894
1
0.9983083
1
0.99780246
0.99294641
1
1
1
1
1
1
1
1.1235417
1
1
1
1
1
1
1
1.148389
1
1
1
0.97453937
1
1
1
1
1
1
1
0.99727845
1
0.99704259
1
1
0.99996837
0.96882369
1
0.73777233
1.1385578
0.84145712
1
0.90069683
1
1
1
1.1856895
0.89099903
1
1
1.0921503
0.99386499
1
1
1
0.99041657
1
1
0.99826811
1
0.9964886
1
1
1
0.99992506
0.99924736
1
1
1.0419877
1
1
1
0.99589436
1
1
1
0.99490175
0.99479516
1
1
1.1890108
1
1
1
0.99943422
0.99998909
0.92084079
1
0.94562808
1
0.99964563
1
0.9921114
0.99995021
0.91330829
0.91462414
0.98068796
1.123161
0.78731592
1
0.62021094
0.99380668
1
0.97021737
0.98242926
0.98455136
0.99663083
0.99764224
0.97430113
0.99764748
1
0.99987234
0.99858324
0.99999872
1
0.99995982
0.9996778
0.99998649
1.462893
1
1
1
1
0.99981456
1
1
0.96092594
1
1
1
1
1
1
1
0.99990114
0.99799809
1
1
1.0421707
1
1
1
1
0.99994162
1
1
1
1
1
0.99861877
0.99993677
0.99792535
0.98458428
1.1734201
1.0514152
1.1297621
1.3770198
1
0.84035997
1
1
0.91892709
0.99000622
0.87330853
0.99920041
0.96483443
0.99978269
0.97081069
1
0.99966104
1
0.99510946
1
0.99999921
1
0.99997225
0.98792197
1
1
1
1
1
1
1
1
1
1
1
1
1
1
1
1
1
1
1
1
1
1
1
1
1
1
1
1
1
0.98955672
1
1
1
0.98998044
0.96335176
0.97470184
1.1955138
1.024376
1
1.0310475
1
0.9976129
1
0.99630263
1
1
0.99986674
1
0.99976917
1
1
0.99969542
1
1
1
1
1
1
1
1
1
1
0.99920375
1
1
0.85119981
1
1
1
0.9926709
1
1
1
1
1
1
1
0.99970971
1
1
1
1
1
0.99942798
1
1
1
0.98775456
1
0.99548959
1
0.90332794
0.99103831
0.97177861
1.1531055
0.54665539
1
0.620789
0.99999725
0.99841312
0.99950621
0.95256089
0.99976685
1
0.995846
0.99405143
1
1
1
0.99940144
1
1
1
1
0.99987492
0.99964934
1
1
1
0.97401079
0.99492321
1
1
0.89396841
1
1
1
1
1
1
1
1
1
1
1
1
1
1
1
1
1
1
1
1
1
0.99996786
0.99716567
0.9920685
0.99787823
0.9999265
1.5352324
0.95842923
0.98714665
1.4655687
1
1.9458567
1
1
1.1035059
0.99518356
1
0.9997469
0.98548202
0.99658957
1
1
1
1
0.98551737
1
0.99995405
1
1
1
1
1
1
0.99819671
0.78496863
1
1
1
0.97041459
1
1
1.364939
0.99739848
1
1
0.99934971
1.0236268
1
1
0.87277012
1.0237537
1
1
0.99920283
1.2354089
0.95344224
1.1428358
0.83019683
1.4729793
0.87342435
0.99746491
1.0271367
1.0181588
0.42419005
1.4205681
0.67173348
1.9372702
0.89305038
1
0.83664888
1.2301259
0.94881911
1
1.417137
0.81824395
1.0814265
1.0611537
1.0793358
1.3090357
1
1
0.69024661
0.85944443
0.50839152
1
0.58675351
1.4738481
0.74879992
1
1
1
1.1900548
0.82187746
1
1
0.99489882
0.91768456
1
1
1.0414684
0.98578256
1
1
1.2313505
0.977885
1
0.9996109
1.8844962
1.1841158
0.99987246
1
1.3165396
0.95705099
0.91296523
1.1860047
1.0715384
1.1874144
0.97119647
1.0496051
1.3154631
0.9065627
0.8465787
0.82040128
1.0553456
0.39616291
0.66861704
1.0889769
0.98962828
0.82735315
0.87424699
0.92212358
1.4709771
0.78188283
0.99872141
0.89432626
1.2084669
0.88897544
0.99915934
0.93256243
0.86168841
0.89676601
0.98026018
1.0578773
1.0784484
1.1804752
0.8430952
1
1
1
0.96336815
1.243172
1
1
0.99456779
0.97259038
1
1
1.3348841
0.99065542
1
1
0.99940831
0.99181706
1
0.96725516
1.0089823
0.69812497
1
0.99393174
0.99274845
1.0135802
1
1.1504486
0.90543215
0.90767359
0.99814101
0.90076635
0.97807719
0.90420648
0.66854991
1.4915386
0.86858316
0.91970776
0.96379667
1.3306619
0.84409187
1.0202168
1
1.0943861
0.92716681
0.67714183
0.99885748
1.1892581
1.2459851
1.0999695
1
1.4004914
0.99940103
1.3891574
1
0.97465358
0.95322827
0.92889018
0.81014529
1
1
1
1
0.71250577
1
1
0.96130127
1.242511
1
1
0.91699752
1
1
1
1.0559592
0.99833327
0.97353554
1
0.8293577
0.99664403
0.99297674
1
0.61160554
0.9694058
0.83441851
1
1.2376798
1
0.9749255
1
0.7488486
0.96453452
0.57777148
0.97644262
1.5223705
0.84807836
1.1323022
1
1.0003351
0.9346272
0.91887399
1
0.77911273
0.83384935
0.78551328
0.99977059
1.8424219
1.0436433
1.1014213
1
0.99031891
0.89253604
0.72596879
1
0.69538473
0.97832729
0.69844742
1
1
1
0.86495186
1.2147234
1
1
1.1954018
0.98452416
0.99942473
1
0.68599545
1
1
1
1.089669
0.99566141
0.99939319
0.99993256
1.4694925
0.99601109
0.99993423
1
1.1748804
0.99956612
0.94204459
1
1.0940507
1
1.191962
0.98804795
1.2841923
0.89565209
0.54218188
1.0272314
0.94113
0.56583304
1.1490383
0.9996852
1.6339207
0.87055461
0.87344043
0.9569685
1.0042642
0.85050737
0.86048018
0.96516585
0.83784174
0.93900728
0.94407236
0.98246892
1.2137278
0.99316355
1.3540775
0.99558758
1.2891996
0.97984701
1.0094534
1
1
1
0.97790546
1.4316183
1
1
1
1.0377921
1
1
1.6103783
1
1
1
1.1355569
1
1
0.97830534
0.99616572
0.99996331
1
1
0.98482394
1
1
1
1.0376999
1
0.99650067
0.93749779
0.9642581
0.95948847
0.75607542
0.86158652
0.97330107
1.3755145
1.1404378
0.83983704
1.4855639
0.97910369
0.96709002
0.98772062
1.4432684
0.84201474
0.98285348
0.89797416
1.4145883
1.0324669
0.9997238
1.1200386
1.1583591
0.93835624
0.99996121
1.0967568
0.98825461
0.98289392
1.0715474
1
1
1
1
0.99915774
1
1
1
1
1
1
0.9412107
1
1
1
1
1
0.86756462
1
0.90849324
0.99792915
0.97540535
1
1.1255085
1
0.64957509
1
0.93802813
1
0.84399676
1
1.0032941
0.9998885
0.37864814
1.101024
1.9371926
0.6593631
0.79644217
1
0.85797073
1.1152681
1.2160511
1
1.2711473
1.0050369
1.1512323
1
1.6551392
0.99962392
0.99276163
1
1.5250527
0.94379371
0.82718161
1
0.76328412
0.9989895
0.73660662
1
1
1
0.97470993
0.99247558
1
1
0.97611607
0.99964925
0.9997596
1
1.0677822
1
1
1
0.99229616
1
0.99830667
1
0.99553067
0.99986392
1
1
0.99193415
0.99998663
0.99522407
1
0.98328482
1
0.93048456
1
1.1079946
0.99989251
0.76284444
0.84176348
1.8634756
1.5444229
0.9125257
1
1.0006204
0.99706473
0.89638349
0.99330272
1.0445012
0.95172461
0.96512253
0.998299
1.2440953
0.99994507
0.99972171
0.99999929
0.99636069
1
0.99967596
0.99979354
0.99832116
0.99928104
0.99322018
1
1
1
0.97397603
1.1021208
1
1
0.97885953
0.99988547
1
1
1.4631663
0.99591049
1
1
0.99999478
1
1
1
1
0.99997499
1
1
1
1
1
1
1
1
0.98397546
0.99890744
0.98415728
1.0667804
1.1643272
0.66086705
3.6116465
1.4187732
1
1.2107365
0.99082532
1.2182052
0.98549297
1.5053981
1.2189624
1.1981979
0.99235456
1.0304251
1.2389973
0.96441633
1
1
0.9996595
0.99596671
1
0.99987666
1
0.99994145
1
1
1
1
1
0.99847327
1
1
1
0.99916879
1
1
1
0.99689719
1
1
1.9553258
0.99935705
0.99985959
1
1.0056511
0.82321521
1
1
1.0898654
0.97425545
1.1835107
0.89471788
0.97489193
0.93722913
1.0222778
1.176051
1.4480408
0.73181204
0.94122808
1.0849689
1.0595395
1.6474277
1.5025294
1
0.78328151
1
0.99777394
0.97618956
1.3847876
1.0022121
0.99822541
0.99752797
0.99239946
1.5953475
1
1
0.90681699
0.97633564
1.1281843
1
1.0372117
1.1979576
1.0814961
1
1
1
0.98099932
0.93417831
1
1
0.99862279
0.98762053
1
1
0.99721906
1.0693608
1
1
0.95436497
0.98952947
1
0.90940127
1.037309
0.97031808
0.99968705
0.99995661
0.98610252
0.82572265
0.9721933
0.4555065
0.87911736
0.51712236
0.93621277
0.98998688
0.8668517
0.83171555
0.99200164
0.71538426
0.72737303
0.660876
0.98719697
0.99096998
1.09535
0.98650945
0.9035142
0.90816141
1.207195
1.1550021
0.99651841
1.0125513
0.98681302
0.84285147
0.99988491
0.985645
0.99537615
0.9434304
0.97566116
0.99560172
1.2035367
0.9808294
0.97726351
1
1
1
0.85628768
1.2412735
1
1
0.99404123
0.99997368
1
1
0.99992597
0.99712596
1
1
1.7163801
0.99751994
1
1.5664579
0.99249625
0.94868619
1
0.95869129
0.96767731
1.118205
1
0.92250545
1.0575766
0.92571352
1
0.70635049
0.90711237
0.84750916
0.88892155
1.1309406
0.90371716
1.8077778
0.99634715
1.1475105
0.97929931
1.185219
0.99993321
0.81203595
0.97519469
0.67660433
1
1.0926679
1.247234
1.3070596
1
1.2387623
0.99983626
0.93432216
0.9988291
1.0510427
1.1394166
1.0340572
1.2683998
1
1
1
0.96957242
1.1153708
1
1
0.95579206
0.98502513
1
1
1
1
1
1
0.93388284
1
0.95497866
1
0.8913574
0.96202153
1
1
0.90931365
1
0.99298397
1
0.84437637
1
0.7729341
0.99811359
1.3158501
1.1546349
0.79383379
1.4865344
0.63433787
1.3925519
0.81157634
1
0.72738082
1.0027914
1.103533
0.99277513
0.82487033
0.92668845
0.94160579
0.99770482
0.87909077
0.92540016
1
1
0.90836382
0.99810741
1.0655492
1
0.94234038
0.99982152
1.0040084
1
1
1
0.98815003
0.97187774
1
1
0.99309242
0.99744543
1
1
0.97876739
0.97142979
1
1
1.1011616
0.99204068
0.9996116
0.96750773
1.2156106
0.99173409
0.9999246
1
0.99070117
0.99997162
0.98115158
1
0.78198743
1
0.93509517
0.99954949
0.7902702
1.1255465
0.8232181
0.58045381
0.73388608
0.51762215
1.0192198
0.99860823
1.0054541
0.94367252
0.91086917
0.95148389
0.87893974
1.0057009
1.194447
1.0554798
0.81100901
1.3698118
0.99985486
0.98832638
0.9988607
0.99818601
0.96058192
0.99958309
1.1524271
0.99796811
0.8646692
1
1
1
0.84515258
0.8765565
1
1
0.99977992
1.096924
1
1
0.99591846
0.99999029
1
1
0.82563989
1
1
1.0220833
0.99995638
0.99998834
1
1
1
0.99923587
1
1
1.2869873
1
0.93308888
1.0581686
1.1380968
1.0661518
1.8197671
1.3993022
1.0714107
2.2326928
1.1943608
0.72889509
0.91942382
1.217471
0.99996489
1.0365461
0.76240078
1.1204346
1.0257227
1.0299032
2.1150584
0.88683976
1
1.0417437
0.99826933
0.9477516
0.99999964
0.98854929
0.99298989
0.99584374
0.98071484
1
1
1
0.99314572
0.996233
1
1
1
1
1
1
1
1
1
1
0.84431084
0.99907081
1.0810498
1
0.98513377
0.99972646
0.90047619
1
0.99646757
1
0.9995779
1
0.97011532
1
0.99956563
1
1.1009796
1
0.57394031
1
1.6114903
1.1297649
0.84771352
1
0.6650779
1
0.99435311
1
1.2588251
1
1.1449101
1
0.96328112
1
1
1
0.91735766
0.99998513
1.0983601
1
0.84261541
0.99999611
1.0626243
1
1
1
0.99551847
0.9952255
1
1
1
0.99998537
1
1
0.99933221
0.99937183
1
1
0.87601172
1
1
1
0.99847406
0.99991365
1
1
0.99862234
1
0.93307948
1
1.186865
1
0.90834901
0.99996737
0.98727553
0.99944397
0.66800627
0.96069665
0.68519051
1.1430897
0.99972819
0.99880714
0.9566677
0.99551056
1.0624851
0.89786298
0.96467821
1.1869498
0.90731269
0.99955018
1.1417538
0.99728833
0.99999511
0.9974364
0.99742837
0.99908739
0.99999485
1
0.98265172
0.99999918
0.98545376
1
1
1
0.98556233
0.99388059
1
1
0.9993337
0.99999972
1
1
0.98577576
0.99905161
1
1
1.3327999
1
1
0.99999241
1
0.99999034
1
1
1
1
1
1
1.0761173
1
0.94364846
0.93824322
1.3249205
1.3685003
1.1838611
1.036025
0.78374059
2.0289395
0.88768919
0.96068786
0.99151775
0.97713536
1
1.0542057
1.1762077
1.109319
0.96258148
0.87465855
2.0042338
0.99025741
1
0.99994444
1.0820543
0.98174468
0.9999983
0.99993398
1
0.99987571
0.9988439
1
1
1
0.98209018
0.92671819
1
1
0.99985964
0.93074625
1
1
1
1.0124767
1
1
0.95771576
0.98472496
0.81285721
1
2.1181151
1.0707225
0.92781995
0.99895372
1.1623681
0.72042084
1.3370647
0.95780552
0.96120716
1.5604817
1.0399428
0.90929458
0.91971324
1.6518023
0.94485169
3.3077428
0.80485442
2.4875044
0.57166152
1
0.85669756
1.229412
0.75215443
1.1398716
1.1519184
1.0133612
0.90757192
0.83440299
0.7606562
1.4702294
0.99523582
0.98978094
1.0560063
0.84194646
0.8568838
1
0.71416433
1.1146823
1.2187692
1
1
1
0.99035432
1.0503913
1
1
0.99959874
0.97425372
1
1
0.99077645
1.0545021
1
1
0.98577041
1.3761008
0.94827763
0.99763591
0.8422436
1.0773934
0.99874948
0.99287293
0.94378678
0.96373436
0.83465521
0.63965909
0.7255246
0.53212665
1.0287262
0.83684419
1.1304451
1.0159697
1.030919
0.93824077
0.809313
0.98576287
1.030395
1.072007
0.8483105
0.79075786
0.98672109
0.91787136
0.78453217
0.85401823
1.1572865
0.9344487
1.1891239
0.69605111
0.99940692
0.97807332
0.93635976
1.1226615
0.9973434
0.99072364
1.11693
0.99030121
1.3168113
1
1
1
0.9049994
1.8128294
1
1
0.9975554
1.0851169
1
1
0.9821959
0.99573054
1
1
0.894126
0.76639818
1.1931465
1.2398823
2.5692403
0.81815539
1
0.98179052
0.93491783
0.99750671
0.70466696
0.72127577
0.83336664
0.80279609
1.18754
0.75561411
1.0874661
1.3316039
1.5838461
2.2671954
1.3088924
2.1538848
1.0320135
1.2072109
0.89429286
1.013068
1.5614758
1.217456
1.0905032
1.3258394
1.2015507
1.237752
1.0152688
1.2036491
1
0.90964749
1.1607793
1.3384787
1.2153423
0.95741976
1.263224
1.2498743
1.7352712
1
1
1
0.97797967
1.5994207
1
1
1
0.99394084
1
1
0.9998753
1.1439448
1
1
0.93222782
0.99102317
0.91721762
0.99999513
1.5387278
0.99614124
1.1121726
1
0.98617698
0.99748137
1.0869078
1
1.5293826
1
0.56314207
1.1779347
1.3157029
0.98098498
0.49664977
1.3048164
0.55122997
4.5075657
0.38013979
0.99727238
0.5380996
0.93772691
1.4676663
1.0115961
1.2644914
0.90463187
0.68611174
0.98721627
1.2089299
0.98569862
0.99964804
0.99948085
1.0238563
0.99804702
1.1874106
1
1.211654
1.2278891
1.0341514
1
1
1
0.94978864
1.0007956
1
1
0.99928126
0.98628369
1
1
0.99768018
0.96439088
1
1
0.99215608
0.97147036
0.92512096
0.99969631
0.87245858
0.9941484
0.99960078
0.99999852
0.99228638
0.99511118
0.85885172
1
0.82012785
1
0.93706557
0.88139826
0.90231524
0.92073511
0.85715019
1.2165643
0.49912978
0.75225376
0.86423592
0.97014703
0.89566485
0.94890604
1.2749929
0.89610825
0.92426166
1.0249643
0.95919916
0.90129466
0.72720623
0.81672429
0.9941516
0.99036188
0.95657301
0.99192387
0.90558082
1.221886
1.1011119
0.99519157
0.63990053
1
1
1
0.9242721
2.4562158
1
1
0.99983027
1.4591615
1
1
0.9891827
1.1676321
1
1
0.94004126
0.98734167
1.039821
0.99958281
1.1186257
0.93738155
1
0.99999835
0.99964311
0.99925104
1.1101307
1
1.1933869
1
1.2558237
0.654812
0.84096368
1.2538638
1.3714626
1.8389951
1.43513
2.5806703
1.1401566
1.0227905
0.94795127
1.2323182
1.6451901
1.1593272
1.9160404
0.78837588
1.7350756
1.6373042
1.2843125
1.255732
1.0515655
1.5510756
1.326634
0.87860972
0.95970529
0.99939199
1.0580624
0.99024263
1.1705191
1
1
1
0.99604874
0.99067337
1
1
1
1
1
1
1
0.99529625
1
1
0.99500412
0.99988747
1.3845082
1
1.2282258
0.99957771
1
1
0.96556409
0.9993438
1.4155092
1
1.0113258
1
0.84379546
1
0.92038171
0.99642238
0.34187528
1.1142221
1.2272396
4.0276997
0.58989618
1
1.3468809
0.99915994
1.806409
0.99696979
0.93160091
1.0949552
1.4097447
1
0.58814882
0.99384765
0.98380006
1
0.97460692
0.99381418
0.99541953
1
0.93264898
0.99789554
0.81568977
1
1
1
0.99191533
0.88645422
1
1
0.99962966
0.99725406
1
1
0.99764632
0.99772364
1
1
0.99900854
0.99984584
1.4344436
0.99965777
1.0072158
0.9975094
0.99895072
1
0.9991742
0.99998968
0.8858781
1
0.89866028
1
0.84506896
0.99997868
0.98034625
0.99768849
0.47787634
0.96216689
0.85109672
1.1366774
0.92278983
0.99920698
0.94457097
0.98635576
0.97862912
0.99006934
0.9892692
0.94825111
0.95246366
0.99408893
1.0101344
0.97506667
0.9994914
0.99996693
0.9956621
0.99969375
0.98698174
0.99991216
1.0840197
0.99981413
1.0307592
1
1
1
0.94413973
1.0400743
1
1
0.99320881
0.99788088
1
1
0.94058159
0.99400503
1
1
0.99994314
0.99811121
1.4121601
1
1.0217716
0.99994724
0.99968074
1
1.0805761
0.99904206
0.91713154
1
0.99871115
1
0.93106046
0.93065645
0.88781447
0.98324392
1.8661924
1.3904883
1.1174939
3.3885511
0.96608629
1.16947
1.0930502
0.97567351
2.3536888
1.0865086
0.93206368
0.93025179
0.92941814
0.99093463
1.0862408
1.110597
0.96456929
0.99996288
1.1336537
0.99866854
0.9673246
0.99992763
0.99813894
0.99566111
0.99713173
1
1
1
1.1851307
1.2126619
1
1
1
1.2068806
1
1
0.98008852
1.1752609
1
1
0.98412721
0.89121279
1.0847764
0.98740503
0.88153869
0.63015324
1.2641757
0.99968693
0.90524638
1.3369968
0.89210992
0.9726934
1.0664804
0.61637529
1.2906122
1.4368148
0.89334311
0.85406584
1.5036432
6.3547462
1.23087
3.8932991
0.90326324
0.94344221
1.1315784
1.3664036
0.99843025
0.92569299
1.0766669
0.85916949
0.9437061
0.75971222
0.93322682
0.49022887
0.99926965
0.86685188
1.1288675
0.68812619
0.95120791
1
1.8062085
1.0288044
1.3611338
1
1
1
0.98866032
0.86481903
1
1
0.999245
0.97795905
1
1
0.99617032
1.0197974
1
1
0.99865526
0.83628998
0.99884775
0.98377794
0.98260694
0.7639314
1.1021053
0.9979727
0.52011566
1.2408043
0.92446586
0.46203321
0.93285639
0.43381345
0.96330795
0.96059064
0.96826106
0.95427499
1.1972417
0.85105566
0.99096307
1.0414828
0.98595142
0.99955384
0.96149492
0.9803626
0.98621679
0.9421601
0.93864147
0.8701349
0.94845969
0.97615819
0.96807558
0.84343262
0.99947268
1.0780032
0.97396248
1.0733244
0.92995693
0.97957844
0.65783245
0.83177314
1.2171616
1
1
1
1.1566268
1.8685048
1
1
0.99868013
0.99703738
1
1
0.90986206
0.99786204
1
1
0.99338513
0.99424971
1
0.97217153
1.11989
0.97069937
0.91967948
0.99987683
1.3476507
0.98159657
0.7976197
0.43145964
1.0469001
0.44733914
1.011368
0.9871188
0.98128114
1.2377143
0.78436951
1.4327967
1.0350475
1.5309266
0.95128025
0.9674443
1.1853618
0.96880563
1.070573
0.78177632
1.1342513
1.0936411
0.99185738
1.089214
1.193872
0.79326569
0.99957522
1.1794709
0.88154615
1.1851706
0.98976114
0.98027742
0.91960749
0.98463173
0.89067448
1
1
1
1.172064
0.89765649
1
1
0.98031001
0.99863299
1
1
0.87101321
0.98957014
1
1
0.95938712
0.99999801
1
0.99989716
0.93859103
0.99968059
1.0337437
1
0.95422994
0.99923064
1.020371
1
1.1088167
1
1.2291646
0.9532084
0.79184986
0.99639905
1.2404341
2.276475
0.86382051
3.775486
1.0733944
0.99886885
1.041475
0.99681969
0.96215536
1.19641
1.6839114
0.95506936
1.2185909
0.94608644
0.80753739
0.96280867
0.9990739
1.2212618
0.87777959
1.154031
1.4101179
1
0.96523109
0.99612342
1.163302
1
1
1
0.93468863
1.2823209
1
1
0.9995028
0.99309716
1
1
0.98541435
0.98911574
1
1
0.99973792
0.99916905
1.1390577
0.99902376
0.99756893
0.99560584
0.96734495
0.99999891
0.79401063
0.99960943
0.95416323
1
0.89336139
1
0.99090466
0.98400364
1.0510387
0.96115388
0.86102706
0.90550354
0.79317836
0.95123881
0.97500948
0.99902366
0.97344964
0.97514597
0.88682353
0.94697888
1.400464
1.2474776
0.88880108
0.84715082
0.92669417
1.1038892
0.96204082
0.95778096
0.98784944
0.98370998
0.9169486
0.99993512
0.66495934
0.99980681
0.87934975
1
1
1
0.99072801
1.385626
1
1
0.98889278
0.99436034
1
1
0.98922676
0.99946191
1
1
0.99728133
0.99843995
0.8668473
0.98522857
0.98522269
0.98528082
0.80109751
1
0.96555495
0.99071255
0.85511376
1
1.1472854
1
0.85114411
0.9575253
1.3338674
0.8799118
1.1031235
1.3910664
0.9651236
1.4941202
0.99422058
1.3457353
0.96141822
1.1139383
0.94319644
1.0940712
0.58859389
0.98385831
1.0299046
0.68039098
1.1655254
0.92235363
1.1809551
0.90314285
1.2712967
1.1238509
1.2647838
0.99651291
0.91657484
0.99902401
1.7943072
1
1
1
0.99875531
0.99857123
1
1
1
0.99612381
1
1
0.94572256
0.99978709
1
1
1
0.99997921
1
1
0.99737318
0.99996991
0.97763974
1
1.1008918
0.99999855
0.99417417
1
0.98989742
1
1.1188894
1
1.1220813
0.99974861
0.94409105
1.0528636
0.83297333
1.6217503
0.89409316
1
0.9907899
0.99692544
0.91074017
0.99826575
1.4685579
0.99916697
1.1112591
1
1.0380189
0.99943491
0.99860616
1
0.95476292
0.99881978
0.90908715
1
1.0828888
1
1.2071784
1
1
1
0.99424948
0.99264722
1
1
1
0.99992934
1
1
0.99941039
0.99938023
1
1
0.99989512
0.99999241
0.99880555
0.99993092
0.99818854
0.99858016
0.88851511
1
0.89477182
1
0.97439328
1
0.91018494
1
0.86015423
0.99959316
0.99660872
0.99962891
0.74868969
0.89504916
0.76289996
0.84138746
0.99680539
0.99965004
0.99280182
1.0309886
1.0418407
0.99096185
1.0597427
0.98819212
0.97913822
0.99864373
0.98715899
0.99589354
0.99349311
0.99681503
0.99252133
0.99907935
1.123625
0.99996707
0.66700191
0.99998513
0.97342523
1
1
1
1.1904606
0.99248177
1
1
0.99809679
0.99991326
1
1
0.9979294
0.99959929
1
1
0.99598513
0.99999691
0.99838893
0.99936038
1.010159
0.99999236
0.95208684
1
0.98363141
1
0.96949947
1
0.95061527
1
1.160073
0.99184635
0.91709766
0.99780423
0.63531802
1.4648785
0.90278486
2.3133504
0.99455507
0.9882252
0.95760213
0.99789162
1.1160299
1.2067039
1.2648713
0.94049108
1.0057124
1.2679675
0.81090984
0.980871
0.99379934
0.99777298
1.1822267
0.84311988
1.0354172
0.99934893
0.95777352
0.99992998
1.0080524
1
1
1
1
1
1
1
1
1
1
1
1
1
1
1
1
1
1
1
1
1
1
1
1
1
1
1
1
1
1
1
1
1
1
1
1
1
1
1
1
1
1
1
1
1
1
1
1
1
1
1
1
1
1
1
1
1
1
1
1
1
1
1
1
1
1
1
1
1
1
1
1
1
1
1
1
1
1
1
1
1
1
1
1
1
1
1
1
1
1
1
1
1
1
1
1
1
1
1
1
1
1
1
1
1
1
1
1
1
1
1
1
1
1
1
1
1
1
1
1
1
1
1
1
1
1
1
1
1
1
1
1
1
1
1
1
1
1
1
1
1
1
1
1
1
1
1
1
1
1
1
1
1
1
1
1
1
1
1
1
1
1
1
1
1
1
1
1
1
1
1
1
1
1
1
1
1
1
1
1
1
1
1
1
1
1
1
1
1
1
1
1
1
1
1
1
1
1
1
1
1
1
1
1
1
1
1
1
1
1
1
1
1
1
1
1
1
1
1
1
1
1
1
1
1
1
1
1
1
1
1
1
1
1
1
1
1
1
1
1
1
1
1
1
1
1
1
1
1
1
1
1
1
1
1
1
1
1
1
1
1
1
1
1
1
1
1
1
1
1
1
1
1
1
1
1
1
1
1
1
1
1
1
1
1
1
1
1
1
1
1
1
1
1
1
1
1
1
1
1
1
1
1
1
1
1
1
1
1
1
1
1
1
1
1
1
1
1
1
1
1
1
1
1
1
1
1
1
1
1
1
1
1
1
1
1
1
1
1
1
1
1
1
1
1
1
1
1
1
1
1
1
1
1
1
1
1
1
1
1
1
1
1
1
1
1
1
1
1
1
1
1
1
1
1
1
1
1
1
1
1
1
1
1
1
1
1
1
1
1
1
1
1
1
1
1
1
1
1
1
1
1
1
1
1
1
1
1
1
1
1
1
1
1
1
1
1
1
1
1
1
1
1
1
1
1
1
1
1
1
1
1
1
1
1
1
1
1
1
1
1
1
1
1
1
1
1
1
1
1
1
1
1
1
1
1
1
1
1
1
1
1
1
1
1
1
1
1
1
1
1
1
1
1
1
1
1
1
1
1
1
1
1
1
1
1
1
1
1
1
1
1
1
1
1
1
1
1
1
1
1
1
1
1
1
1
1
1
1
1
1
1
1
1
1
1
1
1
1
1
1
1
1
1
1
0.999136
0.83484611
1
1
1
0.96116112
1
1
0.96199902
0.85623214
1
1
0.98413213
1.1440079
0.99971797
0.9985196
1.2406857
0.93185184
0.82035255
0.99700474
0.92585947
0.85130341
1.725672
1.0071099
1.0379713
1.1204242
1.2896832
0.94073705
2.8451653
1.5374147
0.58335439
1.0353212
1.025371
1.6373077
0.25741334
0.99545365
0.82632052
1.1445349
0.9238985
0.9358094
1.2417157
0.77347462
0.83962973
1.0644882
0.95478914
0.81884692
0.93355499
0.98102745
0.96813283
0.80727364
1.3422651
0.99998792
0.92825447
0.88649396
1.163511
1
1
1
0.86400613
0.85352624
1
1
0.97648177
0.89886713
1
1
0.94850078
0.89055588
1
1
0.75216099
1.0017245
1.2039065
0.87000518
1.3838619
0.71695365
0.97869331
0.97574839
1.4769098
0.96191577
0.60405656
0.93027434
1.0018372
1.874868
0.40378516
0.8126757
0.65299055
0.74114745
0.58044812
0.68353076
0.42777535
0.47120043
1.0854169
0.83816208
1.2006459
0.85841816
0.91257599
0.89462141
0.54257254
0.81158315
0.78378094
0.87674049
0.76778937
0.65721091
0.97235157
0.83549261
1.0903535
0.42547315
0.97119285
1.0753831
1.3943106
1.5041867
0.57057041
1
1
1
0.89336039
1.0836735
1
1
0.9899044
0.91763118
1
1
1.0448413
1.1313005
1
1
0.99538241
0.90240283
0.99989721
0.97420431
0.9722717
1.3131965
0.9999176
0.96756933
0.96198582
2.0130531
0.57784975
1.0118039
1.0813436
2.0447679
1.3832549
0.75743544
2.8607835
0.84901739
0.53137138
0.99838394
0.48515601
1.2481347
0.43697636
1.2179722
1.5759656
0.69912181
1.0252403
1.0735436
0.76789327
1.3819914
0.87874653
0.68008616
0.8290928
0.72343552
0.96306246
0.8646141
1.4384558
1.0960589
1.2136816
1.1838045
0.95522314
0.80304234
1.0734981
1
1
1
0.999957
1.0672068
1
1
1
0.99732712
1
1
0.93081124
0.98862961
1
1
0.99172661
0.87762323
0.99685193
0.99972404
0.98742576
0.99966467
0.94371406
1
1.0877194
1.0753235
1.3480169
1
0.81183643
1
0.89879834
0.99916109
3.013236
0.99123054
0.87324301
1.1001959
0.91938841
2.0005127
0.4346939
0.99968031
0.66877931
1.1666603
1.0776147
1
0.99144779
0.85392594
1.1070971
1.1207118
1.5627983
1.3288679
1.0207966
1
1.0000422
0.96549644
1.6691482
1
1.3204383
0.97289197
1.0656899
1
1
1
1.0136578
0.79128106
1
1
0.93400517
1.0430676
1
1
0.81591332
1.0005439
1
1
1.0467138
0.90999086
1.3127742
0.99552178
1.0931573
0.97011919
0.99149223
0.99996796
1.0592464
0.98364399
0.60600692
1
0.66577314
1
0.46362262
0.81516854
0.69641882
0.92253893
0.49549442
0.58345478
0.42837447
0.52721731
0.49939058
0.92265616
0.67204152
0.87206926
0.65126224
0.90922742
0.66289904
0.7887939
0.85206219
0.7175278
1.1100584
0.5344095
0.88594435
0.95834182
1.4753843
0.91109866
1.0846758
0.99837885
1.2884014
0.93237195
0.5682944
1
1
1
1.2076157
1.4891799
1
1
0.99264649
0.97203789
1
1
1.0952275
0.98495189
1
1
1.0967521
0.98318447
1.1859875
1.0869632
1.2085414
0.97880222
0.99923037
0.99997769
1.1808348
0.9986006
0.69533733
1
1.1981905
1
1.553739
0.70747038
1.5351805
1.0144281
0.37460663
1.371885
0.45429264
1.4559747
0.59745701
0.8890192
0.71557405
0.86990449
0.98981074
0.54905855
0.80041223
0.7260079
0.67283839
0.70866551
0.65306341
0.49760716
0.56106448
0.97816844
1.1135191
0.82096433
1.3030146
0.93097129
1.0816202
0.99364863
0.93553369
1
1
1
0.99089269
0.99849042
1
1
1
0.99990237
1
1
0.94846059
0.99997815
1
1
1
0.99999466
1.2993484
1
0.89723239
0.99999679
1
1
0.9539281
1
1.3647167
1
1.0673204
1
1.8271499
0.99999528
1.2557272
1
1.1013006
0.96675526
0.91312512
1.2214886
0.90315206
1
1.0057499
1.0596416
1.0879702
1
0.91479953
0.9832444
1.0929549
1
0.81444084
0.99959414
0.9606988
1
0.97059335
0.99924043
0.98503565
1
1.1977819
0.99999377
0.90543715
1
1
1
0.96148836
0.91734408
1
1
0.99467429
0.9973246
1
1
0.96597878
0.99683626
1
1
0.9855224
0.99905136
0.9167752
0.99999301
0.90895776
0.99462228
1.0282636
1
0.97615865
0.99999428
0.72358274
1
0.92321466
1
0.68945255
0.98315629
0.80705271
0.99852039
0.25291667
0.9922349
0.64809519
1.5168872
0.72927246
0.99327483
0.93454605
1.1565213
0.49955404
0.94276582
0.81209456
0.88484822
0.62584551
0.97991711
0.84937905
1.0067271
0.89889831
0.99520986
0.95634498
0.95096888
1.8015834
0.99994534
0.88118055
0.99163863
0.34485153
1
1
1
0.96667856
1.2425822
1
1
0.99319218
0.99048648
1
1
0.99150004
0.98114492
1
1
0.98791151
0.9952616
1.2527135
0.99971145
1.1944519
0.99935874
0.99681034
1
1
0.999597
0.80756811
1
1.2425409
1
1.2967207
0.82321942
2.7029224
0.97827793
0.39693755
0.83435328
0.61337524
2.1193371
1.1286288
0.85945709
0.93266782
0.9272215
1.3622216
0.9727424
0.90215758
1.1010463
0.4330081
0.77064377
0.97892443
1.0266118
0.58507637
0.9988997
0.98160576
0.97427636
0.90391974
0.98603007
1.2901291
0.88715759
0.68919995
1
1
1
0.98047115
1.3043033
1
1
1
1.1037407
1
1
1
1.1862536
1
1
0.99677423
0.98588278
0.97871643
1
1.1745917
1.229622
1.1418617
0.98188641
1.7729021
1.4007596
1.4815272
1
0.85936707
0.975877
1.3616376
1.0253446
1.2487124
1.8983966
1.2212499
1.2517621
2.2075001
2.5462564
1.7446608
1
1.6136582
1.1235749
0.95104611
0.97440458
0.94001591
1.340065
1.2222285
1.3603933
1.3891088
1.5723221
0.97790606
0.99794996
1.0561495
1.1872975
13.077272
0.99880669
3.3288676
1.0921663
1.0767639
1
1
1
2.4099339
1.4830921
1
1
2.7113433
2.0688725
1
1
3.8175261
2.1052609
1
1
4.1734925
1.5215177
35.408872
1.1675527
19.126317
1.768751
51.530457
1.2654043
29.307635
0.57089782
2.2066803
0.82168533
2.458006
1.1281952
27.801921
1.3771517
28.713924
1.9234971
1.1946209
0.81893806
0.60446215
2.319255
6.583121
0.81232096
4.6787814
4.5066451
5.6218347
2.969465
2.8564336
3.4560079
22.862279
1.7498569
14.408285
2.1873593
11.700346
1.2075138
17.464331
2.1004689
72.616057
0.83853197
42.32055
0.74053809
2.1655547
1
1
1
3.3815619
1.4142601
1
1
1.140887
0.9541961
1
1
1.092773
1.7910586
1
1
0.98973316
1.042335
0.96158605
1.0634466
1.3976427
1.6912068
1.2211636
1.1573753
0.9738354
0.44084398
0.37241628
0.63001742
0.95804386
1.6196301
1.4252871
1.562041
2.6979339
1.6723584
2.4785463
0.79002028
1.3883572
1.6886621
2.1569756
1.1851318
1.12589
3.1198246
1.6631699
1.4908094
1.4860407
1.8402592
1.6620269
2.0208346
2.6638533
1.6890835
0.91798547
1.0762471
1.1423889
1.4141348
2.9694253
0.70909356
1.1473432
0.66763039
1.4323517
1
1
1
1
0.97323958
1
1
1
0.99989712
1
1
0.99824351
1.1511772
1
1
1
0.98953307
1
1
0.99950115
0.99703914
0.99055245
1
1
1.0497505
1.3556191
1
1
1
2.042914
0.99965571
1.0290424
0.86945131
1.8867814
1.1171241
1.469224
2.3356741
1.5894578
1
1.5133857
0.9928428
1.3512563
1
1.0824137
1.0288566
1.7086476
0.97330467
1.7706549
0.97095673
0.96382726
1
1.123053
1.1930589
7.1830028
1
1.4518525
0.85451193
1.8673727
1
1
1
2.005395
1.7963102
1
1
2.7270525
2.2567137
0.99049562
1
1.2242061
1.339641
1
1
1.5899092
2.5177831
19.482102
0.98630321
18.114393
2.0805914
21.856415
0.99901475
10.813361
0.70055024
2.6190125
1
3.2388111
1
20.056547
0.85988152
9.5727772
3.2848605
1.4426675
2.8786628
1.3836471
4.6202453
3.1106059
1.3743281
1.5288475
2.2717625
7.2892531
5.3183794
2.1001344
3.2199333
11.136406
1.8598605
4.0926807
2.137323
6.121323
1.7903328
5.9598883
4.194744
49.954308
0.88764858
17.754074
1.3700063
2.8294401
1
1
1
1.6765759
1.3653219
1
1
1.6256189
1.8914974
1
1
1.9188234
1.3014759
1
1
1.5161556
1.4744796
2.0580924
0.99677242
2.5167867
1.2695026
1.0912351
0.99993392
1.2072335
0.87449436
0.6978525
1
1
1
16.931316
1.2157052
6.1205705
1.5597574
4.7690054
2.7445318
1.5036374
2.7595806
2.881767
1.1851839
1.6596753
2.3540862
5.4963772
7.2098606
2.0667434
2.585863
16.27002
2.1835887
5.0754266
2.0791683
4.0845484
1.6088391
2.1298357
1.7160102
6.7734195
0.96342567
3.8476202
0.97778366
1.576796
1
1
1
1
0.99411718
1
1
1
1
1
1
1
0.9915568
1
1
1
0.99591017
1
1
0.95798457
1
1
1
1
1
1.1190839
1
1
1
1.8395185
1
1
0.99363711
2.1389169
1
1.7548013
1.120733
1.0553866
1
1.034521
0.97875745
1.2494939
1
0.99056469
0.98744645
1.3964805
1
0.94643664
1
1
1
1
1
1.7718522
1
1.0304757
1
1.0613357
1
1
1
1.836099
1.3111046
1
1
1.3768001
1.0154163
1
1
1.1348922
0.8356178
1
1
1.3095841
0.96709944
16.380413
0.99976894
2.333259
0.99433573
5.150096
1
1.8677835
0.99346264
1.8621017
1
3.1889338
1
12.603515
0.98977043
4.1135412
1.8152199
1.4628618
4.9397808
1.464152
5.1825371
2.3363639
0.99044037
1.0033949
1.3495131
4.9639924
1.8857469
1.5259275
2.6946909
8.8897237
1.2414806
2.842095
1.3823251
3.3777127
0.99756551
1.3993605
1.2348662
23.163346
0.99827539
3.6050214
0.98958953
2.20123
1
1
1
1.9749635
0.98712758
1
1
1.1577333
0.82928008
1
1
1.4231063
0.85665406
1
1
1.7622208
0.91739243
1.9197719
0.99984916
0.9899076
1.1555549
0.98716517
1
1
0.99161031
0.77855925
1
1
1
10.251035
0.95954419
2.9521078
1.2166673
6.6776262
2.0437202
1.8385241
3.1996687
2.45118
1.3187208
1.483083
2.0191673
4.976979
5.1063541
1.3212225
1.1567293
10.352054
1.3906294
3.2675635
1.9316051
5.2613061
0.99749687
1.5109265
2.0459043
9.6303869
0.99848402
1.1845796
1.1811826
1.4180993
1
1
1
0.98531891
0.97384926
1
1
1
0.99935741
1
1
1.1706422
1
1
1
0.99976607
1
0.99919796
0.9999994
0.98910805
0.994334
0.99270482
0.99956852
0.95123202
1.191194
0.92431762
1
1
0.99596718
0.99700302
0.99222258
0.98072424
0.92332365
0.88241059
0.75478669
0.84600026
1.1009332
1.0093258
0.99838456
2.4598176
0.93987986
0.99459857
1
0.99240321
0.91066489
0.99162212
0.95948093
1.2111789
0.84181031
1
1
0.98965613
0.99621981
0.97218732
1
0.66504041
0.99845626
0.91867917
1
1
1
1.138972
1.0034953
1
1
0.98986694
1.0585049
1
1
1.5457915
1.066168
1
1
1.9473194
0.92058621
1.3123299
0.99972545
4.1838253
0.78113182
2.2341663
0.99990649
6.4965315
0.90942881
0.56402829
0.92500305
0.66992541
0.88142876
7.0840505
0.96822514
6.0403068
0.99780042
0.6801963
0.55334985
1.0507145
0.39098964
0.63385881
0.99559262
0.728269
0.86568082
1.4719464
0.92884948
1.0989274
1.0409728
3.0638098
1.1031317
3.5735164
1.3456672
1.2387691
0.97804676
1.4520579
0.90069083
7.8425181
0.99891942
5.3694058
0.97334666
0.53955607
1
1
1
0.99208452
1.185979
1
1
0.99946254
0.97890783
1
1
0.99865489
0.98995153
1
1
0.99512127
0.9892311
0.99864034
0.99595117
0.99759938
1.1311661
0.99991685
0.99947314
0.99977938
1.0550612
0.76320119
0.84422553
1
0.95026034
1.1745309
0.96311288
1.5493707
1.069177
0.75797829
0.40190923
1.300538
0.64000207
0.85197823
0.98307863
1.1209349
1.1162431
0.91218026
0.93611341
0.9914951
0.96578455
0.97451792
0.96104122
0.96303419
1.5255925
0.99818807
0.96652101
0.99794917
1.0901206
0.99455101
0.99815153
0.99986781
1.1350187
0.47441271
1
1
1
1
0.95396192
1
1
1
1
1
1
1
1
1
1
0.98210666
0.99986067
1
0.99949628
0.99817638
1
0.99973655
1
0.97606767
0.99986394
0.81131014
1
1
1
0.96074383
0.99964632
0.93454492
0.99231882
0.89350185
0.99864811
1.0850714
0.5455081
0.73612935
1
0.86216773
1
0.99939287
1
0.98983461
0.90853813
0.98421461
0.99976428
0.97967287
0.99930934
0.99994429
1
0.99310107
1
0.96665225
1
0.80627507
0.99913039
0.99276811
1
1
1
1.0523347
0.84983616
1
1
1.1755381
0.95498599
1
1
0.98465902
0.97114085
1
1
1.1608273
1.15586
2.0428494
0.99999227
3.5822644
1.1210313
1.9750747
0.99998889
1.2377915
0.98578146
0.80302314
1
0.82124708
1
7.0105711
0.99777204
3.4363873
0.91938688
0.22197039
0.98935788
0.62017751
0.95083014
0.51503991
0.98886266
0.43677325
0.99672916
1.1839363
0.98022393
0.7969083
1.4973474
2.9543247
0.93857536
2.0650974
0.98702817
1.9678357
0.98611377
1.5768456
0.86990654
4.0617628
0.99592747
1.9700366
0.91676501
0.75955065
1
1
1
0.97747119
0.87134408
1
1
0.98692604
0.98960847
1
1
0.97510386
0.99304324
1
1
1.1788353
0.99299817
1.9044944
0.99921586
0.97203427
0.99771863
1
1
0.99879829
0.97909717
0.86586388
1
1
1
6.2342121
0.99571821
1.3122359
0.95345862
1.3118867
0.84401177
1.1809746
0.87324939
2.0302744
1.1888101
2.3253251
0.96840523
1.8319067
0.98598487
1.1031753
0.95260105
1.5519594
1.1646285
1.1745097
1.1635419
1.210081
0.99213737
0.98363482
0.98252169
1.2609393
0.9999276
1.0674026
0.99904156
0.75263486
1
1
1
1
1
1
1
1
1
1
1
1
1
1
1
1
1
1
1
0.93524969
1
1
1
1.1691079
1
0.99953155
1
1
1
0.99760408
1
0.98077607
1
0.74047042
1
1.0006181
0.82445791
0.96865369
1
1.1622229
1
1.0884637
1
0.99078658
1
0.98765806
1
0.99922046
0.99995872
1
1
1
1
0.99956978
1
0.9558776
1
0.99129984
1
1
1
0.98512138
0.91592517
1
1
0.99992662
0.99783106
1
1
0.98961109
0.98473994
1
1
0.9983553
0.9979804
1.1737238
0.99998739
1.3710682
0.99931261
1.6297714
1
1.3176131
0.99999066
1.0156106
1
0.94364279
1
2.5675525
1
1.390681
0.99868529
0.30615941
0.97159469
0.99183913
0.80538397
0.79249701
0.99998864
0.70758738
0.98014541
0.8655585
0.99393525
0.80878635
0.9218329
2.3285995
1.1004326
1.2272001
0.98906798
1.1563474
0.99992846
1.2152624
0.99926456
2.4959432
0.99998919
1.3954843
0.99978499
0.6129366
1
1
1
0.986566
0.94713895
1
1
0.99736214
0.99547987
1
1
0.99782815
0.9977066
1
1
0.99993199
0.99325354
1.3150123
0.99998862
0.99898521
0.99945427
1
1
1
0.99999806
0.88628127
1
1
1
2.4010597
0.99953687
0.94629401
1.2083343
0.91249802
0.86059171
1.1174297
1.1071871
5.3703241
0.99904184
1.3449253
0.9955686
1.135423
0.98302441
1.1249536
0.99088545
1.8730635
0.99461752
1.0088005
0.9895379
1.1544825
0.99992607
0.994332
0.99977533
2.0217238
0.99994031
1.2161646
1
1.0100255
1
1
1
0.99596073
0.79223337
1
1
1
1.0798496
1
1
1
0.82092715
1
1
1.1650026
0.83097106
1.0894591
1
0.8023306
1.5429723
1.0509901
1
0.97422924
2.1395836
4.7492503
1
0.69870062
1.0698933
0.67590012
1
1.1563813
0.84527332
0.73254804
1
0.3728689
0.98716381
1.5852045
1
0.64201226
0.72197071
0.79643229
1
0.94710025
0.82961274
5.8083001
1
0.65345242
0.64986121
1.584114
1
0.89351858
1.2007807
0.57679313
1
0.57680665
0.94405838
2.1787095
1
1
1
1.1706348
0.62073603
1
1
1.0697236
0.59273433
1
1
1.0228543
0.60862185
1
1
1.9931695
0.83191242
2.4353518
1
7.5488114
0.63526431
1.8380082
1
4.8563221
0.6833498
1.3915425
1
1.2413245
0.69396116
5.7937886
1
3.1838024
0.931041
0.77492283
1
0.85266954
0.53104034
0.47230248
1
0.36705482
1.1488025
0.94754269
1
1.3492961
1.11186
3.5761531
1
2.2926757
0.56700516
1.6038694
1
2.3306623
0.99642282
7.4634206
1
3.0148263
0.94618695
0.55711696
1
1
1
0.97393216
0.52160601
0.99976972
1
0.99970858
0.97324741
1
1
0.99994976
1.0336262
1
1
1.0786857
0.97406418
1.1529135
1
1.6135095
1.2282849
1.136094
1
0.99538946
0.85773424
1.2636806
1
0.73993654
0.97877305
1.7134877
1
0.86072302
0.59463848
0.69658955
1
1.1586345
0.66419953
1.0767515
1
0.61963293
1.1134513
0.85582823
1
1.0052823
0.84674445
12.908461
1
1.6562308
0.62928039
1.4337395
1
0.75647895
0.88481929
1.0441128
1
1.7219976
1.060683
0.48716557
1
1
1
1
1.1229789
1
1
1
1.1284429
1
1
1
0.81504325
1
1
0.96911168
0.99858707
0.94687933
1
1.154533
0.9944173
0.78524289
1
1.1811962
0.7781805
4.5645718
1
0.62654904
1
1.2465344
1
0.69300211
1.2874735
0.50064899
1
0.8326771
0.6218124
1.1361819
1
0.85181583
0.99266241
1.1130145
1
0.81310138
0.99125038
1.8614535
1
0.83334048
1.2261457
1.146776
1
1.1176851
0.99390039
0.59698942
1
0.80526098
0.90773484
1.117047
1
1
1
0.98671528
0.79766531
1
1
0.99867963
1.3777591
0.99949078
1
1.0798395
0.78652815
1
1
1.1557581
1.2222442
4.3778567
1
5.8166975
0.83722978
4.6771134
1
5.8976915
1.1349279
2.1689545
1
2.1404812
1
4.8995765
1
2.623945
1.0077122
0.35752384
1
0.5966926
0.83275958
0.38018035
1
0.33578212
1.1576994
1.9087477
1
1.0364008
0.72717312
2.8652686
1
1.2579826
1.5015633
2.6163555
1
2.3692229
0.64782321
10.488033
1
4.0579979
1.0960009
0.7751615
1
1
1
1.183988
0.56579199
1
1
0.99721788
0.87892476
1
1
0.99789552
0.87043764
1
1
1.1942716
0.92035607
1.1260369
1
1.1675392
0.96017292
1.196736
1
0.97619017
1.2058785
2.3752844
1
0.82216471
1
7.5280204
1
1.3338259
0.71050299
1.4618778
1
0.85828215
0.91518944
2.6172503
1
1.0562276
0.94429952
2.6492885
1
1.0409099
0.92431042
4.7563663
1
1.5735372
0.65444551
4.1347874
1
0.96405812
0.70534742
1.9699198
1
1.4157434
1.0019006
0.843061
1
1
1
0.99517057
0.93112022
1
1
1
1
1
1
1
0.9837191
1
1
1
0.92992683
0.81771612
1
0.90054892
0.99695612
1.084876
1
1.0931498
0.99992592
1.2101323
1
0.87881837
1
1.2216374
1
1.0271353
0.96910959
0.37117538
1
0.57617229
0.70099929
1.0157955
1
0.63328345
0.97594767
0.62737688
1
1.3238542
0.89761029
1.1703666
1
1.0011639
0.99974388
0.67826944
1
1.0022499
0.99908262
1.1216436
1
0.84523462
0.99982077
1.1454976
1
1
1
0.95654202
1.1507154
1
1
1
0.95522091
0.9993668
1
0.99993775
0.97689228
1
1
0.98000796
0.98979872
2.7401282
1
7.2341849
0.99851948
2.8832206
1
3.3190282
0.99927695
2.1862727
1
2.1800026
1
3.4642414
1
1.3536861
0.97897017
0.2534454
1
0.56116933
0.77601192
0.32627454
1
0.56871155
1.0253731
0.87705145
1
0.94236649
0.73693933
1.5350316
1
0.96070097
1.1432865
1.4700017
1
0.87600565
0.99047604
4.2802003
1
2.1353448
0.94701763
0.67715337
1
1
1
0.98687996
1.5344372
1
1
1
0.96081975
1
1
1
1.1942063
1
1
0.99999114
0.99127471
0.99200341
1
1.1262081
0.99775965
0.97599337
1
1
0.99936252
1.85038
1
1.0403931
1
2.6454563
1
1.1552494
0.98095072
0.89966263
1
0.98775009
0.93777132
2.3410594
1
0.53279923
0.95808899
1.527304
1
0.81787895
0.95015102
2.0138775
1
1.2877274
1.546473
1.495173
1
1.0285697
0.99709901
1.8823368
1
1.3203254
0.99974671
1.0261089
1
1
1
0.99510354
1.2411693
1
1
1
1.0904825
1
1
0.91980758
1.1405577
1
1
1
0.9931613
0.990254
0.99958921
0.96378882
1.0192937
1.1919395
0.99827478
0.90663368
1.0788679
1.7572362
0.99215098
1.1121312
0.98281793
1.0305039
0.98167596
0.85505227
1.3379109
0.94458056
0.65410138
0.95951718
1.339693
15.551759
0.98520155
0.79128258
1.0427541
1.1120625
1.1657391
1.208264
1.0080897
1.2008214
1.0704317
0.95034306
1.0192854
0.95331872
0.99775182
1.0206638
0.959753
1.3630417
0.99994943
0.8597896
1.2590166
1.6355151
1
1
1
0.9007474
0.78979921
1
1
1.1575548
0.84768287
1
1
0.90341607
0.88262141
1
1
0.86581598
0.93558276
0.92475877
1.1805222
4.1053518
0.88065958
1.3567406
0.9996323
3.6099289
0.81796174
1.0033234
0.82811631
1.3658611
0.88485925
2.5384352
1.0009468
2.3402844
1.2262162
1.043954
0.71426898
0.92914977
0.49161574
1.0137696
1.1036239
1.1503724
1.3385969
0.77619302
0.81291387
0.71603847
0.8201472
0.80080478
1.0530055
1.9735793
0.8087829
0.93087941
1.0220337
0.80437525
0.81119795
4.8392924
1.1928663
2.7942023
0.90350656
0.74089139
1
1
1
1.1844202
1.2534256
0.99985134
1
0.99110003
0.94577776
1
1
0.99070036
1.1198047
1
1
0.99944609
1.0894706
1.0947989
1.0696207
0.92373555
0.97672854
0.99960095
0.99664031
1.1636796
1.1135143
0.80769524
0.74436677
0.95041868
1.0821189
3.8574406
1.1831284
1.0953515
1.9364303
0.78923608
0.61987464
0.97664007
0.7337158
0.72110207
0.92473321
1.5883668
1.2487827
1.097778
0.61466718
0.88565855
1.1435579
1.9970418
1.4258328
2.4987514
1.1778228
1.2478864
0.8385373
0.9952288
1.0432326
1.1998595
1.1447897
1.4427119
1.0101426
1.0703364
1
1
1
0.99958287
1.0879982
1
1
0.99508898
0.99369254
1
1
0.99642393
0.92685104
1
1
1
0.99984133
0.96506839
1.2027005
1.2482727
0.99552854
0.993989
1
0.97162333
0.94099837
3.4340347
1
0.92291149
1
2.1702428
0.99989473
1.1097456
1.1527903
1.065452
0.87649134
0.97886028
1.3680442
2.6129725
1
0.94555357
1.0859524
1.2064998
1
0.86347622
0.89115532
0.89283639
1.1723477
0.83655599
0.95506574
1.0579354
1
1.0488186
0.95019626
3.475041
1
1.0774166
0.97146213
1.1966236
1
1
1
0.87490661
0.88664754
1
1
1.0195503
0.86862821
0.99996488
1
1.1594631
0.87258216
1
1
0.77879429
0.98001066
1.4299396
0.99811829
5.4523244
0.97282982
1.3318849
0.99999101
2.0896916
0.98237772
0.98953873
1
0.87743363
1
2.4472169
0.96848097
1.4059854
0.78008312
0.5038626
0.58349652
0.74100738
0.7631134
0.57027798
1.2047478
1.4883416
1.1109587
1.3360387
0.98717355
0.82354204
0.77443053
0.72122115
0.64308191
0.95883809
0.76437673
1.3731603
0.95970321
1.2095137
1.0721712
8.3182842
0.99820433
1.692009
0.89710389
0.99299948
1
1
1
0.92175729
1.4579828
1
1
1.2044093
1.1361926
1
1
0.96606465
0.96929926
1
1
0.92843934
0.98322878
1.444436
0.98504132
1.2440181
1.1072052
1.0546979
0.99999431
0.96741581
1.1922841
0.74507307
1
0.82440105
1
4.8204291
0.84961273
1.0182491
1.1211176
0.73741349
0.74181114
0.71453205
1.1696422
1.4992169
0.87061114
1.2036366
0.86932571
3.6962436
1.187578
1.6858945
0.78449958
4.0250574
0.71191642
2.0918868
0.9415433
1.3950395
0.94130063
0.85850096
1.0991691
1.476888
1.1944203
1.7292096
0.88098456
1.1975606
1
1
1
0.9957413
1.3767669
1
1
1
1
1
1
1
0.99905108
1
1
1
1.2158
1.0922881
1
1.3646804
0.99990328
0.98039712
1
0.99908179
1
6.5151421
1
0.97049209
1
1.6111182
1
1.0553757
0.99907922
3.2057482
0.999946
2.9832862
1.5380344
5.8625112
1
1.4468178
0.99728622
3.4351164
1
0.98185928
1.1553119
3.4331015
1
2.1057237
0.99925849
1.0449458
1
0.90526878
1.1083814
3.9464537
1
2.3896172
0.99999983
1.5027143
1
1
1
1.0948753
0.87773612
1
1
0.99295355
0.99141231
0.9999598
1
1.1333977
0.98275213
1
1
0.98628832
0.99913828
1.4386285
0.99984812
1.8242403
0.99699169
1.7072597
1
0.96373482
0.99985433
1.2107981
1
1.1726283
1
1.7165098
0.99995911
1.4534574
0.97991678
0.31719796
0.8227639
0.63324976
1.2636984
0.70097938
0.99940198
0.79459918
1.1449355
0.91178479
0.93602816
0.59642486
0.86686981
0.6120372
0.96979155
1.0493656
0.9693531
1.4273051
0.99794104
0.66682623
1.2136594
4.9971696
0.99999207
1.3444833
0.99928648
0.6526461
1
1
1
0.89011019
0.99938505
1
1
0.98744818
0.99320165
1
1
0.96837822
1.214166
1
1
1.1785851
0.99712218
2.7147798
0.99999477
0.98643796
0.99970175
0.99443702
1
1
0.98743802
0.9520138
1
0.92657084
1
1.9445467
0.99830335
0.89967205
1.3757888
1.0334436
0.63166188
0.63824163
2.2162679
1.5325079
0.97762017
0.79518217
1.1595106
4.8458825
0.95193996
0.93378887
2.3124592
3.495388
0.84187901
2.7612365
0.92300253
2.1017528
0.99938378
0.96099565
1.2137914
1.2802739
0.99969387
1.1416496
0.99871977
0.84952403
1
1
1
0.99821774
0.87227967
1
1
0.99999925
0.95029916
1
1
0.99986509
0.99093967
1
1
0.99105215
0.97871264
0.9998462
1
0.99431794
0.75317546
0.99776792
1
0.98619809
1.1900257
1.3724293
0.99999149
0.99728693
0.98023414
1.2137827
0.99096819
0.80543192
1.1374854
0.87497279
1.1450431
0.41186908
0.65745311
0.47732663
1
1.0401937
0.99654639
0.98926703
0.99759807
1.0270086
0.80420376
1.144114
0.9886868
1.2104612
0.67906058
0.9999642
1
0.97122009
1.0243652
0.88794904
0.99985408
0.97181092
1.1629985
1.1770474
1
1
1
0.969777
0.71027089
1
1
0.99546907
0.8725401
1
1
1.4551365
0.87975592
1
1
0.98252671
0.96436605
0.99811994
0.99573415
1.7011726
0.79596652
0.98623111
0.99902621
1.3096579
0.83954758
2.4082368
0.94652854
1.3512534
0.91139567
0.95968748
1.2386279
1.2032462
0.85743365
0.58369586
0.27427385
0.34414721
0.14848114
0.90677037
0.98219943
0.86053547
0.70457871
0.96084974
1.0489651
1.2410481
0.76796275
0.82250748
1.022592
0.74707516
0.95057131
0.99672619
0.98757559
0.98061957
0.89645133
0.93395867
0.98382133
0.85502893
1.0893433
1.0089127
1
1
1
0.96609372
1.0082249
0.99998924
1
0.99939399
1.131234
1
1
0.98184225
0.89364002
1
1
0.99902421
0.92816081
1
0.99102914
0.99523944
1.4532548
1
0.99878578
0.99489319
0.94209216
1.4559227
0.88684034
0.72723663
1.01008
1.202399
0.97991066
0.93999015
0.91552804
0.61221841
0.18019643
0.40536911
0.29107712
0.81718074
0.98134711
0.86679835
0.97012248
1.1313926
0.97752666
0.97728087
0.72430199
1.3657291
0.87846057
0.99061505
0.96214985
0.9974711
0.98177571
0.99920933
0.82902766
1.2669881
0.99584105
1.4261668
0.98996534
1.9629231
1
1
1
0.99994796
1.1787769
1
1
1
1.0143681
1
1
1
0.95364761
1
1
1
0.99132116
0.95281662
1
0.96931134
0.99694621
0.99980039
1
0.99859802
0.91767497
11.934635
1
1.4225463
1
0.99779882
0.99998456
1.0848942
1.0478057
0.6521008
0.93217533
0.42608478
1.5760736
0.44948776
0.99990322
0.97241704
0.99761532
1.7610289
0.99683836
0.89828556
1.0177362
1.0235951
0.9862558
0.88237604
0.99912498
0.86484966
0.99999571
0.99990163
0.88471585
1.4285578
1
0.79975006
0.99803963
0.8886548
1
1
1
1.1055819
0.65804545
1
1
1.1600952
0.93782059
1
1
0.99407428
0.94244973
1
1
0.96997318
0.99021833
0.99587247
0.99997468
0.97656895
0.98609337
1.1740984
0.99999658
1.1855961
0.99735923
2.0483506
1
3.5561096
1
0.81214586
0.99564849
1.0071087
0.93888741
0.4390085
0.66169704
0.36503732
0.37198123
0.70674345
0.98764697
1.0963194
0.84668828
1.0379559
0.94427656
0.82152223
1.0526538
1.3021397
1.0689846
0.82813808
0.94810244
0.99029114
0.99724191
0.97714165
0.9895786
0.93782251
0.99958933
0.73496609
0.98468156
0.84707769
1
1
1
1.1639559
1.2501278
1
1
0.99983309
0.9905548
1
1
0.97324575
0.98441431
1
1
0.99901053
0.98807309
1.2202733
0.99998747
0.98278593
1.1992029
1
0.99996895
1.1424059
1.0266273
1.1692928
1
1.1720624
1
1.6670596
0.957692
0.97274291
0.99082602
0.76173881
0.59424887
0.30357426
0.97588123
3.2699605
0.98376124
1.489598
0.93689582
1.5577782
0.93709041
0.87625822
1.2409098
1.4482489
0.89134469
0.91934501
0.98812771
1.0015276
0.99660809
0.91532849
0.88296575
1.2179551
0.99992773
1.1241391
0.98429129
1.4936607
1
1
1
0.99998953
0.98628125
1
1
1
0.99999417
1
1
1
0.96901249
1
1
1
0.99906185
1.0870611
1
0.99999385
0.99999321
0.9965053
1
0.98981929
0.99999979
1.6468267
1
0.89456087
1
0.9493149
1
0.96281768
0.99998533
0.32561482
1
0.88509493
1.3356388
0.86766867
1
0.96685031
0.99994612
1.4672981
0.99994748
0.92338934
0.99847796
2.1544851
1
0.99681786
0.99999918
1.2013993
1
0.99980321
0.99993629
0.84998434
1
0.97428981
1.0991385
0.84217215
1
1
1
0.97898413
0.82482188
1
1
0.99924419
0.99723578
1
1
0.95983916
0.99873563
1
1
0.99785652
0.99976923
0.99723375
1
0.9965135
0.99903777
0.98074588
1
0.99126133
0.99990826
0.91661042
1
1.1603352
1
0.97838012
0.99989558
1.1288076
0.99691489
0.44778356
1.391559
0.49051728
0.79247311
0.97781221
0.99951863
0.93524037
0.98871832
1.1820454
1.2948413
1.1936062
1.145133
0.99836577
0.99899912
0.99089019
0.99162096
0.99448419
0.99998044
0.99594754
0.99817223
1.1620955
0.99998991
0.96496264
0.92640694
1.0071724
1
1
1
0.99433824
0.88690825
1
1
0.99978204
0.95923233
1
1
0.99948485
0.99759035
1
1
0.99640099
0.99743701
0.99917381
1
0.99840314
0.9999999
0.99883832
1
0.99731543
0.99999847
0.89089705
1
0.93364399
1
1.6480831
0.99952821
1.1582757
0.99518775
0.87289448
0.92335271
0.47854207
1.0286699
1.1759639
0.99911866
0.9470838
0.97206734
1.5356812
0.9928794
0.9555493
0.73486439
2.0738373
0.99523846
1.137814
0.97660446
0.99910378
0.99998089
0.99349857
0.99991619
0.99236185
0.99995617
1.4065042
0.99999413
0.90389548
1
1
1
0.99982199
1.1946876
1
1
1
0.96801472
1
1
0.99999944
1.0121832
1
1
1
1.0372847
0.99996297
0.99999996
0.99834318
1.5474868
0.99979361
1
0.98319789
0.97284704
1.1101959
1
0.99793527
0.99579657
0.99707956
0.99998164
0.99902391
1.2147509
0.91529654
0.98316173
1.1980247
1.8498498
0.50833097
0.99861297
0.989385
0.99995265
1.3205655
0.99932183
0.99698198
0.99824894
0.99959608
0.99982527
0.96858576
0.8591818
0.99893852
0.99990706
0.99582001
0.95328266
2.8757674
1
2.520238
0.99993893
1.7012183
1
1
1
0.98556001
0.84910145
1
1
0.99791738
0.94656659
1
1
0.99583492
0.96909443
1
1
0.99293377
0.98170104
0.99830868
0.99868017
1.1356211
0.73476996
0.99952152
0.99910308
0.99806329
0.8633172
0.71212842
0.68864508
0.73862179
0.71878491
0.86425126
0.9991686
0.93457625
0.95507239
0.89329565
0.80660859
0.75212975
0.13605379
0.69522185
0.99915592
0.86902941
0.90838426
0.88216456
0.97207985
0.9719689
0.93154649
0.95409804
0.99743525
0.93048735
0.83466083
0.98179772
0.98676344
0.94836725
0.8576326
1.333542
0.99927395
1.3809601
0.95361903
0.5965011
1
1
1
0.9981355
1.1353072
1
1
0.99996353
0.99596099
1
1
0.99943085
1.0530529
1
1
0.9999264
0.99389735
0.99962017
0.98693914
0.99996982
0.95334888
1
0.9955875
0.99999771
0.98334877
0.80304684
0.65126109
1
0.75178708
0.96815241
0.98320769
0.99914557
1.0624453
1.2498568
0.24496236
0.7980718
0.59439776
0.65678279
0.98953267
0.96291957
0.97523665
1.3843268
0.9532091
1.3217036
0.98631164
0.96241247
0.97459784
0.99874338
0.95943429
1.1391814
0.98364434
0.99647693
0.93720896
2.6939818
0.99967198
2.8410912
0.98835415
1.5083057
1
1
1
0.99998829
0.97271125
1
1
0.99998156
1
1
1
1
0.87751028
1
1
0.99981121
0.9999642
0.9912701
1
0.99940241
0.99999246
1
1
0.99999709
0.99991746
0.8124022
1
1
1
0.87168012
0.99999863
0.99953825
0.99995972
1.9627568
0.9997576
0.65176016
1.2330774
0.74199219
0.999989
0.99755933
1
0.9532425
0.99994651
0.99759927
0.99877722
0.91140315
0.99933513
0.88162464
0.99994288
0.99941579
1
0.99976193
0.99999469
1.6666493
1
2.3266102
0.99999863
0.80931473
1
1
1
0.9917033
0.858578
1
1
0.99939158
0.97738963
0.99999558
1
0.99948874
0.9812266
1
1
0.99560225
0.99627131
0.99915507
0.99992554
1.2106249
0.99834831
0.99970638
0.9999972
0.99973578
0.99952613
0.96952566
1
0.73826514
1
0.99200202
0.99971017
0.97942961
0.98468508
1.0763163
0.92071414
0.62652228
0.54311414
1.2503404
0.99940471
0.91949506
0.96650942
1.110908
0.98524334
0.96174669
0.97426413
0.96062549
0.99827608
0.9732049
0.95262099
0.98686384
0.99885074
0.97837606
0.9735578
0.73521502
0.99997304
0.91693681
0.99252595
1.2038835
1
1
1
0.99789236
1.1657077
1
1
0.99906104
0.99669633
1
1
0.99979301
0.99809458
1
1
0.99983615
0.99811784
0.99979499
0.99993679
1.0992985
0.99602829
0.99999819
1
0.99999998
0.99995992
0.92573128
1
0.96618603
1
0.70075097
0.99845935
0.99641523
0.99368765
1.7226487
0.75371592
1.1891632
1.3872636
0.9571722
0.9867461
1.1900222
0.99740561
1.3870656
1.035162
0.94249105
1.0687931
1.093199
0.98927134
0.91995086
0.99062357
0.99235467
0.99905928
0.99874555
0.99773498
0.5717922
0.99997978
1.0576529
0.9999953
1.2225706
1
1
1
0.99999998
0.9999768
1
1
1
1
1
1
1
0.99996507
1
1
1
1
0.99915767
1
0.99993225
0.99999999
1
1
1
0.99999797
1.1748282
1
0.99259287
1
1.2402877
1
0.99968213
0.99978045
1.2686818
0.99998573
1.1512203
1.1792069
0.95351031
1
0.99468509
0.99997203
0.93454861
1
1.2176073
0.9998051
1.2272261
1
0.99495225
1
0.99993989
1
1.2213055
0.99980504
2.2557862
1
1.2894732
1
1.3777092
1
1
1
0.99837385
0.98632385
1
1
0.99988929
0.99960461
0.9999986
1
0.99979065
0.99967741
1
1
0.99986067
0.99977435
0.99958622
1
0.99920933
0.99991244
0.99997498
1
0.99999593
0.99999977
1.1091534
1
1.0545398
1
0.97262775
0.99992778
0.99553603
0.9997852
0.8756628
0.99480883
0.8991623
0.67407705
0.99425501
0.99999024
0.99876111
0.99574914
1.1235408
0.99941368
0.98255992
0.99393424
0.96718501
0.99997297
0.98390939
0.98896982
0.99573342
0.99995778
0.99880979
0.99919611
0.78502785
1
1.0958184
0.99996133
1.0972956
1
1
1
0.99839194
1.2894279
1
1
0.99990669
0.99952139
1
1
0.9996758
0.99985446
1
1
1
0.99990209
0.99993965
1
0.99999632
0.99981068
1
1
0.99984109
1
1.0920485
1
1
1
1.0551651
0.99918133
0.9995065
0.99703483
0.92070592
0.92560499
1.0726245
1.4299205
0.99614667
0.99952962
0.99166992
0.99759186
1.1899071
0.98723495
0.9401948
0.97712682
0.82180645
0.99452591
0.9867729
0.97852325
0.96098575
0.99994343
1.2033952
0.99990636
1.4583359
1
1.6973586
1
0.97447222
1
