0.99606576
1
0.97183402
1
0.88371831
1
1.0177053
1
1.1249421
1.6088379
1.2418757
1.7633559
0.86775368
0.53283383
0.8834026
1.7843999
1.014818
0.79926306
1.1707056
1.1332669
0.96125302
2.4300858
1.514852
1.1598186
1.0687515
2.3616817
0.97359281
2.4413096
0.99880097
0.93101987
0.69586262
1
0.74251825
1
1.1792226
1
1.0400832
1
1.0274324
0.84574755
1.076828
1.0430413
1.0755119
0.5696094
0.88691312
1.0732313
0.84446673
0.91575539
0.97115254
0.81778731
0.98170278
1.2831568
0.89982457
0.82268584
1.04385
1.2799163
1.1012245
2.4971528
0.93869052
1.2006268
0.71390137
1
0.68452732
1
0.75568833
1
0.91213187
1
1.2565464
1.2299417
0.97811576
1.2900695
1.306615
0.47019044
1.0554727
1.1634127
0.9633329
1.0216481
0.86294382
0.68869107
0.97720926
0.96709541
1.0540594
0.93591128
1.5373473
1.5397667
0.93415939
1.6977565
0.98368699
1.0443327
0.74405467
1
1.1224511
1
0.7853671
1
1.1344028
1
1.2143639
1.7476262
1.0000789
1.260927
1.4022722
0.57637608
0.97524182
1.4549541
0.94918266
0.98931456
0.98379669
0.93532887
0.9872441
1.0248338
0.61844275
0.94973436
0.8737768
1.9051857
0.73640355
2.4954102
0.9128985
1.0424815
0.94508765
1.0890454
1.1976604
1.0029677
1.1135487
1.2028555
1.4030875
1.2221694
1.0390274
0.89480589
1.3228897
0.53445778
0.75412265
1.3440402
1.094638
0.38385396
1.0398459
0.80484228
0.92776651
1.5494689
1.2144225
1.3666495
0.82997327
0.5117503
1.2561484
1.9124271
1.1141172
1.2163688
1.0454081
1.2986371
1.0706138
4.0585565
1.5524
1.0885246
1.0942878
1.2661756
1.1457376
1.2026863
0.74415808
0.71187699
0.95280145
0.38320129
0.95995449
0.5058211
1.4228026
0.57088165
0.83889381
0.77525264
0.78565528
1.0106224
0.98256318
1.098841
0.75352056
0.5702662
0.51833223
1.0401605
1.0298223
3.1889014
0.77566721
1.2867517
1.4602091
1
1.4416877
1
1.1417637
1
1.1298048
1
1.2020715
1
1.2657255
1
1
1
2.0443276
1
0.84123234
1.188671
0.73546249
1.3454401
1.0650544
1.7577911
1.0646955
1
2.6465868
1
0.43122252
3.5013383
0.95152075
0.58913137
0.98442537
0.73110496
0.98963776
0.65682797
0.90109264
0.76248949
1.0165478
0.79147643
0.92662619
3.3037929
1.3300899
3.6597272
0.80798026
1.0924273
1.7223922
1.3321429
0.94468086
1.0418694
1.2157852
0.94210485
1.1058805
1.3335801
1.2339193
1.1483644
0.69407335
4.1119618
0.37899623
4.4926611
0.89502423
1.1263306
1.489643
0.82990281
1.3058712
0.80096895
1.6294502
1.1099712
1.6297557
1.0660789
1.6622709
1.1009561
1.9701266
0.58344975
1.6064188
1.1212111
1.3918385
0.98963926
0.70526353
1.0199614
0.81722913
1.1073504
0.81057905
0.84084639
0.91503465
1.0051431
0.99613431
2.2938081
0.87496787
0.84421002
1.0048069
1.1538268
1.3453004
0.57440797
0.81268221
1.4095795
1.0409937
0.86409295
1.4262739
0.91970788
2.0025747
1.1107773
1.5870876
0.72743806
3.7010684
0.98137712
2.1513923
1.1936027
1.057628
0.95250719
1.0848266
0.93782056
2.0272958
1.42769
1.4203492
0.80396145
1.1774255
1.9208535
2.6363467
0.7319637
0.95116995
1.1436763
0.78009426
0.60818978
0.88067247
0.95760881
0.71529345
0.95404792
1.0675456
0.85160193
1.1048527
0.93593036
1.0269081
0.78530986
2.0843931
0.63554366
1.1722942
0.94136281
0.99545655
1.0203122
1.1356074
1.078993
0.96995368
0.79213527
0.81514958
0.71126728
1.7297193
1.7219166
0.98836757
0.82323904
0.86751531
0.83513633
0.88180445
0.7243922
0.81606591
1.2942836
0.79128628
1.4675763
1.1304057
1.6172474
0.97722035
4.4426448
1.3146864
4.9094271
2.8485331
1.3465739
1.2782767
2.3714284
0.7938801
1.238254
1.3118229
0.98122868
0.89646092
1.393314
0.68939124
1.0435297
0.87245259
5.718233
1.3703274
6.0123476
0.96743599
0.9371947
0.95541592
3.1600729
1.0172499
1.1682621
1.0075531
0.83310292
0.95326327
0.47526999
0.82844871
2.0590574
1.1263684
1.1570124
0.74211567
2.0133479
0.91859238
0.20230957
0.92487601
0.97875023
0.78475365
1.9524376
1.4764791
0.76770446
0.53288438
0.22458239
0.98187368
1.6058127
0.79968563
1.7179251
1.1726511
0.85097839
1.7382801
1.1869075
1.667417
1.0672332
1.6473259
1.4458794
1.7479153
0.88707492
0.98324897
0.36509878
1.4486048
0.62299674
1.0805824
0.43676687
1.5546796
0.63912516
1.1898824
0.87748611
1.2718203
0.97365709
1.0243503
0.97088122
1.3659912
0.58520021
0.7811303
0.85783826
1.330512
1.2495516
0.86137185
1.126431
1.1190049
1
0.94388525
1
0.7573915
1
1.5112416
1
2.7837264
1.6228512
1.7036507
0.86752685
1.3631687
0.446948
2.0058053
1.4806846
0.8585854
0.96042004
0.74336276
1.1445214
0.98898113
1.1973019
4.9734078
1.0481389
3.4731755
1.3673707
2.4871587
2.169364
0.96072452
1
0.74610946
1
0.95461438
1
0.8401822
1
1.5655865
1
1.8929436
0.65268717
1.6308541
0.7466265
1.0169246
0.46640734
1.2833187
0.98854362
0.82472316
0.90249724
0.96368326
0.94993447
0.99999999
1.3353334
1.7974401
0.86476217
1.6648719
1.09453
1.2318567
1.7410343
0.96345807
1
1.2786171
1
1.4290473
1
0.93501713
1
1.2115819
1
4.532904
1.0272807
3.9217489
1.3603486
1.1257186
0.45285753
1.1514191
1.0865812
0.79633392
0.9596633
1.1392939
0.50663506
0.99441502
1.0055269
4.2179743
0.8881132
4.4780357
1.087173
2.0358673
1.6455864
1.009118
1
1.310264
1
1.5848895
1
1.0751391
1
1.0788287
1
1.8799897
1.3809404
2.0026711
1.4405858
0.81817418
0.50256265
1.3106665
1.2675062
1.2425279
0.79030052
1.1383347
0.80382765
0.94420814
1.1328409
2.2450588
0.87649968
2.9414019
1.5595278
2.117873
2.7141804
1.0063359
1
1.0743681
1.220334
1.3194878
0.88742117
1.7331908
0.86734224
1.1952754
0.89182481
2.1244446
1.3493052
2.4446419
0.45174231
0.76513258
1.2510321
1.3563372
0.92904979
1.1639187
0.70449461
1.4584373
1.1837813
1.0811892
1.2382152
0.89511587
0.97122629
1.6426156
1.3468666
2.4375235
1.0718926
1.1337326
1
1.470153
2.0128275
2.537391
0.77927789
1.7486976
1.3632099
1.5276119
1.1329227
1.5813991
0.81600346
4.1499476
0.61628277
0.67421342
0.49243413
3.163839
0.71683214
1.0611756
0.75323245
2.0519937
0.93747418
1.5114198
0.87741509
1.8227882
0.68323355
1.5405734
1.2205135
2.4529044
1.0517263
0.87274941
1
1.3649818
1
0.82343724
1
0.75172712
1
1.0902805
1
0.90298683
1
0.63871112
1
1
1
1.471188
1
0.84785332
0.61255176
0.62567455
0.78522225
1.076588
0.82607848
1.2297059
1
1.3889721
1
0.61491753
0.72869873
0.42162138
1
1.8187462
0.57444691
1.445491
0.56789746
1.5268446
0.59394232
2.4584249
0.59053441
2.7608008
2.7634545
1.6830294
2.8480616
0.4770968
0.991025
4.593837
1.0822706
1.4168806
0.85323275
2.4814785
1.098374
3.3762712
1.3076637
3.4170787
0.88073847
3.2331763
2.4510861
2.2029425
4.8031876
0.99298564
1
0.73998831
0.76157874
0.70307231
1.0087681
1.2584011
0.76002573
0.78719527
0.99961673
0.76695562
1.12216
1.9025337
0.5858391
5.7583379
1.0717196
1.2376157
1.0540365
0.80468433
1.0303709
0.91085294
1.1806322
0.76564084
0.92604148
0.54686793
0.94622537
0.34035714
1.4088355
0.8880462
0.93426307
0.89861055
1
0.96753769
0.54113594
0.95715399
0.79054754
1.4025255
0.86889812
0.88342405
1.0834017
1.0960991
1.1898198
0.943154
0.73468611
10.366403
0.86902316
1.8221126
0.86820201
1.0264835
1.0835197
0.52440124
0.86911965
1.0249791
1.6095737
0.74129049
0.79761884
0.77271485
2.0847036
0.89550509
0.80345909
0.99191856
1
0.56156162
0.80333287
1.2894433
0.81299726
0.72550525
0.51032887
0.94122399
0.78994247
0.93843993
1.1704648
1.4428445
1.0063302
8.3955031
0.65654625
1.1419484
0.82626142
0.94906199
1.0964847
0.98938627
1.271535
1.0793453
0.9994669
0.78271282
0.61751417
0.56707341
1.5031132
1.033231
0.96941104
1.0426622
1
1.2366433
0.54124827
1.9382962
0.58469714
2.0716887
0.84839198
2.4567539
0.6961065
2.3948124
4.2140686
1.859816
3.939133
1.6462862
1.2067234
6.0404424
1.9620248
1.4283489
0.98017551
2.6874289
1.4284374
2.1278445
1.170348
3.991137
0.96802503
3.6993052
4.1543282
1.6291494
6.6536786
1.1002384
1
1.212852
1.8754721
1.2184381
1.4177402
1.2646622
1.2198471
1.3603509
0.57294945
1.175645
2.262269
1.9874996
1.0762188
0.8172308
2.2802977
0.84200498
0.60807166
1.114528
1.4084532
1.6609727
1.1883268
0.86885929
0.80341648
0.60090134
0.78824527
0.90661666
1.4041544
1.1021341
1.3367052
1.1876462
1
1.2134842
1.4600793
1.0951065
0.90741472
1.2169456
0.95837121
1.3039597
0.73717342
3.3321246
0.88549667
1.5313774
0.85590736
1.2045935
0.79527807
1.9927882
0.69196101
1.0121634
1.2032092
1.0372032
0.86926774
0.5354288
1.2656572
0.6491263
0.73289968
0.72907001
0.62994419
1.0779231
1.1428284
0.77130783
1
0.71807053
1
0.90263506
1
0.97184938
1
1.1304495
1
0.81598932
0.83615069
1.0294669
1.4911142
1
0.3949348
1.2110877
0.94755727
1.1936367
0.76049183
0.97039709
0.97254507
1
0.88757606
2.1408241
0.79793683
1.3317284
0.88967419
0.78479748
1.2581567
0.89104778
1
0.94199129
1
1.206948
1
1.5802736
1
0.98817042
1
1.1360756
0.89944813
1.0575541
0.73571388
1
0.40417148
1.0213327
0.75667863
0.83316348
0.73308643
0.94171841
1.0499093
0.9982184
0.9544554
0.79369275
0.60091325
0.95160736
0.75866727
1.1820889
1.1354071
0.8907111
1
0.71636949
1
0.98204989
1
0.95074678
1
1.0558305
1
1.4241395
0.8228451
1.0913146
0.60289655
1.0523248
0.41939917
0.85581779
0.83772351
0.84781259
0.73163693
1.1828597
0.6052787
1
0.94195604
1.2394229
0.85275844
1.4959753
0.81564602
1.0056635
0.99663617
1.0264783
1
1.0098809
1
0.99359512
1
1.1469943
1
0.99392429
1
0.97040085
0.84596435
0.88798285
1.0552188
1.0021151
0.4620254
0.90773864
0.9649794
1.1584464
0.63873881
0.96093936
1.0491441
0.97028414
1.0667946
0.79994461
0.76489094
2.3712638
0.76970746
0.96059087
1.7735262
0.98889767
1
1.0898688
0.97317433
1.2541699
0.92028116
0.92433371
0.84556904
0.88394288
1.1414417
1.3166849
0.97639352
1.0524705
0.55423695
1
1.92407
1.3584355
1.0512408
1.0457082
0.94371261
1.0207872
0.90693051
1.1364512
1.058688
0.78971796
0.44482634
1.112956
0.56163742
1.3724192
1.2025113
1.179921
1
1.5371394
1.1712025
1.2727111
0.91578812
1.9379375
0.92032613
1.0621912
1.1356211
1.1034454
0.76685675
0.94402545
0.79229816
0.8700946
0.37796293
1.3336567
0.82471604
1.0685378
0.94934569
1.1376909
1.0563912
0.71463941
1.0685263
0.58253137
0.67023514
1.0199069
0.94071654
1.1817083
0.89944609
0.99167767
1
0.83685644
1
0.8961131
1
0.76214746
1
1.0358366
1
0.82341097
1
0.89097027
1
1
1
0.2585141
1
0.34231292
0.44398581
0.39797802
0.40520947
0.20034815
0.54331582
0.2312945
1
0.97164875
1
0.38747846
0.73470068
0.25791089
1
1.4272654
0.62282062
0.91624475
0.43049868
0.74703054
0.49845662
1.1007258
0.27521181
1.5705323
2.435611
1.2658858
2.2134722
1.0017847
0.91876889
1.6007555
0.89569686
0.95296458
0.80837647
1.0821406
0.94063562
1.2753708
0.85035822
1.5890207
0.69496567
1.6162069
1.557223
1.120409
3.1584833
1.0050824
1
0.64322292
0.65572123
0.88926166
0.41872274
0.8083678
0.48074341
0.57691296
0.68265435
0.4195494
0.9507413
0.74562596
0.56922682
1.1850218
0.94216432
0.67019858
0.9602405
0.80136048
1.0898419
1.0066724
1.1794294
0.78008445
0.78058572
0.45331497
0.79341637
0.57414365
1.2011797
0.65437997
0.99014085
1.0373473
1
0.9423763
0.45653223
0.99161152
0.62386028
1.1504499
0.7309778
0.93791023
0.68857744
0.94784733
0.96923743
1.0046691
0.84556553
1.2464919
0.8460333
0.82304842
0.84876957
0.93732341
1.1971005
0.59021576
1.0870259
0.90208804
1.5830604
0.67507293
0.91225456
0.74176933
1.2619999
0.84300722
1.1129385
1.0485035
1
0.74952862
0.82524975
1.0171276
0.94220414
0.82483209
0.89571656
0.67697856
0.87454495
0.87856641
1.0445001
1.1630387
0.94048444
0.95702413
0.78094995
0.70588802
0.91632428
0.85615622
1.1748182
0.79446993
1.2418611
0.95221163
1.009564
0.54450116
0.84931917
0.7020561
1.4412181
0.45382681
0.88496104
1.0426502
1
1.2568689
0.62418054
1.2140724
0.80826036
1.3009817
0.94692015
1.1809119
0.83548674
0.82145686
3.0273686
0.71750282
2.7637501
0.72573824
1.0688847
1.3297597
1.5147439
0.80365203
0.90359232
1.3079582
1.0605021
1.344846
0.98082137
1.4656668
0.92142168
1.0322093
2.4201769
0.5523504
4.4953319
1.0943872
1
1.1378766
1.3512042
0.94312805
0.97225813
1.2249793
0.74965939
1.3529608
0.78688824
1.210783
1.7218386
0.8815306
1.3568922
1.0045296
2.3614386
1.3801352
1.0697846
1.0770197
1.8969854
1.3636581
0.83301289
1.2413294
1.2565124
1.4449781
1.3522327
1.2055328
1.8633175
0.79578372
1.3829671
1.2771401
1
1.1230279
1.0513931
1.6076148
0.74770651
1.2961799
0.74072063
1.041977
0.88648541
1.2258605
0.80127837
0.92719571
1.0324891
1.5047172
1.1874037
0.82604498
1.1262625
1.0826555
0.8898639
0.93510059
1.1719147
1.0115223
0.97732759
0.40444581
0.78429234
0.76805035
1.074787
1.2431566
1.3433366
1.0098947
1
1.2370721
1
0.78528669
1
1.1826838
1
1.2074563
1
1.3361808
0.87659205
1.3791121
0.82825666
1.2303104
1
1.0524439
0.59265971
0.98265138
0.90495316
0.78258318
0.63697098
1.2274434
0.96911408
1.3009709
0.5862462
1.3905764
0.47099153
1.0893068
0.33993471
1.0991682
1
0.93861643
1
0.5899632
1
0.93026382
1
1.2286146
1
1.4094211
1.1539513
1.5645861
0.98792737
0.98181083
1
0.83554357
1.0545088
1.1893671
0.82739844
1.3650035
0.85766151
0.95330065
0.81853263
1.2343836
0.80720005
1.2211032
1.0568314
1.7203998
0.73956409
1.0778372
1
1.2177497
1
1.1490552
1
0.79817739
1
0.95206185
1
1.3404737
1.0695195
1.4324489
0.91174517
1.1752776
1
0.92286614
1.1678237
1.0498846
0.80974713
0.90087671
0.58582317
1.2383161
0.6972103
1.1742529
0.76281592
1.5048748
0.95853334
1.1240894
0.53179131
1.1193189
1
0.76055944
1
0.8770316
1
1.0417929
1
0.93878493
1
1.0450288
0.97861195
1.3016507
0.93232713
1.5099507
1
0.83882827
1.2341448
0.87760175
0.7831553
0.92543979
0.78065721
0.78320255
0.78362299
0.81447477
0.85152046
1.1357574
0.80117929
1.1986621
0.51816432
0.94614027
1
1.3111163
0.95332688
1.1982823
1.2993576
1.4309179
0.97039391
0.76334337
0.92416793
0.93303526
0.82327178
0.97314318
0.79616487
0.80002585
1
1.0990494
1.2436081
1.0111208
0.90674894
1.0197335
0.34989143
0.94557856
0.8996883
0.72117202
1.0434743
0.85449864
0.58198455
1.0464642
1.0328917
1.0254742
1
1.3174839
2.8681261
0.94618007
0.94001457
1.536892
1.2050456
1.3700025
0.97785391
0.74391633
0.74916372
0.70385172
0.74693165
0.83687611
1
1.2573298
0.67209731
1.0013819
0.8277924
1.0710598
0.71191025
0.93894821
0.53574743
1.0046632
0.49448056
0.71878594
0.58108928
0.72436989
0.7518216
0.76007991
1
1.5251002
1
1.0178051
1
1.1811209
1
1.3507951
1
1.4694695
1
1.1236578
1
1
1
0.86161255
1
1.1568318
1.2464502
0.78692764
2.0189514
0.88668176
2.028068
1.1492288
1
0.34564526
1
0.61842539
1.9956482
1.0767339
1
1.0301633
0.42257304
0.82349501
0.6032072
1.1685581
0.53451926
0.76103325
0.47812749
1.0263737
0.6245095
1.2182232
0.62256885
0.90925283
1
0.70557356
1.1267983
0.96433124
1.0316165
1.2948611
1.2230923
1.0518828
0.76513497
1.0507821
0.92859963
0.63325453
0.85890739
0.45692877
0.61281384
0.9711028
1
1.4637944
0.46476887
1.6130124
0.68520766
1.6582743
0.68886637
1.555414
0.88316992
1.4917799
0.46516861
1.6041188
0.39296801
1.5554146
1
1.1028888
0.50644779
0.68939766
0.83376704
1.0296326
0.37721202
0.79920913
0.44931301
0.99574762
0.93960613
0.9254241
0.49759524
1.2173887
0.33242128
1.1179275
1
1.0541237
0.95811453
0.97116094
1.0747615
1.178673
0.71758447
1.8924554
0.70855943
2.2295489
0.71578576
2.3626369
0.79208598
3.6948796
1
1.4765182
0.99953746
1.5035774
0.93494519
1.3571142
0.79104505
1.2044065
1.0340479
1.2637014
0.77103244
1.3031311
0.68648563
1.6256509
0.64959069
0.93157166
1
0.7338375
0.82545617
0.9141246
1.0209503
0.81964713
0.78637327
1.0761973
1.332396
1.2411764
0.50288006
1.6664889
0.89674818
2.4007838
1
1.074036
1.1700601
0.90953316
1.0847649
1.3191023
1.0512635
1.1318075
0.75713687
0.74437188
1.3083038
1.2553467
0.61545399
1.3988942
0.27518096
0.81711891
1
0.72232243
0.47747264
0.66732105
0.61015709
0.8312234
0.68496703
0.92053235
0.60951774
0.87445706
0.57132749
1.2380624
0.67573888
1.1998321
1
0.66640291
0.84445237
0.72173499
1.1649814
1.0927742
0.94081475
1.0282377
0.8482303
0.46637445
0.70050551
1.0063616
0.69349203
0.52435389
0.43381962
0.90068017
1
0.97445671
1.5604615
0.65660229
1.6550819
1.1327958
1.4005151
0.92225755
0.97952694
0.89795794
1.2176576
1.0728367
0.77661292
0.57474383
1
0.62616544
0.4577509
0.66652278
1.2787944
0.91620001
1.6671916
0.85637625
0.86561219
0.51782789
0.43491904
0.81822479
0.85738871
0.9387698
1.2727875
0.62980356
1
1.4006605
0.93920933
1.1442855
1.3930214
1.4336966
0.64512053
1.5481201
2.0966272
1.1099417
0.28077745
1.7189519
0.75181627
1.4087577
1
1.1438661
1.0563893
1.1338523
1.2608669
1.4226402
0.89398195
1.2816972
0.86788229
1.1855145
0.76157392
0.90399441
0.47962465
1.6756783
0.89897354
0.8680608
1
0.92504276
1
1.050835
1
1.3667206
1
1.3732921
1
1.0154526
1.3461783
0.9455527
1.0226762
1.1122442
1
1.2682923
1.3815754
0.82069909
1.1278518
0.82778367
1.3004121
0.81085214
0.9280584
2.1353886
1.2210153
1.8132521
1.365295
0.90918969
1.0869214
1.1191535
1
0.82080375
1
1.4986544
1
0.66193728
1
1.0869212
1
1.6597951
0.75043767
1.0981406
0.84263064
1.0312304
1
1.4626027
1.2251151
0.78312369
0.9645068
0.99205008
1.0332276
1.1496312
1.1339924
2.3744776
0.83282079
1.2738745
1.5197436
1.065104
1.6980328
1.15148
1
0.83968514
1
0.95189207
1
0.79555641
1
0.97167559
1
0.9898312
1.2543718
1.1493552
1.0442676
1.0088159
1
1.6203276
1.0778396
0.99386939
1.1412199
1.0323038
1.4203082
1.0704161
0.92968483
2.3315078
1.1493768
2.9550273
1.034216
0.88935172
0.98882255
1.2447623
1
0.97874324
1
0.8730932
1
0.99282945
1
1.0786094
0.99999999
1.4132017
1.1889325
0.99376651
0.94846743
1.0449276
1
1.8020877
1.092127
0.86078625
1.0676839
1.3044473
1.4131912
1.2890298
1.273207
1.3176543
1.0669119
1.8302807
0.94855725
1.0861314
1.1853978
1.0957001
1
1.3673299
0.857785
0.91758434
0.79621467
1.1442095
1.0741429
0.84393513
0.94322411
0.60236498
0.87175391
2.2110261
0.63786901
0.78725339
1
1.12857
0.75354478
0.94783736
0.82169244
1.0533213
0.90906425
0.87108449
1.1204858
1.0046387
0.77235542
1.0016037
4.0623712
1.0655549
0.55802351
1.170999
1
1.7442404
1.6535156
1.5456819
1.4339795
1.8529318
1.5267517
1.6472856
1.7443485
1.296137
0.60768635
1.3878181
0.58354445
0.41809832
1
2.2283346
0.51082992
1.1167206
1.1825239
1.2074094
1.0557308
1.1527017
1.0398471
1.1469201
0.47909525
1.6100563
0.514299
2.1173434
0.75813024
0.97808694
1
1.1388449
1
0.9652469
1
1.5247778
1
1.4137423
1
0.96765716
1
0.6367884
1
1
1
1.0621398
1
0.88156461
0.70459601
0.77173207
0.66828472
0.88995015
1.2096986
1.0865766
1
0.7850559
1
0.52017967
0.55481416
0.69432638
1
1.2047006
0.4298515
1.0444648
0.46519134
1.5545698
0.43325799
1.5333503
0.38365183
1.7781482
0.82422613
1.7123966
1.4943017
0.35380966
1
1.2144334
1.0638308
1.1516962
1.4669419
1.389875
1.844243
1.2041468
1.2648369
1.3487178
0.96943045
1.6985223
1.6068724
0.87036426
2.1626989
1.1578478
1
1.1789599
0.53819647
1.6056917
0.98312251
1.426189
0.68734777
1.6337676
0.79387536
1.3178972
0.78850006
2.0073597
0.4479799
5.816433
1
1.5215176
1.41301
1.039138
1.2193938
1.093603
1.5274367
1.045066
1.1271197
1.5376484
1.3711771
1.5741094
1.9145911
0.86211261
1.1652706
1.1440423
1
1.1051102
0.53031997
1.1480208
0.79372513
1.0546774
0.80044487
1.2621572
0.93855843
1.1751297
0.87601489
1.0411944
1.2395303
5.1043303
1
1.8740502
1.1794888
1.2225522
1.2282302
1.4137829
1.352417
1.345555
1.4025095
1.7201968
1.0021898
1.7338218
1.6001854
1.3853656
0.96002193
1.1191781
1
0.68545201
0.75923692
1.0213211
1.0159606
1.1734698
0.96541279
1.3783031
1.0708702
1.4026489
0.8556072
1.2800501
1.2503455
5.3835127
1
1.4150244
1.3378207
1.0834578
1.6577858
1.2682839
1.3314926
1.666508
1.2303525
0.99717284
1.0199867
1.9998867
1.8000008
1.5187966
1.0990601
1.174061
1
0.83954849
0.50293499
1.0546446
0.83347667
0.92299579
0.8837662
0.88594187
0.93388714
1.1797998
1.582434
1.2263066
1.4361874
0.84075483
1
1.6798432
2.0524207
0.77004805
1.6896145
1.1338694
1.6252476
1.076725
1.6077752
1.0878486
1.2533319
2.1093293
3.5843436
0.80203767
2.790182
1.1762785
1
1.5419093
2.7252154
0.99746228
0.87898991
1.0998616
0.92344846
0.94317235
1.0435257
1.2804494
1.5756872
1.2708011
1.2865602
0.84604827
1
1.3555171
0.45448686
0.92280085
1.4994066
0.97061063
1.1500596
0.94989158
1.0366665
0.5889115
0.8679244
1.2201436
3.6005292
1.116269
1.583476
1.2204376
1
1.1688124
2.2089286
0.88918154
1.6393909
2.0017634
1.5803721
1.365578
1.516933
1.3594463
0.30219991
2.3074807
0.55958326
0.59974899
1
1.3212303
1.1963766
1.37325
1.3418287
1.6762186
1.2374109
0.84135654
1.6169367
0.69094656
0.76022079
0.81957332
0.6203196
0.89274537
0.62555921
0.99210957
1
1.1708199
1
0.90646524
1
0.96134164
1
0.93695246
1
0.95822753
1.4109923
0.90412849
1.1045572
1.1078525
1
0.77483251
1.0143002
0.58302813
0.9534852
0.83790857
1.0243652
1.0452405
1.2648907
1.5496377
0.96468175
1.1240979
1.5085229
0.96135814
1.1068125
1.2262866
1
1.1012218
1
1.0177641
0.99881267
0.79818925
1
0.96314439
1
0.99571196
1.1619302
0.9494074
1.5770979
1
1
1.1820966
0.9909284
1.2001
1.0072299
0.61409232
0.87224117
0.97982984
0.98730528
1.5068944
1.1664856
1.2505041
0.82369791
0.91716408
0.94873884
1.1323376
1
1.3071905
1
0.80005802
1
1.0000166
1
0.90228136
1
0.94247385
0.80469291
1.1936787
0.85937789
1
1
1.1426487
1.0888852
0.96960085
0.92615789
1.0650699
0.96795993
0.98933332
1.2402782
2.0483933
1.2722566
1.3338251
2.3189284
0.87632079
1.7516868
1.3951729
1
1.1746214
1
1.4555576
1
1.1345368
1
0.97861038
0.99974077
0.9901762
1.3640579
1.1393871
1.0639796
1
1
0.7910164
1.0580878
0.89714472
0.9979256
1.100209
1.103483
0.68069133
1.1471778
1.3108488
1.0377916
0.97922566
1.0655107
0.95741288
1.1783094
1.2089694
1
0.81355107
0.84573034
0.9020826
1.0042302
1.079361
1.1490952
0.84750433
1.0190022
1.1413883
1.0572723
1.0878085
0.80480541
1
1
1.2530917
1.0290369
1.0390304
0.64516995
1.1412058
0.80046493
1.4358441
1.0814933
0.86118088
0.75348392
1.5066025
2.8929926
1.1547496
0.98389795
1.2190817
1
1.7837875
1.5912647
1.2556634
1.1675838
1.3281068
0.99288504
1.2256755
1.5723272
0.97089801
0.69609864
0.95520006
0.8832881
0.80498957
1
2.296717
0.33583285
1.0846403
1.1342402
1.0678319
1.4442123
1.0248521
1.3539791
1.3518037
0.35966973
1.3198777
0.57532496
1.4099697
0.96130813
1.1379796
1
0.99207918
1
0.85935545
1
0.77625662
1
0.9256873
1
1.3154219
1
0.87858926
1
1
1
0.70812812
1
0.86260668
0.61523719
0.77332187
0.68055667
0.77773524
0.91735259
0.72346311
1
1.0172685
1
0.51082578
0.86144362
0.59695193
1
1.0102583
0.93833792
0.99979844
0.61011292
0.99037068
0.56030451
1.212878
0.9834449
1.3259564
1.7701587
1.8540841
0.78162812
0.85809985
1
2.6727997
1.1139545
1.7959017
1.2141195
1.2868321
1.2335506
2.1355285
1.2143411
2.1951585
0.90249126
3.3074924
1.5679653
1.2434905
2.0496022
1.4082244
1
0.87092166
0.65379024
1.32914
0.86821097
0.93035408
0.66244929
0.75541097
0.84157468
1.1202843
0.55910277
0.96529909
0.92156505
1.058201
1
1.0330057
1.312507
0.98116689
1.7864663
1.1503533
1.3184995
1.0266653
0.91390923
1.3044664
1.1517094
1.3067685
1.3289684
0.60313921
1.6339992
1.3057016
1
0.9452717
0.74946818
0.9932606
0.78438122
0.96651257
0.97080511
1.3432979
0.92015511
1.0331816
0.79484931
0.95885196
0.84689068
1.1404294
1
0.89141362
1.2533653
1.1542347
1.4047022
1.0262968
1.3525332
1.5202922
1.6599325
1.1776132
1.1918625
1.2969928
1.2976387
0.63583613
1.1433722
1.2666411
1
1.1489472
1.0275654
1.038113
1.0629213
0.72678748
1.0677712
0.76906491
0.77210152
1.0809893
1.0762035
0.90634774
1.4190831
1.0584075
1
0.96083195
1.3060616
1.0258032
1.5438732
1.1906201
1.523945
1.6031177
1.1226055
1.1537119
1.0220333
1.7099567
1.2914318
0.63135268
1.4095019
1.3825584
1
1.0968978
0.81483875
0.87709046
1.2775773
1.5113268
0.93668099
0.86398836
0.79604846
1.1262565
1.3509436
1.055951
1.1013494
0.89943398
1
5.9726186
1.7180986
1.6768718
1.5220969
2.2416871
1.5862209
1.6307933
1.5389596
2.7320531
1.215294
3.0884217
3.0333609
1.0515328
3.1812583
1.492113
1
1.1874688
1.3254786
1.0397787
0.97038647
0.95849369
1.1092834
1.2097613
0.82638915
1.1292686
1.3990288
1.5799155
0.82515377
1.0826768
1
1.9455745
0.85426276
1.3072409
1.3453564
1.757353
1.3063741
1.2845607
1.2871726
1.2861273
0.93963887
2.5991385
5.138815
1.3442792
1.7510197
3.3679591
1
1.6070637
2.2267643
0.98324057
1.174431
1.300187
1.0759347
1.167636
0.99163051
1.0776907
0.68077165
0.99732097
1.2732832
1.4115257
1
2.1563578
0.9338291
1.3518481
0.92665524
2.0307671
1.2100112
1.0989304
1.3335504
0.77498273
0.49796063
1.1436081
1.1171755
0.8871472
1.1743771
1.4503609
1
1.0713167
1
1.2626401
1
2.3612418
1
1.3348319
1
1.4813817
0.84923109
1.4932981
0.99125172
1.9131126
1
1.2596341
1.0118424
1.4837867
1.0984181
1.3467024
0.64404409
0.89268755
1.5866162
1.434513
0.83865875
1.4485383
0.80112963
1.4762456
0.37674588
1.3462758
1
1.4849855
1
0.87660108
1
1.2528013
1
1.6651436
1
0.95568462
0.99231398
1.2365296
0.99537344
1.2775579
1
0.68153474
0.84039346
1.5907483
0.82113162
0.94472794
0.86410005
0.97391756
0.97430408
1.1667746
0.85731202
0.82476686
0.98250183
1.6714935
1.0565177
1.2422504
1
0.85707809
1
1.1185895
1
1.6171349
1
0.80809487
1
1.3076869
0.99713812
1.7999125
0.99039247
1.0611147
1
1.2375175
0.75907272
1.2901262
0.78727997
0.96253359
0.56886384
0.92727775
1.2755881
0.81965155
0.81465294
2.2747609
0.86031571
1.1747635
1.0015078
1.3592512
1
1.1752304
1
0.98194569
1
1.4925772
1
0.80966945
0.99946022
0.78064809
0.98079918
1.1314508
0.99900402
0.5517812
1
1.2696161
1.050455
0.95172725
0.65515458
1.1030961
0.76685794
1.0084582
1.0745697
0.67474815
1.1046804
1.1935989
1.0717085
0.99307144
0.88615264
1.1432721
1
1.2616657
0.98279735
0.84471955
0.99237169
0.83806897
0.99630193
1.2624887
0.9780498
0.77266213
0.99112903
1.0900227
0.98970696
0.93997693
1
0.79622952
1.0477155
1.0465967
0.81682185
1.2002985
0.47047
0.93476578
0.59442838
0.82176313
0.7853837
0.79781455
1.0318996
0.83331091
0.74408954
1.0228619
1
0.92340958
0.98296573
0.86171112
0.99922107
0.84515593
1.4368207
1.2373907
0.99939942
1.0569052
1.1258708
0.64538129
0.996096
1.1936949
1
1.0841103
1.0278594
1.0567628
0.72506524
0.75064271
0.66868682
0.87470575
0.46294917
0.73661935
0.95109187
0.93659912
0.83546994
0.85476325
0.99903041
0.73713414
1
1.2301186
1
0.90322469
1
0.81552102
1
1.0720615
1
0.97843042
1
1.0754379
1
1
1
0.75738796
1
1.256227
1.3179716
0.77719089
1.8812642
0.84624492
1.6601855
1.380485
1
0.18117969
1
0.91065875
1.0431406
1.058723
1
1.0704983
0.44323513
0.96035913
0.73608511
1.0065348
0.42376561
1.275873
0.73696018
0.9426392
0.49662921
0.80461616
0.73518736
0.67584649
1
0.69108596
1.0557365
1.0669285
0.46802618
1.276274
0.74604464
1.0934863
0.85498813
0.84678332
1.4131686
0.77031576
0.8663051
0.17338754
1.0778614
1.0212462
1
1.2563762
0.69203541
1.4774252
0.84774065
1.7223334
0.72649444
1.642506
0.76821373
1.5747655
0.67985031
1.3709802
0.97810454
1.227668
1
1.1962338
1.0565159
1.1902455
0.83356444
0.93129488
0.69119998
0.83798417
0.55043385
1.0450039
1.379622
1.3404059
0.84136373
0.91180363
0.77955381
0.62802507
1
1.5950378
0.96433855
0.91070248
0.91245157
1.1021335
0.94116134
0.92001157
0.93593215
2.0269551
0.69855734
1.1119697
0.94807958
3.4299058
1
1.3148171
1.0756213
0.7807125
0.85458205
1.6159729
0.79770263
1.0316916
0.79132349
1.0138918
0.92232799
1.3288048
0.94260598
1.3006405
1.1758519
0.9999857
1
0.87657288
0.92379507
0.91096317
0.9231121
1.2479488
1.0236778
1.4191975
1.2160798
1.9788593
1.0514855
1.5367102
0.94936129
2.1622092
1
1.007167
0.78730963
0.85286446
0.8803887
1.3314409
0.92959979
1.3546037
0.66711336
0.97635006
1.368526
1.0632774
0.73481837
1.4915114
1.0864295
0.94344216
1
0.82326362
0.8117571
0.72252428
0.8389441
0.74652084
0.75519431
1.3644717
0.8777145
0.87872994
0.53724567
1.1527564
0.73159545
0.78254812
1
0.58061831
1.1914134
0.74073047
0.8515332
1.1010279
0.9899655
1.3833815
0.6574751
0.89093186
0.9716756
1.4452416
0.86947692
0.5106888
1.3293839
0.83211309
1
1.0460339
1.1764123
0.7538529
1.2067718
1.2136001
1.1118867
0.97590143
0.96580184
0.70758148
0.78876597
0.88515114
0.95302811
0.07930827
1
0.40684177
1.102036
0.64894063
1.0469629
0.684539
1.0255243
0.8949359
0.93310305
0.8500375
1.5513892
0.65532285
1.2090534
0.49921663
1.0612101
0.91214479
1
1.2323846
1.1331697
1.0259216
1.0562337
1.5652747
1.0571838
1.2248904
0.98307956
1.1035248
0.62784033
1.1001983
0.95826396
2.1179163
1
1.2276591
1.1510637
1.059316
0.70751241
1.2134167
0.86311147
1.1809844
0.83789633
1.1809336
1.3456888
1.222084
0.84275973
1.3933059
0.87658707
1.1166072
1
1.1874529
0.99923808
1.0801112
1
1.1504482
1
1.1379785
0.99999999
1.0829553
0.97668538
1.101308
0.97085849
0.92357248
1
1.1724121
1.1946257
0.94596636
1.1976415
1.0285784
1.4719702
0.85556012
1.0458221
1.8486677
0.94593584
1.3169651
0.74991437
1.3040382
0.24435373
1.1640355
1
1.170409
1
0.93512946
1
1.1928853
1
0.97456021
1
1.3420626
0.99888389
0.92903542
1
0.87455414
1
1.2229535
0.766907
1.1089989
0.95926325
0.99700211
1.5369664
1.1361872
1.1356217
1.5614757
1.7810205
0.93305524
1.1170433
1.02611
0.99613875
1.1697493
1
0.86143976
1
1.4816309
1
1.0437411
1
0.8662184
1
1.2130555
0.99961902
0.95088289
0.99999999
0.89488572
1
2.1015912
1.2732499
1.6502119
1.0206904
0.98756025
1.5690635
1.2422748
1.4061969
1.276356
1.084435
1.3610768
1.2098473
1.3294935
0.88713659
1.2806542
1
0.71080589
1
0.94540252
1
1.226708
1
0.99542947
1
0.94811153
0.99978387
1.2126241
0.99578456
0.90414171
1
1.6218151
0.96577767
0.79018694
0.79455588
1.0523847
1.1187465
1.1884535
1.537457
1.2062129
0.93387646
0.87773062
0.88310778
1.0430505
1.0605944
1.1242388
1
1.2597528
0.94836381
0.86036303
0.99764475
1.6816849
1.1766312
1.3483848
0.99516569
0.76168008
0.99675041
1.4391287
0.96593485
0.93916004
1
1.0990295
0.57688039
1.0988112
0.93775984
1.2322813
0.86793219
1.107562
1.2757546
0.94404782
0.84395072
1.0869073
0.87363825
0.94800705
1.1486455
1.2567459
1
1.1427913
1.1420546
0.83083133
0.99780637
0.79757947
1.2836729
1.1698815
0.99618835
0.99871465
1.0594155
1.3682134
0.99584518
0.50377294
1
1.5236433
0.89849985
0.99604446
1.1750736
1.3198887
1.3346163
1.0441445
1.2585359
1.0273254
1.2629958
0.92987551
1.2252855
1.1274855
1.2069941
1.0157967
1
1.6201835
1
1.1221304
1
0.79940428
1
0.9182778
1
0.93448505
1
0.88825672
1
1
1
1.0572241
1
1.2473161
1.0176306
0.87065012
1.2597875
0.89776866
1.521692
0.87867045
1
0.45247189
1
0.9792414
1.8057283
1.0104681
1
1.0445496
0.6838437
0.93490529
0.67151855
1.8258775
0.8649351
0.98292416
0.95509276
1.4902721
1.2157835
1.4537395
0.95783635
0.39908813
1
1.0051436
0.96484454
0.93903545
1.2158105
1.2011675
1.6988319
0.93375989
1.1018972
0.95323398
1.4598463
0.76520612
0.88681361
0.79881658
0.51617219
1.2673917
1
1.0679257
0.60515538
0.98541129
0.99904239
1.2930303
0.60468901
1.1200697
1.0179758
0.85330474
0.69272857
2.1490029
0.90992769
5.1527077
1
1.4632078
1.2311479
0.964789
1.1032818
1.0406002
1.1599798
0.97788531
0.78800369
1.3201762
1.3356296
1.3849378
1.262485
0.69446073
0.76756819
1.1784137
1
0.80369504
0.76855934
0.9838288
1.13972
0.90296112
0.87186746
0.9149743
1.0658312
1.190731
0.94767594
1.4012148
0.96900252
7.412824
1
1.6309281
0.83394476
1.3079769
1.2024831
0.76753372
0.94672926
1.3346181
0.70630004
1.6165709
0.90620125
1.7130239
1.0677337
1.9174138
1.0956978
1.1904289
1
0.89703943
0.94057547
0.87535206
0.96444816
1.0788013
1.349992
1.0104261
1.6129536
1.6232225
0.81525955
1.1314726
0.98464416
7.3077152
1
1.3169504
1.0182837
1.0375435
1.5656247
1.3838922
0.98658721
1.6466246
1.1226046
2.1402557
1.170657
1.4399806
0.9497704
1.6700885
0.97514717
1.3866419
1
0.73275699
0.66471021
0.8834212
0.98604249
0.95648968
1.0275622
0.75563915
0.98805746
0.98197794
0.942701
1.3773415
0.94531967
0.87215075
1
0.80627385
1.2506885
0.66941999
1.3078994
1.0769898
1.3088399
1.4271995
0.92151097
0.81281521
0.79426178
1.1518686
2.2950938
0.925825
1.6408643
1.1171365
1
1.4812969
0.78138081
0.79365087
0.98812505
1.1709284
1.2940951
0.59047886
0.98713856
0.81851646
1.029094
1.0334677
0.98292613
0.49332607
1
0.73379184
0.60015225
0.65983102
1.2343351
1.0374588
0.73142535
0.64082962
0.58334
0.7388213
0.73465406
0.8009559
0.67982367
1.036243
1.0471512
1.0038536
1
1.3056624
1.2435145
1.1801921
0.99200181
1.0487814
1.3280973
1.0734496
0.98282705
1.1105941
1.0238997
1.1955211
1.052916
1.418706
1
1.5357182
0.90846999
2.6135404
1.4768829
1.3637736
2.2147311
1.3230452
1.4225012
0.98882447
1.0613317
0.89759735
1.0898951
1.1964569
1.2131767
1.4078
1
1.0524486
1
1.0007646
1
1.0164324
1
1.0950844
1
1.1125954
1.1992474
0.88539923
0.99016957
0.91216373
1
1.1464876
0.90155827
1.0018781
1.0052072
0.86221528
1.3049643
1.2953081
1.0105434
1.804809
0.93269976
0.85776251
0.82429808
0.98356119
0.83546995
1.3480578
1
1.0417154
1
0.99849087
1
0.99803939
1
1.1348781
1
0.99795792
0.89828856
1
1
0.99565305
1
1.3815943
1.3832565
0.93375311
0.86889158
0.99243293
1.1172238
0.99408576
1.4489835
1.3039276
1.024796
0.98507279
1.0137728
0.95772578
1.1354659
1.5606755
1
0.98683675
1
1.0054377
1
1.18239
1
0.90004545
1
1
0.85999527
0.99603236
0.99995355
1.0540059
1
1.1936978
0.98533859
0.93459556
1.1267669
0.98363874
1.7451995
0.93326964
1.120628
1.9177386
0.96618585
0.98811215
1.0601253
1.0099434
1.3752933
1.4660547
1
1.3004506
1
0.99901466
1
0.94865257
1
1.0866777
0.99934946
0.99987221
0.99969529
1
0.99976656
0.85165158
1
0.92457329
0.75311466
0.92522347
1.3874512
1.0734717
1.4069328
1.1674785
1.3523555
0.94399833
1.1517927
0.98547508
0.70521837
0.99392401
1.2014974
1.4341441
1
0.99974723
1.2772427
0.94147185
1.2091648
1.0936386
0.99038155
1.329723
0.99786152
0.95752036
0.99258531
1.203173
0.98018596
0.93192456
1
1.0218868
1.1187621
0.77296066
0.67493014
0.79735298
0.93810375
1.1308177
1.2419863
0.66351897
0.69933609
0.8007402
1.0037061
0.9121313
0.69281129
1.2989732
1
0.79585087
1.0702487
0.81811528
0.9906778
0.95079872
0.97375944
0.95414662
0.95654091
0.99698875
0.98008956
1
0.9986791
1.1979226
1
2.147386
0.90358366
1.0859088
1.2657712
1.2173004
1.0926511
1.2662577
1.6362408
1.6876875
0.5075278
0.89242422
0.57186955
0.99185782
1.3389544
1.20067
1
0.81044461
1
0.95609405
1
1.4430196
1
0.99662243
1
1.2226051
1
0.98956345
1
1
1
1.0542286
1
1.0948579
0.94346494
0.88444353
2.4301502
1.7123342
1.3779354
1.4229709
1
0.59001175
1
0.77989767
6.4003961
1.1498765
1
1.3312071
0.56216701
0.90367048
0.76458906
0.86863109
0.63390971
1.7155828
0.74243692
1.0125525
0.78608997
1.1247762
1.1876111
0.9843191
1
1.4533405
0.86997093
1.2313556
2.0736417
1.7109582
1.3973122
1.5961233
1.2038521
1.2646512
0.88392017
0.50702333
1.3278572
0.92546226
1.2693134
1.6454174
1
1.7096524
0.70959878
1.1218898
0.96553858
1.2105642
0.88891648
1.0195187
0.79259427
0.88224224
1.8862072
1.3942485
0.96725464
1.1340378
1
1.4926007
1.948648
1.1963805
1.8134898
1.0961128
1.1890031
1.1977256
1.019606
1.7790386
1.3782252
1.0320701
1.1231727
0.78702343
1.2261522
1.1367093
1
0.95183432
0.84276122
0.9994904
0.97333045
0.99090883
1.0145567
0.99264305
0.90375513
1.0920547
0.96572463
0.99955774
0.99420265
1.1106557
1
1.539178
1.2409927
1.4235858
1.4750885
1.185807
1.8613649
1.3569461
1.2826206
1.3395623
1.0550483
1.2666275
0.8688905
1.0584705
1.1225593
1.0943817
1
0.74414594
1.2293176
0.96721242
0.96778762
0.94797721
1.0974784
0.99888405
1.1246535
0.97221673
0.94442865
0.97929304
0.99184459
0.986623
1
1.2627047
0.95683086
1.1286836
2.0680914
0.86799968
1.1951285
1.969512
1.576963
1.0561546
1.1298707
2.3552689
1.8968099
0.83841118
1.0559479
1.7745169
1
0.86916807
0.81759308
1.1219653
0.81843154
1.1003657
0.93805892
0.90922624
1.4990579
1.3983639
1.2671127
0.95357689
1.2022873
0.89461126
1
2.5562387
1.7758375
1.2317301
2.206278
1.3859965
1.9781491
2.0042151
1.512858
1.3477315
1.2912062
0.89840532
1.6788701
1.1608185
1.0081984
1.2542108
1
1.0367187
0.9392657
1.1930905
0.99806833
0.97997562
1.1447141
0.94673252
0.98545846
0.96474087
1.1497633
1.1476464
0.99583163
1.0568762
1
1.3443994
0.70340508
0.82588261
1.9050642
1.4621013
1.1063475
0.93467265
1.0301223
0.74848384
0.64552896
1.775482
1.1755825
0.96321096
1.2738164
1.0611296
1
2.0166459
3.9466544
0.99274385
1.1369908
0.993356
1.1632315
0.99165201
1.1289132
0.98580061
0.84657465
0.99949748
0.98977392
1.0983108
1
2.726187
1.1573678
1.4993068
1.5171942
1.3439115
1.609462
1.3622455
1.4938619
0.89731581
0.80491572
0.65342963
0.79795165
1.1817712
1.2550428
1.8029802
1
