0.72228067
1
0.98821769
1
0.83776762
1
0.79868256
1
0.93580422
1.9073922
1.100009
2.6340559
2.4470643
0.29455888
1.0171381
1.6125989
0.94650473
1.40821
0.99712396
0.70298822
0.98323612
0.83656073
0.98384033
1.3008591
0.99964901
1.7560296
1.0364576
2.6488482
0.80055599
1.0341938
0.52792249
1
0.71942659
1
0.83961053
1
0.80362748
1
0.81523117
1.6572628
0.71326921
1.1957783
0.94962864
0.56420705
0.83214887
1.565025
0.51679249
2.5959546
1
1.5546486
1
0.79765133
0.98677124
1.0441073
0.79308068
1.3558656
0.74583386
2.3586055
0.82772218
0.91327746
0.70264013
1
0.84105589
1
0.79277256
1
1.0739506
1
0.94764857
1.1362047
0.90949248
1.6405656
1.9719442
0.28315965
0.99974886
1.0124123
0.89949611
1.6152521
1.0166074
0.8396314
1.016411
1.0334648
0.79520383
0.7645941
0.9557096
1.5574127
1.0134356
1.5991171
0.85338512
1.1174854
0.71684986
0.9998614
0.45312237
1
0.6544063
1
0.96025539
1
0.84465733
1.9414094
0.83996785
1.7237157
0.94380293
0.40754165
0.8950136
1.1265684
1.0352742
2.0446712
0.84958054
0.93040927
1.12804
0.79664531
0.88388748
0.92320594
0.81545968
2.3878001
0.96974365
3.1176553
0.68638763
1.0037482
0.96251263
1.3492294
1.125023
1.0343157
0.98035506
0.94281392
0.8771738
0.80740841
0.78098936
0.42085442
0.7095996
1.5501969
0.72925359
1.004023
1.0580388
0.69476481
1.0570401
2.2305934
0.85479147
1.3320842
0.98061839
1.5011856
1.0147555
1.051797
0.81641593
3.2200679
0.69698131
1.5165215
0.94655513
0.93058707
1.1276783
0.96153648
0.92698777
0.85944462
0.98150677
0.93735236
0.83475148
1.3094995
1.2809138
0.13177251
1.1723536
0.57850403
1.3766072
0.73683557
0.82404862
0.14390886
1.1792062
2.675499
1.1727893
0.51104372
0.87227785
0.6051904
1.0958405
0.33823087
1.0432404
1.3861326
1.0644008
0.61416222
1.2304645
0.96320511
1.3293122
1
1.2099563
1
0.95034433
1
1.554273
1
1.5110436
1
1.5139055
1
1
1
1.9365651
1
1.6510788
1
1.1446804
1
1.4052182
1.3573848
1.079446
1
1.0747343
1.9264413
0.68750422
1
0.9172224
1.1373067
0.74630772
1.486383
0.71619618
2.0498579
0.65011278
1.6848517
0.92915984
1.226305
0.91650963
2.8694784
1.077353
7.0653509
1.8264071
1.3917421
0.76516174
1.7142091
0.78288836
2.2772111
1.1030365
0.96186321
2.6911881
1.5446136
1.4569219
1.4729799
0.84524273
4.6366383
0.53269623
7.7124745
0.86334929
1.2377646
0.16745755
0.96044485
0.22836797
2.6478374
0.34575735
2.1840513
0.4556137
3.0188199
0.46861322
2.7685576
0.26263601
2.3891817
0.32639286
1.5161795
1.0870822
5.763984
1
1.1521379
0.85362982
2.9161881
0.51188894
6.4606793
0.79358098
4.5671347
0.44143461
6.3832641
0.24891798
4.3020735
0.78272274
1
0.55928615
0.91423149
0.74792046
1.3975214
0.68548508
0.88171055
0.66262347
1.1516632
0.88424041
1.009251
0.6201234
1.8086046
0.37743174
1.6232456
1.7540679
2.2464097
1.3944518
2.1317733
1.2639907
3.8323754
1.4282108
2.6823462
1.6471623
1.4943737
1.1010975
2.0589007
0.66577588
3.0578699
2.6065361
1
0.75233555
0.65907072
1.0751001
1.0542812
0.88232074
0.90227983
1.2989876
0.7193354
1.0385829
0.45308787
0.78271328
0.70353948
2.6990054
0.86845958
1.3672882
1.0973219
1.1747043
0.91129572
2.4704098
4.4358229
1.199911
1.1530783
1.4269923
0.89177963
0.9585636
1.1276261
3.9072949
0.97380557
0.772165
1
0.83137577
0.37721003
0.75211874
0.78154452
0.76092028
0.64192866
1.0327349
0.71809949
0.82169507
1.8861047
0.55963987
2.7809944
0.64659947
1.1763311
1.0084483
1.6312089
0.92675393
2.1569627
0.97406413
1.0259203
0.74604653
2.4826169
0.95278931
0.99578497
0.8292547
2.5298389
0.53416719
5.0801663
0.79151708
0.97073216
1.13709
1.1391665
1.2094006
1.088581
1.0910178
0.91565554
1.1941825
0.26397434
1.1099419
0.28675415
0.76923713
0.49060258
1.0202151
1.1269968
1.0144621
0.54488483
1.4908676
0.9656877
0.83069663
0.62521068
0.97124746
1.6575999
1.1862522
0.60538442
0.78472796
0.97161203
0.70852404
1.6550281
0.86312536
1.148286
1.8710027
2.6918631
1.5466361
1.0818901
2.2089022
2.1756644
1.6464527
0.73788099
2.3380677
0.27991179
2.0199185
1.7466825
1.2275658
1.5221204
1.0973014
0.3165278
0.11674165
2.8253243
3.1505195
0.44279463
1.2572364
2.3790714
0.74465236
0.2559177
0.97527564
0.85686502
3.9968184
2.1549336
2.3592094
1.2174573
0.83366588
1
0.75946863
1
0.8770395
1
1.3134986
1
1.2333464
1.1211093
0.75492306
1.3921243
0.81535791
0.33372143
2.331882
1.1426739
1.0547551
0.75635846
1.1927565
0.55239
0.99399397
1.1794864
3.03008
1.1139897
2.118714
1.4053081
1.5111193
1.5164049
1.1636493
1
0.55750371
1
0.81400047
1
1.1908839
1
1.1941082
1
1.8294652
0.85970702
1.7298059
0.61062957
1
0.51749868
2.138002
1.1894075
1.27435
1.5869976
1
0.94640984
1
1.3152478
1.1036523
1.0524569
1.1096184
1.6222304
2.1460496
1.7152943
1.5654364
1
1.0429085
1
0.97602854
1
1.5701368
1
1.6258209
1
1.9168992
1.2970385
1.078604
0.85718662
0.93829654
0.2981556
1.9202744
0.87130277
1.4331846
1.0160282
0.99108589
0.73697145
0.99650878
0.87927172
1.8972462
0.76379221
2.1305295
1.3740646
1.6034569
1.0062105
1.2832526
1
0.97761245
1
0.59008578
1
0.92986152
1
1.5589577
1
1.4060091
1.4119103
0.86718893
1.7860177
1.0353792
0.44449389
1.6904399
1.0684798
0.96620767
1.3865858
1.2323034
1.1699753
1.2063759
1.1282005
1.8157958
0.74854096
1.8570863
2.059374
1.5145137
1.747308
0.98719809
1
1.3119297
2.0354304
1.6140917
1.3222463
1.5245821
0.91279172
1.6972444
0.62655571
2.4974151
0.49636661
2.6579846
1.4517618
0.25963677
0.81222732
2.6734724
0.82584701
1.5683339
1.7497112
1.7736018
1.4466363
1.7492878
1.753522
2.4782338
0.88786281
2.3734881
1.3760154
2.9052247
1.864463
1.1624006
1
1.2490529
1.6367023
1.1490897
1.0596495
0.79173516
0.95878309
0.95073543
1.0627605
2.1884302
0.64636484
1.9494091
0.86966916
0.61902992
0.90036808
2.1455993
0.58250138
1.1605026
3.6550276
1.4589754
0.57377275
1.588033
1.1093103
1.7755914
0.93676574
3.155037
1.1836242
1.005388
0.63944964
1.2901151
1
0.85212745
1
0.3927108
1
0.7060593
1
0.52344495
1
0.40723007
1
0.55006325
1
1
1
1.5066402
1
0.98748294
1
0.92831666
1
1.2828618
0.57497084
1.2899317
1
0.76770143
0.53284211
1.1347144
1
0.30858212
1
1.0728815
1.1085183
1.0932559
1.1350001
1.5919254
1.3019062
1.8313027
1.1085593
1.2091576
2.5092671
0.22083406
5.0778978
0.56631972
1.3561853
3.9990613
1.1795366
2.0734693
1.4653348
3.5491343
1.1076338
4.5475809
1.6296816
4.386142
0.85504237
2.3166307
4.1975562
2.1993734
4.7974011
1.2921932
1
0.78026595
0.99499029
3.0644932
1.9078204
2.0228393
1.981099
2.5074669
3.269541
1.0746504
3.6879174
0.88437658
2.5973203
7.8277499
1.4184733
5.5597096
5.9120837
1
0.51042832
2.4822972
2.3328812
4.3681401
5.5632589
4.5364475
4.2075203
5.8973006
7.3042615
2.5790629
4.046185
0.83461128
1
2.4422105
0.71372304
2.0109894
0.83171346
2.0064565
1.2569291
1.1117088
1.0791028
1.7063367
0.97759642
1.2939325
2.3555293
1.9045966
1.9100729
1.8798797
2.47448
1.8965685
2.4509501
2.2202548
2.9121057
1.5084923
2.4071894
2.9118989
1.6230464
2.3320644
2.3958191
1.3389344
2.7249183
1.9794557
1
0.30557896
0.86917453
0.42843354
1.0224844
0.56533337
1.1876462
0.43918518
1.1161721
0.42642279
0.86642095
0.50764974
1.0887302
8.7081397
0.770501
0.92995222
1.2265252
1.4526482
0.44884318
1.1209395
2.4731378
0.80794005
1.8211946
0.99307105
1.1137358
0.25213454
1.8113896
1.9111759
1.3639274
1.1780278
1
1.2324828
0.61277784
1.9742806
0.86469442
1.8614556
0.7295074
3.3023974
0.70295386
1.1673122
2.5466446
0.73854301
2.7729752
1.0957539
1.1014933
3.4614418
1.3608292
1.5257444
1.3638186
2.9400329
1.282866
2.6346745
2.5248716
3.7960493
0.63299643
2.5621544
3.7332601
1.6482411
4.2509869
0.95776744
1
0.76068885
2.4113913
1.529741
1.2017125
0.87052352
1.5715674
1.4293339
1.0468175
2.2811488
0.53906213
1.2601262
0.73880881
0.51789298
1.2084161
1.0468346
0.41552821
1.1039134
0.83089118
0.99010849
1.1206754
0.80912444
2.0225388
0.98966085
0.54487389
1.0071775
1.4339156
1.049354
1.0967758
0.94558084
1
1.1018612
2.0200497
1.1968697
1.5009966
1.1685937
1.4627979
1.196667
1.5510819
2.3364126
0.43224561
0.71534346
1.3442955
0.5832742
1.2369427
1.2100663
1.1509733
0.87218291
10.864993
1.1826227
0.37183641
2.3644867
1.38603
1.7285122
1.2062925
1.7041267
1.2178563
1.029812
1.6899726
1.5883849
1
0.60130234
1
0.69789065
1
1.1338532
1
0.81815222
0.86175266
0.76358893
0.85325902
0.75979921
1.1886148
1
0.29701519
0.96478088
0.97616039
1.0762826
0.38136119
1.2025959
0.37216505
1
1.0393237
1.4658237
0.93342109
1.2581101
1.1039666
0.78137837
0.91610362
1.0271646
1
0.69703411
1
0.98413531
1
0.89592499
1
0.99999993
1
0.99880448
0.93931779
0.99948569
1.4822718
1
0.42186734
0.91462913
1.0646565
1.3499627
1.247116
0.9999908
0.5345947
0.99805359
0.77873693
0.86456188
0.93018971
1.3415286
1.2494096
0.91161401
1.0075297
1.2908344
1
0.61292964
1
1.0871912
1
0.96985294
1
1.3108913
1
0.87349624
0.99564444
1.0567293
0.87726808
1
0.27976899
0.66192918
0.86057085
0.91673624
0.73291796
0.90864951
0.54381574
1
0.75967343
1.0830117
0.75062306
1.2772771
1.0128268
1.0781599
0.97479086
1.1940077
1
0.82546213
1
0.83059053
1
1.123287
1
0.97802776
1
0.80575676
2.1600815
0.88513938
1.0260638
1.0151013
0.3703507
0.97231379
0.97796311
1.157852
0.76326809
0.97222844
0.56211601
0.82668765
0.84102382
1.8767415
0.60732802
0.830275
1.4038158
1.07304
0.95084725
1.0019021
1
0.90369874
1.5678637
0.85404384
0.90296306
0.90813199
1.0783286
1.0655477
0.7444636
1.3136484
0.5476599
1.1209355
0.89722172
0.64016678
0.75756286
0.76864918
0.84449857
1.0283399
1.9552932
0.81192378
0.85067611
0.82004309
1.1665863
0.77267352
0.78970282
1.1261583
1.3497784
1.232612
1.3120596
1.158442
1
0.83304574
0.91327981
0.85609112
0.97815779
1.079675
0.98015086
0.83946227
1.13107
1.0270284
0.97749063
1.4205344
1.019211
1.0054056
1.0116468
1.1491079
0.95078449
1.2788475
5.578055
1.047876
0.46213161
0.93553813
1.2781203
1.2691598
1.4644939
2.0961965
1.4303496
0.97123508
0.76603951
1.3168285
1
0.56277863
1
0.71736899
1
0.7743308
1
0.65374114
1
0.56845734
1
0.75468543
1
1
1
0.20790428
1
0.26971828
1
0.56134339
1
0.26305377
0.44508204
0.30269816
1
0.45246405
0.59545919
0.58451517
1
0.17429743
1
1.0148914
0.6697202
1.075476
1.0135615
1.4445588
0.8562871
1.5947652
1.004013
0.61456587
2.0403944
0.55929108
2.6966007
0.58617979
1.2268334
1.0666092
0.788181
1.4105775
1.0582614
1.5664207
0.71897775
2.0301556
1.4195546
1.8726265
0.70471513
1.8851762
3.7061908
1.6605845
2.5476714
1.3265265
1
0.59762529
0.9815502
1.0598942
1.235442
1.6006135
1.490095
0.88080107
2.4989431
0.81340427
3.9666258
0.74405977
2.1881922
0.96653069
1.152587
1.4716399
4.8831635
1
0.35674745
1.3755332
1.2184689
2.7187857
3.7510681
2.1873086
3.3925324
1.5410643
7.4973809
0.36942204
3.2705864
0.95269289
1
1.1209395
0.81754755
1.1178355
1.1910304
1.0629586
1.400841
1.0374001
0.83680984
0.98796061
1.3358207
1.2399971
1.9958195
0.9999835
2.6353546
1.8297201
2.1270087
1.8814512
2.56237
2.1076469
2.0276618
1.2838021
2.4131964
2.2063975
1.7486257
0.8884012
3.9973039
1.0466461
2.0930446
1.4960877
1
0.19801696
1.044651
0.39068
1.0193302
0.47496576
0.5645783
0.53711886
0.93685703
0.33202098
1.0166844
0.41586083
1.1366739
1.0579389
0.67267286
0.34917059
1.0535498
1.3757305
0.20219975
1.1959304
0.88500204
1.006982
1.9443558
0.22840596
0.75750066
0.15970262
2.3139372
0.34699983
1.155749
1.3966718
1
0.68862562
0.77246851
1.4676799
0.86224703
1.0119593
1.213504
0.8483172
0.55209216
0.75633532
2.7716993
0.76731956
1.8211313
0.75774396
0.93281146
0.93529498
0.9966791
1.0653413
0.94761704
1.7215342
0.63214589
1.4116155
1.7686636
1.631906
0.53212854
1.087611
3.6064792
0.76638012
2.23528
0.95016759
1
0.89481691
1.5588278
1.1270842
1.443566
0.71906276
1.5999756
0.60901682
0.96667827
0.94330548
0.64213883
1.2544632
0.62923977
0.30366887
1.2583071
0.39049297
0.38571406
0.87387919
0.99289996
0.99738467
1.1071468
0.70910092
1.5518094
0.52058618
0.58526315
0.93401917
1.3170285
0.62594002
1.0550591
0.90659719
1
1.1690473
1.3996442
0.91169671
1.1035943
1.104985
1.7613303
1.159096
1.2573168
1.0378581
0.69201016
1.0823648
2.2696062
1.2418992
1.9361722
1.2087796
2.5033646
0.44999713
10.406116
0.79581597
0.75435732
1.3892484
1.647479
1.9979731
1.5345049
0.73173923
1.2169022
1.0740702
1.4222201
1.1302405
1
1.3954435
1
1.2359198
1
0.96278549
1
1.2656509
1
1.0064471
0.77357631
1.0321466
0.89664846
1.8846089
1
1.3536674
0.44952037
1.0153075
1.3019603
0.91728427
0.3173905
1.5322606
0.4674881
1.238712
0.35505716
0.97009885
0.39307331
1.0663735
0.31749955
0.89149504
1
1.1252976
1
1.2999548
1
1.5133309
1
1.3259756
1
1.2183713
0.96305272
1.0764709
0.97938671
1.4190543
1
0.97287566
0.68837294
1.0828503
1.2072868
1.0231829
0.43912643
0.99986952
0.5350431
1.1538506
0.58332183
1.5832641
0.59777007
0.8181409
0.78293017
0.91468335
1
1.1667056
1
1.29526
1
1.4800026
1
1.4145084
1
0.94651051
0.89576509
0.72084544
0.94588385
1.9508016
1
1.2470409
0.69292236
0.88789955
1.1368932
0.92594309
0.63495679
0.94696032
0.69229393
1.2949929
0.70527961
0.9375794
0.61389165
1.4035101
0.56004274
0.89285193
1
1.1135385
1
1.0703984
1
1.1153921
1
1.1123271
1
0.91140602
0.96762735
0.77927542
0.97378199
1.6195703
1
1.1831248
0.49379443
0.84572025
1.7736727
0.93401915
0.55040601
0.90796751
0.55566481
1.3718293
0.5269826
1.0445081
0.6194494
1.2482798
0.65789
0.8132008
1
1.0992959
0.93855355
1.189449
1.1906058
1.2030802
0.96144955
1.2637664
1.0837468
0.63141348
0.56227527
0.5845878
0.65036971
0.74295276
1
0.9079577
0.85705433
1.0354565
1.7096795
0.98589279
1.2082543
1.0364608
0.40903426
0.97842
0.87523931
0.67552824
0.64576548
0.67699443
0.23268424
0.82139787
1
1.8032952
1.1722652
1.4542097
0.99386192
1.4181723
0.99469643
1.1780561
0.93110929
1.114586
0.54518383
1.4608291
0.90087764
1.422577
1
1.0552031
0.72163572
1.4251825
3.3670017
0.91918193
0.79663022
1.0589968
0.76927477
1.3779212
1.6332334
0.82935106
0.87711509
0.92107352
0.37564669
1.005661
1
1.2934738
1
1.1591335
1
1.089788
1
0.93111686
1
1.3418836
1
1.36545
1
1
1
1.0642122
1
1.3633294
1
11.855639
1
2.6170275
2.5285444
1.9735325
1
1.0352968
3.2029734
0.75251133
1
0.86173999
1
0.92689844
0.52215715
0.89388253
0.515648
1.045564
0.45265741
0.9380904
0.35814205
0.95758114
0.28687804
0.80618327
0.67954513
1.3731063
1
0.58327016
0.49950836
0.8075888
2.1582846
1.0715692
0.84035043
2.1193895
0.679549
0.97134813
0.69114168
0.77717666
0.58969375
0.94241562
0.77478844
0.90275936
1
0.23400624
0.22952526
0.30692644
0.38002223
0.36872259
0.7766768
0.52010271
0.64862629
0.47061988
0.49213335
0.2507769
0.31462251
0.26264113
1
0.54601119
1.2883057
1
0.81014022
0.56651195
0.76107686
0.41986025
1.5267377
0.37709447
1.4154186
0.24255438
1.7656761
0.25260476
0.27688317
0.7633265
1
0.89272961
0.71706994
0.8870957
0.89888128
0.79185547
0.76004497
0.66902788
0.93139928
0.76939249
0.75109535
0.39602875
0.66039583
0.25343974
1
1.2336224
0.79177643
0.76913001
0.72210822
0.3671657
1.5356681
1.14431
1.1716272
0.86264239
0.82241826
2.6574322
0.83387775
0.49166943
1.0734312
1.5230218
1
0.609201
0.51586407
0.71695699
0.85452671
0.54770692
0.85721121
1.1334564
1.1652163
0.88686213
0.40822153
0.80489994
0.47272254
1.8354319
1
1.0721244
0.60998784
1.2321413
0.78680635
1.2393165
2.1084755
0.98169406
0.78948863
0.99620844
0.99599548
0.67512104
0.47415731
3.3456611
0.35123487
0.828667
1
0.99649333
0.24446472
1.2032353
0.40872445
0.93912151
0.35427226
0.89468984
0.27543604
1.0613573
0.23411515
0.81348056
0.35545542
0.90007593
1
0.99664755
0.64924927
0.96272086
1.9000026
0.75688283
0.59046425
0.82778381
1.0346249
0.77347115
0.53973872
1.0682161
0.88145296
0.62056309
0.49028245
0.79459209
1
0.92889664
0.70697823
0.94464648
0.89608904
0.90653773
0.83541923
0.87109423
0.88481886
0.94004533
0.69006795
0.65859939
0.58328735
1.0522708
1
1.175532
0.22463061
1.5461358
0.80586359
0.49673663
0.57865046
1.0410007
0.6388329
1.0493369
0.39614093
0.83751681
0.80554595
0.71364411
0.28884471
0.86879999
1
2.3277213
0.9964342
1.8502849
0.89491471
1.9881935
1.1184935
1.528604
0.62059475
2.3442141
0.41351791
1.5562255
0.91498987
1.0402654
1
0.89857769
1.3173927
0.37677932
2.5634663
4.4169088
0.59352618
1.9594956
3.0435695
0.65480629
1.0695923
0.95733526
0.94906383
1.9836824
1.2619889
1.8535738
1
0.90447923
1
1.0976073
1
1.0585723
1
0.9170867
1
1.5032411
1.2351061
0.48502324
0.70085691
1.3256099
1
1.437869
0.84419869
1.6355858
1.7505912
0.55907779
0.69329603
0.72000989
0.9077179
1.1337613
0.92401285
0.55224298
0.93315483
0.94175395
0.93756975
1.3423248
1
0.94456625
1
0.76899432
1
0.65081514
1
1.0700682
1
0.89992839
0.92568494
0.38898596
0.89867393
0.97915843
1
1.1704557
0.82613588
1.4046335
1.2714521
1.105082
0.5879106
0.99598579
0.87058366
0.91309216
1.1610405
0.67004292
0.9850914
0.72019144
0.90106781
1.3735643
1
0.71149806
1
0.63859607
1
0.79607495
1
1.2268573
0.99999998
1.1983093
0.78191675
0.74024415
0.8995689
1.0856461
1
1.5772553
0.65514031
1.3673155
1.3545995
1.1913235
1.037546
0.93814658
1.0745768
0.87997095
0.85359624
1.0916986
1.0201908
1.2904907
0.95275677
1.4054202
1
0.74403676
1
0.86907033
1
0.94138431
1
0.90422317
1
1.2077237
1.4022384
0.38828106
1.0846816
1.4220452
1
1.0028213
0.74962357
1.2106715
1.7641314
1.341922
1.1074095
1.1054978
0.90393619
0.88621668
0.78262513
0.76991471
1.2879543
1.0458525
0.99729554
1.1430617
1
1.0546449
1.1764458
1.307809
1.0518134
1.1617008
1.5791183
1.0277424
0.95565154
0.94431273
0.48297654
1.2637529
0.9543806
0.39967365
1
1.2663009
0.67544311
1.3086594
1.7928885
1.3266407
1.2874778
0.94622796
1.1748103
1.1791584
0.67126355
1.0100669
0.9908061
1.3188589
0.40688614
1.0650493
1
1.844297
1.3000733
1.2622175
1.1455423
1.0816001
1.0042743
2.1543765
0.87235159
1.4722468
0.71321412
1.5465029
0.75449489
0.63350962
1
1.608984
0.30421929
1.2717647
2.3215676
1.1687921
2.9894085
1.2510007
1.5056197
1.6611146
0.74833533
2.4107107
0.96729947
0.90692611
1.5705314
1.1368234
1
0.71333149
1
0.88476801
1
0.97275363
1
0.90107481
1
1.0531187
1
0.82121566
1
1
1
1.0494967
1
0.99097235
1
1.0801216
1
1.195484
0.64045211
1.8786005
1
1.2349805
0.46882734
1.4167866
1
0.53981001
1
0.74940943
0.89287341
0.70874564
0.57331665
0.99770696
0.61388644
1.0190719
0.49264291
1.1778857
0.85912062
0.50638485
1.1088368
0.59714636
1
1.5467206
0.90289516
1.398208
1.6072541
1.8060585
1.2058216
1.5973265
1.2357723
1.2350788
0.87766419
1.0157221
2.0158
1.2402737
1.7737978
1.2159214
1
0.34514015
0.65113437
0.71239739
0.97644782
0.83191589
1.6653099
0.8254618
2.2136646
0.68601412
2.2186451
0.35657415
1.405038
6.0806782
1
1.0305524
5.6892924
1
1.3353286
1.2122713
2.7734753
1.0710728
6.4896833
0.88386679
4.4936043
0.98386057
3.5481187
0.69972918
2.9362522
1.0292329
1
0.88334779
0.55360136
0.72726529
0.6849504
0.86900485
0.75941684
1.1959775
0.81743533
1.3721558
0.76409364
0.91625188
1.3287169
0.77425261
1
1.2068826
1.8990049
1.3393339
0.64076002
1.3521131
3.2625076
1.4287498
1.5404793
1.2360614
1.3269137
1.0038431
1.884748
1.4479459
2.2422711
1.9445089
1
0.40900933
0.57990269
0.57909082
0.63929864
0.98244048
0.4592164
0.90850619
0.44614774
0.68198731
0.5088655
0.61906808
0.8780628
3.4922585
1
1.1058948
1.2757708
1.6281328
1.0409431
1.7250384
2.7730717
1.4022774
1.6877766
1.0177539
1.2772905
0.86955155
1.8723847
1.2513349
0.96991963
1.0784931
1
0.80290888
0.32230159
1.0022306
0.5705308
0.72301229
0.44292937
1.2746154
0.59288038
0.76920027
1.1071516
0.67915675
0.76684871
0.89022804
1
1.562674
1.4313836
1.0321186
2.1872277
1.4027831
1.4087447
1.2551069
2.0593513
1.4087582
1.1003897
1.2239373
2.3573976
1.2159683
3.0416277
1.1242072
1
0.89125956
2.6022787
0.87219856
1.5080606
0.65728695
1.1955181
0.83569198
0.68064699
0.92498076
0.34030747
1.1191228
0.59917872
0.74758285
1
0.78600029
0.39677546
1.3208049
1.0003149
1.647916
1.2426099
0.99348734
1.1024703
1.0500349
0.58151461
1.48062
0.9545881
0.81241008
0.39458304
0.85801656
1
1.830207
1.1443415
1.4901939
0.81123276
1.3122988
0.88851929
1.2305502
0.64781028
1.3906055
0.38803155
0.84245685
0.97970914
0.78334252
1
1.5156431
1.0143121
0.57601098
2.9288067
1.1941301
4.190001
1.5176404
1.8333882
0.83012581
1.2166954
1.1950887
0.73377005
1.6236566
1.3960337
1.2511239
1
0.54282441
1
0.98832733
1
0.9315442
1
1.3064556
1
1.0209479
0.76209785
0.99356724
0.92966238
1
1
1.3117219
0.99454017
1.120722
1.3109198
1.0120112
0.67014189
1.0445813
1.2836632
1.4945721
0.95219766
0.84997463
1.0366338
0.79470114
0.73377346
1.3436427
1
0.56712461
1
0.80834972
1
1.2704159
1
1.2384805
1
0.66974676
1.0069469
0.74651712
0.99681678
1
1
0.76397006
1.3487869
0.64706743
1.1437624
0.98423029
0.95248472
0.98639007
1.0517404
0.94205963
1.0324226
1.0983767
0.86184988
1.5188644
0.72358446
1.224859
1
0.72117461
1
0.82761658
1
1.191056
1
1.1492145
1
0.974313
1.8741269
0.96735745
0.82743522
1
1
2.0588814
1.1823162
1.4137657
1.1795658
1.0795075
0.83913555
0.91642948
1.2031844
1.1530399
1.1704048
1.1848236
1.501078
1.0206303
1.3419055
1.4597182
1
0.90530989
1
0.95425839
1
1.1243911
1
0.86267816
1
1.1399462
0.95758353
1.0435692
1.1061674
0.72846006
1
0.91160161
1.0718424
1.2866916
1.4164173
1.0078232
0.9026965
1.0204105
1.0615532
1.2339172
1.0054618
0.85883342
1.8695338
1.052417
1.3499191
1.204587
1
1.0932552
0.8605126
0.92559484
0.99653602
1.3140862
0.93794183
0.88214327
1.0447521
1.1298642
0.48500649
1.0715375
0.79145021
0.85696873
1
1.3302464
0.96845729
1.1983599
0.8880011
0.77481429
0.72325396
0.97770402
1.3332168
2.2753007
0.78295106
0.82812804
1.4223569
0.74293259
0.54438787
1.1363075
1
0.88231959
0.99379487
0.74579626
0.99823029
0.82740456
1.1145296
0.90688447
1.0099205
0.77106462
0.78161609
0.96393487
0.8342014
1.0521815
1
1.1510488
0.64124071
1.0192797
2.0918526
1.0282271
1.6652749
0.91510582
2.0580672
1.7370786
1.0053316
1.6457583
1.3262398
0.88801917
2.1341775
1.1787552
1
0.3742906
1
0.73243511
1
1.098002
1
0.8181469
1
0.75330127
1
0.87008566
1
1
1
0.95521384
1
0.73898781
1
0.53264007
1
0.77553905
0.63968984
1.628607
1
0.47936638
0.4539863
0.56009083
1
0.2068274
1
0.68303155
0.68107632
0.76979469
0.75657405
0.92386339
0.79427261
1.6525478
0.77317096
1.2061404
1.2027942
0.5221602
1.0972437
0.35651785
1
2.5264139
0.96086951
1.809226
1.0563946
2.9393304
0.91411726
2.5153509
1.3721172
2.0889826
1.0504425
1.7414195
2.2988063
1.3638804
1.655738
1.3167455
1
0.84492129
0.99659092
1.5636813
1.0134085
1.397979
1.8689393
2.0642187
2.562185
1.8951311
2.7679584
1.2723752
1.7740918
1.1405163
1
4.5485814
5.3309229
1
0.87156116
4.0282949
2.250055
5.7575479
5.764957
4.7160776
4.6355049
26.188301
2.044923
1.893316
2.9088878
1.2811084
1
0.76694551
0.61956012
1.6584705
1.1806108
1.3954791
1.1326697
1.1456414
1.2553341
1.6835318
1.4089
0.9647637
1.5905283
0.99826704
1
2.8792174
2.5738068
2.4194145
0.85390698
2.8506143
1.8156241
1.8258371
3.21851
2.678617
1.5499575
2.0822207
2.7393108
1.2862733
2.3667178
1.4580931
1
0.29675142
0.90548772
0.5098249
0.87234768
0.6348425
0.78458142
0.49203184
1.3646341
0.78616005
1.0625606
0.73966515
1.7048182
1.1646411
1
0.59235688
1.4019624
1.4883362
0.57172151
1.3446861
1.3443708
1.3116983
2.3059414
0.60558577
1.3151459
0.51457375
2.2555744
1.0471657
1.2431435
1.2494114
1
0.81199174
0.3911855
1.4025335
1.2957198
0.74872707
0.96437467
1.9992079
0.60023297
1.8041944
1.1973958
1.0266667
1.0822124
1.1153442
1
4.4305074
1.4040752
2.2995011
0.87297799
2.5624993
0.90598729
2.5007533
1.7662875
2.7909593
1.1288563
3.7523306
2.7699338
2.450645
2.2982893
1.2133709
1
0.73193465
0.86818997
0.79770947
1.1444086
0.94934011
0.90421218
1.641264
1.2048684
1.0859345
0.84958224
0.95810686
0.65943921
1.0655734
1
0.82009164
0.65012823
1.0733632
0.65771101
1.1023847
1.6769453
0.69268844
1.0539332
1.1749658
0.66126225
1.1722524
1.3095086
1.0781907
0.64623677
0.75894961
1
0.56085008
1.2274263
1.0151154
1.1017065
0.87645657
1.2112659
0.79402864
1.0675277
1.1002662
0.58411225
0.99483226
0.89639762
0.9475283
1
1.2497901
0.89374612
0.51861266
1.1684042
1.5472106
1.9923665
1.4099696
1.2666627
3.2849396
1.0403742
1.1563348
0.48003456
2.476175
0.80096162
0.87378562
1
1.5308341
1
1.7079988
1
1.3909455
1
1.2862599
1
1.1050087
0.99857943
0.821077
0.99417822
3.1180885
1
1.2870053
0.43221906
1.3367255
1.0557579
1.2464886
0.34783632
0.95860521
0.34023481
1.3491983
0.54920296
1.0926074
0.96223281
1.0483866
0.86711429
1.0010383
1
1.011442
1
1.0795941
0.9994774
1.1050267
1
0.83170677
1
0.94856006
0.99410296
1.0204577
0.999631
1.6832907
1
1.5775451
0.79566761
1.0138091
0.55737807
0.91218912
0.31530514
1
0.45424009
1.123447
0.71923474
0.99531281
0.8654711
0.73638523
0.92088838
0.89919005
1
1.3304433
1
0.99337039
1
0.99677252
1
1.6680634
1
0.96393393
0.99362616
0.4947108
0.98392084
0.89637342
1
1.1066826
0.92841316
1.0557721
0.74347727
0.98310986
0.65021666
1
0.74045419
1.3323091
0.88611761
0.91068936
1.2471802
1.313263
0.97698644
0.96839854
1
0.97787613
1
0.75089323
1
0.85063802
1
0.68351273
1
1.2966514
0.99996948
0.90745242
0.9996272
2.5924984
1
0.93156257
0.92080667
1.0510127
0.87417646
1.130439
0.93526883
0.96372813
0.73714204
0.78189728
0.81819405
0.88040628
0.91499284
0.62913494
0.96263389
0.85874307
1
0.97336427
0.9872235
0.58056251
0.99626454
1.2806404
0.99240927
1.6688833
1.2041335
0.82797089
0.82165311
0.84567311
1.1096175
0.86498175
1
1.0074085
0.85907407
0.99201441
1.7346072
1.078197
0.81037756
1.0127894
0.34076638
0.91551301
0.99830657
0.87469046
1.028392
0.87335741
0.77427694
0.77622827
1
1.597338
0.99490273
1.1782824
0.99971082
1.2978021
0.9984731
0.99748446
0.99284286
1.1274022
1.1907099
1.4809983
0.98821388
1.0494598
1
0.78301843
0.94899545
1.1593141
3.8267675
0.90579609
0.97728824
0.9153785
0.65191392
1.0561558
1.032244
1.0810285
0.79696419
1.1507677
0.81890753
0.88481465
1
0.95496592
1
0.58283373
1
0.91635157
1
0.75050917
1
1.2649536
1
1.7457935
1
1
1
0.87550368
1
1.0756064
1
12.487615
1
1.0475421
1.5491708
2.2414894
1
0.72954638
1.4727043
0.68534685
1
0.72850278
1
0.94559162
0.39965623
1.0613911
0.64565125
0.96990522
0.38361577
0.77136214
0.49109812
0.89581726
0.45686455
0.6806843
0.56834122
1.4148558
1
0.80276962
0.36406559
0.82191402
1.7887377
1.0819174
0.81504152
2.6872292
0.72298243
0.79119588
0.75117047
0.9393329
0.70424062
2.3664789
0.82700568
0.71310805
1
0.26321281
0.39273765
0.52335141
0.60428146
0.57492798
0.55883912
0.74805772
0.79593679
0.46890731
0.9818004
0.40565116
0.76976574
0.22175475
1
0.41210292
0.75643613
1
0.44085221
0.38027094
0.28674681
0.2364736
0.62022693
0.20793509
0.83370742
0.1810467
0.84967688
0.32023226
0.58416936
0.3251139
1
0.90313204
0.63125565
0.85944316
0.76323294
0.82916045
0.55608448
0.70950016
0.82826773
0.38031879
0.74027635
0.44205866
0.88390995
0.26840958
1
0.43739845
0.68142902
0.72198285
0.62143829
0.5536958
1.0279456
0.47011931
0.56239942
0.13497767
0.85312788
0.49740306
0.89313976
0.38757998
0.91270777
0.44974746
1
0.41338776
0.86625232
0.87938628
0.83607008
0.93381904
0.79328003
0.76568826
1.237983
0.77163311
0.92206954
0.67741405
0.8555926
1.4108273
1
0.85010414
0.72974654
0.74083001
0.48696873
0.82403489
1.5988999
0.64432823
0.64463972
0.53631075
0.84818767
0.51957142
0.82820113
1.266863
0.88243753
0.56350395
1
0.97198336
0.53260321
0.74138964
0.77207019
1.1610582
0.54530154
0.89024012
0.77636569
1.3394806
0.5544178
1.0685762
0.590944
1.2239564
1
0.9973343
0.71479069
1.2553891
1.5409171
0.85872923
0.8163426
0.72309128
1.3357194
0.58634973
1.0009823
1.1304169
0.64406662
0.33014764
0.71446732
0.77538849
1
0.97052408
1.0748256
0.88382285
0.97398142
0.89593983
1.1461328
0.67687542
0.95985682
0.90315142
0.97090878
0.77176269
0.93507234
1.2993686
1
0.71717197
0.81477834
1.7121765
0.6508239
0.85233317
0.63559742
1.5048225
0.62313153
0.58259209
0.71963923
0.56899969
1.0200535
0.83595072
0.72671419
0.78727339
1
1.6895918
0.89931574
1.55354
0.98116339
1.4252255
0.93688751
1.2153473
0.96651755
0.99217402
0.87318552
0.82711128
0.93739255
0.60239219
1
0.82489336
0.81788948
0.34897376
1.5574831
2.8572406
1.1009571
0.93666836
2.4067851
0.48757991
1.2982234
0.6167352
0.96662914
1.0072694
0.93912668
1.4975122
1
1.2379564
1
1.1281259
1
1.2148075
1
1.2420397
1
1.089907
0.91630404
0.63462437
0.99977093
1.1883885
1
1.1040047
0.60955512
1.2714998
1.3198302
0.83534025
0.73665215
1.3385215
0.98722509
1.1451173
0.72023962
1.1340504
0.98405107
0.94999084
0.56339909
1.4036292
1
0.81514945
1
0.57495746
1
0.94975795
1
0.9940241
1
0.86135647
0.9973861
0.73014999
0.99902685
1.0040191
1
0.87543308
0.85610353
1.1736874
1.150987
0.99788273
0.96309445
0.96729357
1.0945206
1.203624
0.73150691
1.1197565
0.93433284
1.2086022
0.93211824
1.4977346
1
1.0812161
1
1.5044917
1
1.4390506
1
1.0790932
1
1.0519316
0.9987392
0.57340623
0.99963009
0.93932183
1
1.393891
0.9421121
1.236938
1.3034888
1.1236344
1.2503441
0.98023845
1.0702244
1.1459561
0.918893
0.94257368
0.85499808
0.89900082
1.4486342
1.5152459
1
1.4875796
1
1.1208253
1
1.2222505
1
0.98691331
1
0.94917715
0.99942792
0.8878276
0.99957116
1.2279202
1
1.1326627
0.64536427
1.0094611
1.6582952
1.1083581
1.461218
0.9101224
1.1612618
1.1559573
0.78807564
0.75731865
1.2608831
0.9115139
0.92171151
1.2246197
1
0.99369569
0.95284516
0.80489948
0.98836493
1.2429743
0.98572868
0.68026569
0.97914964
0.92584375
0.93532261
0.94694685
1.0016166
0.31086802
1
0.78869648
0.79748364
1.2887137
1.9079862
0.96788116
1.1083513
1.0817546
0.81480386
0.9967836
0.90665579
0.73549474
1.0946073
0.83134452
0.88690841
0.97207855
1
1.4014087
0.97554618
1.0104397
0.99781239
1.1419413
0.98534759
0.92800533
0.99445371
0.89534376
1.012611
0.86801184
0.99360341
0.72904278
1
1.2374377
1.7708414
1.4307744
2.5684062
0.91635041
1.0284039
0.88110968
1.3221889
0.7998017
1.3412383
1.035773
0.99840094
0.91625842
0.70286571
1.0198251
1
0.80802962
1
0.86563771
1
0.60515983
1
0.90801337
1
0.76005778
1
0.60514465
1
1
1
0.81503079
1
1.0007908
1
1.0370337
1
1.0106348
0.83493269
1.4833259
1
0.59004361
2.3625596
1.2688547
1
0.75423588
1
0.82391101
1.0148258
0.67686823
0.95308433
0.68301694
0.68477519
1.6855474
0.89001518
1.1620776
1.0783978
0.87828321
0.85298664
0.43140794
1
1.0845675
0.72751362
0.99586473
1.5151501
1.0759053
1.2984871
1.3441492
1.1158125
0.9850568
0.79707645
1.7796459
1.3047199
0.98081509
0.9779186
1.0020738
1
0.40203678
0.56204271
0.78902807
0.90836373
0.74388756
1.3655827
1.0107562
1.0201935
0.56824682
1.1938532
0.64473776
1.0433432
3.0627547
1
0.48358729
3.0664762
1
1.138831
0.63652988
2.1143287
0.40821038
4.9669238
0.33528235
3.379536
0.24128904
1.8095039
0.40624628
3.3067442
0.67782928
1
0.86978811
0.64312629
0.87995192
0.87127337
0.95754302
0.74191076
0.92254121
0.80229955
0.78328473
0.86374658
0.83018696
0.9783346
0.93980709
1
0.75794575
2.0471121
0.43157482
0.37154472
1.1861312
1.5363277
0.54763176
0.81509329
0.27863473
0.92836526
0.58786768
2.0197801
0.71380203
0.98920843
0.85521347
1
0.59812767
0.91494869
1.0769826
0.94854903
0.66232991
0.90373078
0.80254528
1.105628
0.78802156
0.84447429
0.72691385
0.93893398
3.0922647
1
0.93206798
0.64144034
1.2623455
0.6414754
1.2670188
2.8112568
1.0700014
0.90040093
0.64766584
0.91019712
0.43902992
0.92379135
0.67041462
0.73532215
0.84522031
1
0.73445852
0.5194652
0.66824799
0.82847031
0.76082029
0.75232364
0.96020844
1.0429508
1.7212476
0.86659605
0.94791901
0.95587414
0.98783713
1
1.076993
1.5939324
0.92369305
1.945692
0.91806238
1.2895036
1.1622342
1.7357047
0.97693938
1.7645579
2.0785585
1.3510575
1.084961
0.8099981
0.87223375
1
0.59353124
1.4051092
1.0196349
0.94787107
0.76287882
0.94556187
0.87126311
0.97923179
1.0107531
0.97839657
1.0444151
0.990137
0.64696964
1
0.65278452
0.5748926
1.3971225
0.71015148
1.1101675
0.82267303
1.1285876
0.76956814
0.84612528
0.95010491
1.1863892
0.90956617
0.68576872
0.86650699
0.857288
1
1.6337972
1.079319
0.94726393
0.99001909
1.1720682
1.0539802
0.84674044
1.0176035
1.0012046
0.87498708
0.97167544
0.98466034
0.61859849
1
1.1845682
0.76236513
0.42688729
2.3215324
0.76436764
1.1871145
0.90413997
1.6209347
0.46182624
1.143931
0.39453047
0.7512874
1.1956744
0.75047503
0.99274172
1
0.83573802
1
1.0484792
1
0.81411424
1
1.4135589
1
0.95663877
1.3596619
1
0.99863054
1
1
1.2861075
0.91538911
1.6261988
1.4306401
1.0008461
0.42548715
1.1767462
0.81477407
1.1097853
0.79143771
0.8952566
0.89923635
0.95012685
0.49308842
1.2993457
1
0.71581691
1
0.8314428
1
0.96272621
1
1.0935961
1
0.96199204
1.1312207
0.98615463
0.99994264
1
1
1.0005443
0.85248575
0.7257615
0.72519488
1.0000005
0.70182801
1
0.92328642
1.107267
0.82644971
0.87117535
1.4989817
0.99915677
1.1097799
1.3150048
1
0.93714453
1
0.97879329
1
1.1363174
1
1.0940799
1
0.99065944
1.1674248
0.94076346
0.99999238
1
1
1.7936429
0.90457508
0.99390233
1.0745144
1.1202988
1.1794603
1
1.3143435
1.5733251
0.89979597
1.0126976
1.3563107
1.1278828
0.87417549
1.6166079
1
0.85299922
1
0.99940888
1
0.99149922
1
0.94923484
1
0.95840118
0.97583282
1.0249907
0.99168954
1
1
1.0230822
1.0361329
1.3105269
1.5240252
1.2088588
1.1616228
0.91582484
0.85189688
0.92922481
0.83506106
1.3443266
1.1962996
0.96566891
1.1073294
1.3255462
1
0.87789791
0.98026595
0.91575553
0.97248312
1.0000009
0.92474509
0.90084795
0.9913472
0.97628099
0.96209922
1.1329877
0.99430432
0.82101763
1
0.81691018
0.74550624
2.4839947
1.1050444
1.0535765
0.69294565
1.7946614
0.87989062
1.13465
0.73143256
1.5127016
1.316728
1.1213465
1.1072354
1.0759057
1
1.1230167
0.88942834
0.86619427
0.99342064
1.154341
1.1427645
0.8551364
0.9963534
0.99913445
0.88494458
1
0.99674837
1.0267789
1
0.73942741
1.1630935
1.3562065
1.3517348
1.0517223
1.3172413
1.132051
1.5356405
1.3026216
1.8730587
1.4847931
1.2778207
0.98721612
1.1334176
1.0460771
1
0.77585154
1
0.95712744
1
0.94770461
1
1.1157945
1
1.0330621
1
0.9728403
1
1
1
1.4957014
1
0.84838018
1
1.0215966
1
1.1880581
1.2386564
1.3843612
1
0.7461267
5.4991697
1.2531895
1
0.48190474
1
0.35889253
0.73189217
0.65276554
0.66978885
0.75693801
0.82330901
0.91700143
0.87352346
1.11757
1.0083004
0.91684673
0.95788769
0.8663582
1
1.5065687
0.61155119
1.3015104
1.1054221
1.7279825
1.1235374
2.1001688
1.0610674
1.0605294
1.0306168
0.73967729
2.2666714
1.2792242
0.86721633
1.1814308
1
0.75851577
0.67195149
0.98310784
0.76323781
0.84838662
1.7016139
1.0929521
0.91510208
0.92834541
1.4247233
1.2592996
1.0361866
0.99999999
1
1.500352
5.3386445
1
1.89736
2.3394669
2.3917676
2.9906788
6.3679915
1.5189349
4.4137447
1.0537862
0.96781404
1.4398159
2.3451994
2.0951344
1
0.9524709
0.76777277
0.96631452
0.82612879
0.89719898
0.77402992
1.0648147
0.92640387
1.1350337
1.1154769
0.97866644
1.19851
0.99999999
1
1.2961202
1.7935112
1.0349378
0.27659761
1.9005009
1.2657291
1.7566983
1.9373801
0.91900947
1.2289403
1.0068655
1.4415738
0.87837896
1.2632615
1.1474516
1
0.584144
0.79708059
0.80253446
0.93779303
0.85403628
0.94196488
0.78063856
0.84436301
0.96756044
1.1450117
0.92445772
0.96549653
1
1
0.72901865
0.94827731
1.3860535
0.56691698
1.143315
1.0916205
1.6021853
1.6755846
0.64180911
1.3097594
0.87975179
1.4657465
0.77175212
0.94041876
0.99572685
1
0.89581394
0.66878685
1.0502974
1.0265814
0.80831971
1.015297
1.0677294
1.028947
0.80352837
0.93845267
1.1205062
1.1482973
0.99090282
1
2.8122464
1.5773328
1.6471266
1.3675301
2.4658648
1.1345003
1.8346575
1.6528129
1.7293321
4.6723141
1.3748585
1.6426427
1.00785
1.1714191
1.3630481
1
0.79178586
1.1281512
0.95782324
0.99746508
0.91623066
0.99201357
0.97679287
0.93447286
1.2421267
0.99028198
0.99772891
0.99878087
0.99216714
1
1.506478
0.72960746
0.95510356
0.57987938
1.1245954
1.0514062
0.80178929
0.95854452
1.5574519
1.0708118
0.98732261
1.4288844
1.0701797
1.2459429
0.67502111
1
1.1297359
1.6391339
0.89043655
0.97231161
1.1548574
0.92493648
1.0730681
0.90499571
0.9559575
1.0223997
0.99951797
0.99907278
1
1
1.1839551
1.0831817
0.82909581
0.95681347
0.68842951
1.0101602
1.6908952
0.64945673
1.1702305
0.95606374
0.78563197
0.030644224
0.9720259
0.78372685
0.78916628
1
