1.2776981
0.59859238
0.81010934
0.96614906
1.7613957
1.0953763
1.6905714
1.004951
0.86638151
1.0911884
1.1973131
0.95276978
1.6683599
1.7968774
1.4471083
1.045747
0.89230409
0.93506034
0.8907771
1.2312129
0.91403154
1.037269
1.4466027
0.99289668
0.97565704
1.4836277
0.7473146
1.068212
0.9034735
1.0627282
0.61004006
0.98706658
0.7329323
0.96510973
0.72396632
0.99422849
1.053165
0.99317122
0.85350771
0.71627278
0.87041313
1.0238402
1.2262721
2.3721455
1.3677545
0.81932891
0.94144828
0.90244297
0.67190376
1.2553626
0.92068736
1.1509986
1.0296514
0.6443985
1.2404294
1.5963781
0.80576428
0.94916796
0.79106778
0.90612038
0.59010829
0.90685799
0.53007916
0.97323736
1.0297793
0.93790147
1.1466453
0.95699785
0.83593865
0.94217655
0.83901646
0.96111298
1.3859211
1.3774009
1.1388495
0.85178473
0.67989983
0.93786129
0.72435756
1.0731238
0.79259601
1.0075205
1.2562726
0.73485965
1.3704891
1.1088461
0.5125248
0.62138486
0.79584309
1.0106855
0.49634934
0.97149749
0.68149691
1.0895719
0.70306532
0.95313193
0.79255381
0.73696416
0.89047078
0.81537879
0.97288949
0.76839682
1.0254217
1.4266362
1.0641032
0.79319213
0.89330351
1.0253731
0.81172771
0.92230888
0.9629692
0.84162892
0.87463129
0.53112689
1.4605458
1.0730612
0.79395554
0.63419813
0.80375244
0.99095651
1.0411873
0.91828643
0.64551346
0.82632058
0.71254366
0.83262691
0.61493082
0.86210463
0.93444471
1.4089616
0.86132637
0.81864309
0.50619396
0.59376765
0.93552267
0.73991767
1.0468165
0.89897828
1.2322451
1.7609806
1.2290205
1.220397
0.83632404
0.46085361
1.2390938
0.87617053
0.70564482
1.5761598
1.056336
0.71848112
1.0770564
0.72866863
1.2925618
1.5673314
1.112976
1.3274322
1.0554779
1.3545041
1.0028496
0.53847873
0.88143643
0.48028816
1.2285181
0.86356056
1.1218952
1.5938816
0.95387564
1.0420232
1.1626453
1.6566093
1.2157998
1.7735318
0.96866944
1.0427031
0.79555419
1.541902
1.1534331
4.6682073
0.95516348
0.96578753
1.6895664
0.46131464
0.83204476
0.66975646
0.88057427
0.75463198
0.78240738
1.0365121
0.84890605
1
0.87570965
1
1
1
0.24390518
0.96634332
0.64636185
1.0803631
0.75437417
0.87362731
5.5881717
0.92914386
0.67278552
1
0.71328365
1
1.0468678
1.9025106
0.7223675
1.1990728
0.64144355
0.6441913
0.51616913
0.84944364
0.65097089
0.87084579
0.78360414
1.1513089
0.78170262
0.89356753
1.2199677
0.82908592
2.5191325
0.84514169
0.72427585
1.0299218
0.81393696
0.99409039
0.70645082
0.94712401
3.7372423
0.88750588
0.88319806
0.63635162
0.96572945
0.83268117
0.68606279
0.74114834
0.88642171
1.3107103
0.6992388
0.60509001
0.73577565
0.60226693
0.7817321
0.8407265
0.76649994
0.74215138
0.69829013
1.0877948
1.0517925
0.51045704
1.3098893
0.6155163
1.4417909
0.98214713
0.99161342
0.9590541
1.0444661
1.1018158
1.0487478
0.97268794
1.7395441
0.84735162
0.80464485
1.5264301
0.89830133
0.57005933
0.98446561
1.020407
0.57686848
0.94627246
0.74712296
0.76816088
0.7344823
0.87138816
0.85591383
0.85603932
0.61727391
1.0110282
0.6601393
0.74516193
0.66726706
0.47895478
0.93836783
1.3041255
1.1594545
1.1774987
0.79570069
0.95768027
1.1052886
1.2728092
1.1210029
0.84800999
0.81627342
3.6180396
0.86165207
0.97623424
1.061477
0.92772898
0.8261614
0.64566386
0.64278672
0.69444042
0.88417728
0.7931594
1.2542401
0.8395035
0.83578079
0.76034219
0.81771726
0.81444184
0.65391694
0.68155968
1.0784895
0.97077012
0.85585209
1.3367293
1.0340569
1.1641019
1.3571815
1.1302419
0.89411608
0.74873008
0.34639195
1.3789718
0.40954395
0.92043126
1.1364609
1.1184288
0.77319302
0.77489601
0.58223628
1.4501235
0.81645897
1.3032258
0.75755336
1.4425932
0.94113492
2.9372425
1.4485659
3.2586469
0.88370722
1.7125961
1.5590213
3.0862991
1.1087107
1.18298
0.75687496
1.2492685
0.93599793
1.5380565
0.91870391
1.3357377
0.55555889
3.7048293
0.84441301
5.7757764
1.001831
0.96007877
0.94993826
0.72620806
1.2091687
0.86787727
1.0702642
0.70786171
0.78408338
0.64422535
0.89716632
1.1040793
1.2023709
0.73284876
0.74983479
1.4885259
1.052225
0.71139504
0.93178001
1.1541605
1.6391525
1.6858722
1.6011202
1.3586511
1.1684853
0.16928363
1.3593734
1.2660221
0.61458721
0.91488182
1.2633228
0.93934172
1.1006152
0.68839208
1.0787135
0.70089475
0.98405608
0.7728071
0.91603573
0.9048121
1.0139519
0.39334367
0.97769788
0.56596514
1.4006147
0.14101034
0.69028895
0.88334083
1.5688644
1.4231586
1.1780431
0.84369396
1.7257573
0.78626728
0.62920885
0.58937926
0.64987852
1.1200141
0.7838024
1.4740098
1.0017427
0.87135047
1.1173087
0.77845611
0.78862004
1.3967082
1.039063
1.0937679
1.3679548
0.75476922
1.297932
1.2552248
0.80981062
1.1486303
1.2382454
2.1014156
3.2354065
1.2039099
1.1698935
0.91240089
1.4971472
1.1733492
0.91841775
1.2224774
2.5207988
0.95141171
1.5234797
1.4093153
2.3172832
1.211546
1.0438618
1
0.69527616
0.9861418
0.99739375
1
0.89922586
1
1.4349875
0.80227052
2.1471434
0.91013041
1.5372977
0.65313239
1.0771953
3.4292613
1.9167064
1.0562585
1.0667083
1.017742
0.99335484
1.1366509
0.74004112
1.2843685
2.5458413
0.9249704
2.1476904
1.0285565
0.97348361
1.2073454
1.0107057
1
0.66982352
1.2876797
0.77087517
1
1.2993254
0.98724647
1.4656393
1.4446318
2.5614984
0.87526086
1.1516171
1.1994244
0.95511673
1.8909876
2.8374411
0.92979694
0.99111473
0.93432037
1.0593853
1.1583781
1.0921377
0.88058535
2.2505898
0.75854031
4.1898205
1.0620704
1.4607594
0.8225385
0.98805818
1
0.52939121
0.90743526
0.88471349
0.99913364
1.1524264
1.016749
0.8485226
1.2953926
2.4184312
0.74532492
2.3488929
0.77551689
0.75961985
1.6261044
2.017785
0.87973158
1.1577288
1.052505
1.1954114
1.1457085
0.75255842
1.1565664
1.1601036
0.65740029
2.7469195
0.73728774
1.4675817
0.89714335
1.0506354
1
1.0214262
0.64783634
1.2549605
0.9076739
0.91343983
0.92702638
1.2327735
0.67971828
1.5485001
1.0952126
1.9631098
0.83553666
0.58360242
0.72540616
0.83194085
0.69263144
1.1953948
1.1084561
0.79434008
1.4913244
1.6587879
1.4879623
1.0235198
1.0671436
1.2548095
0.9385195
1.3448235
0.98841688
1.0944501
1
1.1966468
0.73693956
0.85739142
0.60807848
2.2160321
1.1711259
2.123421
0.8172846
2.5939234
0.59980819
3.4390598
0.8885222
0.79558024
0.72892173
2.758251
0.75141702
1.2764904
1.0041477
1.1178161
1.6434404
1.6171116
1.3122233
2.6700187
1.1379881
1.7393977
1.3508514
1.9055699
1.4222707
1.04722
1
0.87526465
0.35200962
0.92266185
0.55664399
0.97338423
0.37291541
0.99998475
0.54594608
0.97024587
1
0.63645266
1
1
1
0.59999393
0.48156922
0.60620044
0.63028691
0.37764844
0.72116077
1.0863223
0.5299897
0.70889161
1
1.1271618
1
0.67694573
0.87683501
0.44864261
1
0.975254
0.83971669
0.94284163
1.0594232
0.93747212
0.9449856
1.2692194
1.2963087
1.775502
0.91894529
1.7474662
1.0123958
0.6888316
1.5905214
1.09178
0.84127756
0.84499757
0.96036175
0.46370558
0.85604018
0.82022723
1.163085
0.9636715
0.63573546
0.85305429
0.81606012
1.6341209
0.80280773
0.81438087
1
0.66191964
0.66368655
1.6049174
0.6504449
1.1688272
0.98654029
1.7465463
0.79314332
1.5860469
1.1480624
2.5297324
0.64960252
1.3183092
0.74863069
1.8763518
1.1762814
1.1502223
0.95066596
0.76763591
1.0315386
0.78576531
1.0439065
3.4808932
0.92396613
1.420682
1.5878411
1.4709383
0.79417612
0.99579176
1
0.88636321
0.90684526
0.89896433
0.89246656
1.2114167
0.89783886
1.6797873
1.0269956
1.3938166
1.0828856
3.1157721
1.096407
1.0045943
0.63278012
1.7168468
1.0610722
1.2523186
1.1215131
0.79130489
1.129336
1.7327103
1.2469872
1.3942513
0.92892077
1.2012227
1.3909302
3.7081553
0.80353459
1.1303494
1
1.183806
0.78244534
0.85058934
0.81539838
1.603936
0.98449177
0.94458546
0.81990047
1.7979148
0.84534033
3.8396237
1.1332789
2.2265828
0.64448955
1.6043904
1.0400552
1.1488945
1.1592394
0.88426046
0.87418487
1.5672264
1.1441978
1.508798
0.79011653
1.0105152
1.1482943
2.7264748
0.8704876
1.1677829
1
0.92767833
0.80204311
1.3858808
0.96787028
1.5096786
0.89127516
2.0725493
1.2218432
1.910138
2.293026
2.2727019
2.388485
0.88137589
1.4888366
4.5230114
2.8404415
1.3508983
0.91254563
1.359293
1.1372766
1.9790268
1.1599495
3.9637539
1.2510911
2.6892525
2.5748032
2.0526321
4.7627555
0.90612475
1
1.0661594
0.74255535
1.332423
0.63246707
1.2475035
0.63143499
1.4510304
0.47350208
1.635874
1.1539954
1.9838811
0.58219575
1.077104
1.2014509
1.287497
0.73272696
1.2054015
1.4281846
1.7378807
1.2480043
1.9096822
1.552307
1.2994034
0.76078515
2.0215566
0.86953221
2.2766426
0.71297287
1.2523957
1
0.76937186
0.51808769
1.000849
0.9302126
0.52939817
0.89878846
0.9643231
0.84824954
1.8780463
0.74119982
1.6745951
1.6156135
0.79873039
0.19757118
1.5017878
0.75031029
1.3093021
1.2506445
0.72911573
1.4594851
1.0713219
1.0857865
0.82327431
0.57006417
1.263939
1.0779775
1.2754325
0.90880515
1.0299427
1
0.93516049
0.72628875
0.80476326
0.83060221
0.92986956
1.2078459
1.0755916
0.95121336
0.69647439
0.92271839
1.1824592
1.3484456
1
2.2098028
1.5698208
1.1675706
1.0726803
0.95697862
1.1347989
0.98402016
0.92759863
1.2402875
1.0067478
1.0277252
0.91352122
1.1514242
1.2578739
1.2458956
1.1032649
1
0.77099839
1.1454475
0.96217559
0.9469873
0.8352387
0.99761191
0.9531992
1.1894764
1.1016683
0.91991579
0.99265748
0.69273471
1
2.9190413
1.2451273
1.1070402
1.0889317
1.0950605
0.91398162
1.1190573
1.3542368
0.93365194
1.0795068
1.3266863
0.97234701
1.0409368
0.76330101
1.5274676
1.1026394
1
0.82990207
0.96301808
0.89200863
1
1.0882182
1
1.6454682
1.039566
1.547762
0.87080038
1.1039387
1.6833215
1
2.0425609
2.1119582
0.9344778
1.405973
0.96545098
0.8204417
1.3214197
0.88626569
0.81237265
1.4452496
0.99869185
1.8575847
1.1585076
1.1276785
0.92093205
1.1029975
1
0.77443346
1.0365808
0.85555948
0.93359188
1.1436025
1.0267549
0.85593713
0.95123056
1.7232541
0.64013032
1.0029904
0.62192406
1
1.5440242
2.3613751
0.87797782
0.94597316
1.1471085
0.7401212
0.84268989
0.89505311
1.3266123
0.73529576
0.99458474
1.1446633
1.0860711
0.92297053
0.89065268
1.1294908
1
1.1751702
0.61737322
1.0648638
0.99393515
1.0256951
0.95214177
1.0292291
0.6938012
1.4910676
1.0835135
1.51924
0.7015123
0.92408036
0.57482043
0.75745279
0.68980417
1.0173214
1.295168
0.96423426
1.278738
1.4909294
1.4381476
0.89916378
1.2417418
1.2984591
0.88652362
1.5665813
0.86888222
1.1077288
1
0.90104344
0.64435688
1.223445
0.9532632
1.2471727
0.78553908
1.3420295
0.82558673
1.2249614
0.55353404
1.0618808
0.6157367
0.79802175
0.57756423
1.1788386
0.56397588
1.1845424
0.99586982
1.0859492
1.1736332
1.0320771
1.0413966
1.215104
1.0260845
1.5362394
2.547981
1.1201948
0.80831482
1.0876634
1
0.82508053
0.34429221
0.99999999
0.86444942
0.9223967
0.45179918
0.97772757
0.6488131
1.0227085
1
0.91538793
1
1
1
0.13425834
0.40337166
0.30877591
0.68511137
0.30635319
0.88891162
0.51201341
0.64444949
0.42613548
1
0.86943315
1
0.36457234
0.63917782
0.36185789
1
0.93953399
0.96220134
0.78875909
0.78197076
1.4008429
1.204275
0.88739027
0.96423736
0.90429154
0.75071657
0.98968386
0.86266862
0.28098998
1.5566047
0.39144029
0.90503507
0.9214511
1.0103663
0.58251036
1.0071118
0.37254257
1.2478359
0.44800704
0.74876024
0.78942607
0.87747235
0.3568518
0.87360004
0.7957248
1
0.59522797
0.60697666
0.85921602
0.87443109
0.71154744
1.1206769
0.85639267
0.79593368
1.0182982
0.96416317
1.320684
0.5904319
2.8110954
0.81778455
0.85910219
1.2850853
1.2171703
1.0021202
0.84858725
1.0614681
0.42339589
1.0670405
1.0425143
0.72072667
0.97743215
1.3943635
0.84094229
0.75888133
1.0673815
1
0.92383921
0.73179814
0.99227266
1.0401566
0.98045846
1.3471547
1.2007709
1.4257158
1.0278569
1.3395006
0.98161803
1.1146646
0.99405008
0.72373783
0.74014047
1.2905322
1.1073717
1.2973751
1.2681756
1.1726352
0.52905254
1.2694445
0.96002762
0.95145259
1.0048338
1.3273509
0.60416625
0.99306973
1.1304664
1
1.0967466
0.81150322
0.99950899
0.97792159
0.99986174
1.2309466
0.93171601
0.78522206
0.9835169
0.67922036
1.2143417
1.1902845
1.571727
0.61947335
1.2360712
1.0275267
1.1363302
1.1423154
1.0551847
1.2010043
1.4010852
1.0688974
1.1047257
0.85927697
0.66783768
1.1752132
0.18145713
0.90557816
1.1304977
1
0.82870658
0.96861702
0.98663636
1.1391341
1.1538771
1.2888918
1.0125004
1.2915695
1.5255528
1.564293
0.90762026
1.9407661
0.39529756
1.2884658
1.3497241
2.1939922
1.1970172
0.78916896
1.3224418
0.85756315
1.0135838
0.90546345
1.5296539
1.1457918
2.1480103
1.9734821
1.2488547
4.336597
0.89391644
1
1.1385019
0.9526751
1.0242905
0.89966927
0.94171951
0.82675654
1.0569279
0.53278346
1.2090878
1.0374878
1.0435234
0.37239353
0.90123904
0.8417355
1.03136
0.59005367
1.2658604
1.6102061
1.7486788
1.2396515
1.1695748
2.1177705
1.4842094
0.83196024
1.3118673
0.89200567
1.1457332
0.72428201
0.99565494
1
0.76527896
0.77399694
1.183086
0.78447764
0.82473335
0.75616921
1.0585898
0.82852742
1.0615
0.76242653
0.95663312
0.70369573
0.56348059
0.17283731
0.68508312
0.59004203
1.4376279
1.2693462
0.73167682
1.1976567
0.32901216
1.019953
0.75120729
0.34761633
1.2252337
1.3292182
0.96962751
0.60044624
1.029718
1
1.4277377
0.98282578
1.0749539
0.9992696
1.5893889
0.99402897
1.4370369
1.1047306
1.0238755
0.72035781
1.0686029
0.74587596
1.2346572
1
1.26437
0.92243092
1.0000618
1.0576875
0.92027703
0.66144042
1.1040969
0.85860819
1.5101325
0.6154185
1.1240212
0.63165284
0.95530536
0.27130071
0.94982938
1
0.8406626
0.99915959
0.62027
1
1.1940694
1
1.1816046
0.99999999
1.4509822
0.83714685
0.81163337
0.91005368
1.6328562
1
1.6901079
0.94432138
0.88004312
0.96712436
0.7811756
0.68729534
0.70966137
0.7504838
1.1717494
1.3256427
1.3876788
0.68615088
1.0645795
0.70766929
0.88089817
1
0.88219415
0.99746315
0.93194052
1
1.2212411
0.99874985
0.97125283
0.96814034
0.87377502
1.2175121
0.82097345
0.96732818
1.1908051
1
1.2055506
0.7618011
0.79086564
0.99057679
0.7527231
0.7002582
0.91027714
0.67484958
1.2027945
0.81654995
1.2626576
0.73412764
0.65014716
0.66199436
0.85692884
1
0.7573769
0.99695462
0.55249308
0.99605898
0.92717557
0.99703508
1.1630596
0.99622752
1.0074582
0.89230909
1.0486936
0.92579183
1.3973549
1
0.89543808
1.2572655
0.88206322
1.0738604
0.71820516
1.2030682
0.84472238
0.89328677
0.80192652
0.84063948
1.4136133
0.93453936
0.80886671
0.62590676
0.90249832
1
0.75267183
0.64640535
0.64916991
0.84398292
0.75906463
0.9285253
0.88229092
0.74931736
0.96470238
1.018317
0.69410148
0.81236949
1.1244876
1
0.96345793
0.81390527
1.0682192
0.86804756
0.69345292
0.71491372
1.2004302
1.4750917
0.93720819
1.6527072
0.97294892
0.99832623
0.99754531
0.6104932
0.97724012
1
1.2168555
1.0329864
1.009264
1.1306129
1.1317277
1.090266
1.1688619
1.2641068
0.89876506
0.58673928
0.71067741
0.61617772
1.1820167
1
1.0640801
1.2131805
1.1069514
1.0874453
1.2392129
0.68811487
1.1482137
0.85595404
1.0124784
1.105875
0.77892167
0.68363373
0.7215412
1.1611699
0.92388078
1
1.0716472
0.42565715
1.0359982
0.54455926
0.7701773
0.4604109
1.0538658
0.72629707
0.83959327
1
0.73248867
1
1
1
1.2256088
1.6137115
0.66323315
0.84542879
0.90043342
1.6178252
0.67645492
1.9505948
0.55203759
1
0.62160346
1
0.71976518
2.3472845
0.70442694
1
0.65260226
0.61256911
0.72233326
0.79397695
0.72772529
0.5023728
0.78928734
1.0207819
0.81749288
0.58268146
1.2070289
0.39584548
1.3036952
1
1.3783682
1.6847943
0.79837458
0.99102818
0.732442
1.0085952
2.0307497
0.88879971
0.65836704
0.70717157
0.40984625
0.51764598
0.88891403
0.6245217
0.83745142
1
0.64965231
0.59246447
0.80616815
0.48132478
0.6834791
0.61355286
0.92063507
0.49052914
0.73570446
0.35463845
1.3040144
0.54930464
1.4233721
1
1.282743
1.1476329
1.0965273
1.115639
1.3305635
0.72643623
1.4115038
0.72570215
1.353211
0.81384688
0.68958048
0.67249245
0.99174442
0.24891897
1.0236495
1
0.62713575
0.96338426
0.64356053
0.99561876
1.6947932
1.0570365
0.77118114
1.1478815
0.7311474
0.58760117
0.88486328
0.56800887
0.85700479
1
0.85193941
1.3624544
1.092929
1.1689882
0.96089063
1.0619592
2.5782494
0.9820198
0.90494184
0.80048464
0.76959355
0.87487028
1.3934142
0.86948722
1.0254445
1
0.75939568
0.4170788
1.0365271
0.64928534
0.6976902
0.60000618
1.0012788
0.48351614
0.81924074
0.20518359
1.0960538
0.54129803
0.81929844
1
0.97975232
0.7290785
0.76565313
1.0088473
1.480524
1.1458054
1.3138055
0.95770632
0.94086432
0.76059337
0.17344602
0.63312418
0.73023655
0.51660706
1.1099865
1
0.6003916
0.5770502
0.4340374
1.0555387
0.61255373
0.49866673
0.6608883
0.81523682
0.87635782
0.6265675
1.3401066
0.46228695
1.2853224
1
0.80197264
2.1520475
0.94775115
1.1345462
0.57853445
1.1480616
0.75183785
1.3745633
0.61317164
0.82893007
1.0770382
0.78555825
0.5668239
0.74602372
1.0567399
1
0.87260134
0.80260609
0.80507358
1.0307666
0.78872077
0.71628341
0.9614205
0.35920227
1.2672541
0.76826078
0.93640679
0.801853
1.0224812
1
1.0255772
1.6966153
0.98330246
1.3844708
1.142566
1.6538023
1.3383413
1.6013256
0.70373457
0.44709631
1.232772
1.2209785
0.89459819
0.80053526
1.0020401
1
0.88871171
0.49810712
1.297035
0.65339556
1.2225016
0.29228475
0.81113275
0.52081839
1.0149254
0.40150481
0.82855376
0.55044397
0.85878888
1
0.61826452
0.82797188
1.2522437
1.3566191
1.7353846
0.87607203
1.2315303
0.78094098
0.55525239
0.92442241
0.73645707
0.68535705
0.75929825
0.55524786
0.98795913
1
0.94709378
1.2701346
0.56663631
0.99321852
1.1726618
1.0628255
1.1650197
0.95545522
1.0217626
1.065842
0.73559754
0.64363259
1.2597647
1
1.4919814
1.2838729
1.04891
0.96255244
0.92451596
1.0588277
1.1412726
1.1480423
1.3320919
0.94656427
1.279835
1.3739926
0.60962905
0.69253368
0.99502033
1
0.76265982
1.0022634
0.74039909
1
0.91656324
0.99999995
1.2208994
1.1198642
1.2828404
0.85172849
1.0314445
1.0143918
0.7547954
1
1.0403592
0.87021552
1.3187518
1.0236654
0.81512477
1.3587335
0.79498836
1.1773012
1.2439046
0.97296303
1.7943091
1.0034167
1.1691623
0.69604486
0.9805887
1
0.68229727
0.94194047
0.70371918
0.98258174
0.75266294
0.94250726
0.9333085
0.98673971
1.2966473
0.9517287
1.0009303
0.83200507
0.96998161
1
1.2615501
1.0600578
0.97136775
1.0067997
0.75419844
1.2102338
0.7732889
0.94709785
1.3802948
1.0782791
1.8456425
0.91650368
0.779107
0.83004466
1.0344748
1
0.40374781
0.93105072
0.61176753
0.9993853
0.77897381
0.98626865
0.77782167
0.98685974
1.5272024
1.1137717
1.0334611
0.86002012
1.853419
1
1.0217442
0.86187589
1.0249171
1.2132353
1.5629567
0.90153402
1.1828958
1.2016478
0.66521304
0.68016296
1.9910058
0.64555416
1.6429714
0.58150489
1.0844289
1
0.81952818
0.79715503
1.101805
1.185746
1.2262331
0.66232138
1.6720776
1.0415821
1.4777994
0.9462081
1.5577641
0.52728638
0.58938
1
0.77220294
0.7747687
1.1489425
1.1738919
1.8588807
1.4254898
1.2417029
1.3696861
0.82956502
0.72210691
0.84080638
2.6431738
1.4915295
0.52895171
1.1391821
1
1.2097813
0.97894998
0.99250561
2.2940397
1.1598974
1.5453352
1.5762622
0.68841126
1.5421884
0.2756931
1.2312752
0.63754792
0.44531966
1
1.4610003
0.98547882
1.3687911
1.4584077
1.457317
1.3718603
1.4277261
1.4531229
1.3234647
0.54108353
1.3594928
0.39000988
1.7552081
0.72693783
1.0883499
1
1.0892693
0.31112571
0.98554639
0.51212077
1.0030515
0.41687351
0.72970102
0.70751996
0.75633727
1
0.63505442
1
1
1
0.44304167
0.34463679
0.69187513
0.71422118
0.5650606
1.3328286
0.85242277
0.7682867
0.61617081
1
0.95714273
1
0.59666394
0.83239549
0.54742983
1
0.54236281
1.0620343
0.77018421
1.3501513
0.77684001
1.0476872
0.7577544
1.1785193
1.1415942
0.7021832
1.920551
0.54236488
0.58826745
1
0.82708696
1.2586434
0.86275812
1.1267214
0.75577426
1.1954349
1.4308704
1.103588
0.60557715
0.69592639
1.1329627
0.70652578
1.0353304
0.91639192
0.89918375
1
0.63330574
0.48427031
0.80120927
0.42146999
1.0083609
0.88105473
1.0970778
0.62389107
0.80034946
0.67666959
1.2698509
0.55485982
1.204869
1
1.1796854
1.1494016
1.0675805
1.1744557
0.98300161
0.95797007
1.1303672
0.9631842
1.3917453
1.0000308
1.619275
1.323672
0.92035122
1.1869707
1.0871737
1
0.70252459
0.83029107
0.74258813
0.83817437
0.70204365
0.75006261
1.123927
0.77558576
1.1965322
0.89491061
2.5812735
0.52984206
0.69090509
1
1.0453454
1.0688863
1.1963616
1.3950873
1.0208823
1.3179764
2.144106
1.0322054
1.3675717
1.0603592
1.6260088
1.9281008
1.8581489
0.98720368
1.1659106
1
0.9010085
0.67023035
0.94913751
0.83414583
1.2073931
0.78950701
0.8434712
0.87406659
1.5567645
0.58477227
1.4364255
0.5469301
1.290529
1
1.1994324
0.97604421
0.95922554
1.3130904
1.272649
1.2924497
1.3000765
1.058194
1.6265656
1.0815327
0.94705171
1.0956714
1.3473475
0.76175189
1.2106507
1
0.51418513
1.097139
0.64526918
0.68357699
0.52027177
1.0359829
0.83676872
1.2894619
1.1774566
1.1663956
1.3686339
0.80566373
0.84387012
1
1.2962928
3.004603
1.024073
1.3801662
1.2296477
1.4410257
1.0563099
1.5352063
1.0521026
1.4260136
0.78747104
1.8100917
1.1993513
2.1934033
1.0250362
1
0.5878303
1.0369624
0.85771604
0.48414124
0.77462496
0.78085762
1.2547099
0.63026614
1.1989748
1.3888292
1.4020401
0.63176171
1.0501612
1
0.93652939
0.89858287
1.0481544
1.3150785
1.5195784
1.7940301
1.2152226
1.262095
1.3498339
0.54422644
1.2829887
1.9950833
1.8154171
1.0277445
1.2330555
1
0.86637298
0.73766094
0.96559052
1.3593633
0.84324286
0.77015533
1.1942076
0.67237736
1.7713704
0.54286304
1.2886497
0.5171253
0.42325646
1
0.85857259
0.96031455
1.3532056
1.4814666
1.5248646
1.3442823
1.3448912
1.0688051
0.8672823
0.83845344
0.8599527
0.58248741
1.1778775
1.0347237
1.0847998
1
0.82674055
1.2803318
1.127429
0.99963524
0.96673105
0.99999998
0.70368819
1.1034589
0.82789631
1.0742448
1.120256
1.1642592
1
1
1.4403324
1.2485001
1.3776019
1.0410218
1.3099011
1.3511756
0.86605138
1.2814266
1.6736029
1.1472084
1.7542872
1.3830116
0.67431749
1.3255016
1.0691226
1
0.94975756
0.99458215
1.1159273
0.98925663
0.74867101
0.99297408
1.2016733
1
1.4265516
0.85401736
0.9942828
0.96081645
1.0132723
1
0.89761041
1.1221508
1.1797264
1.3269114
0.94103716
0.99396085
0.88628498
1.2427907
1.1916794
1.0770486
1.2673595
1.1198785
1.2138907
1.0193986
1.1086867
1
0.70904353
0.73767015
0.979979
0.99867472
0.95770222
1
1.3705389
0.96193428
1.3410916
1.1214605
0.9340434
0.9304291
1.0424868
1
2.2003965
1.2422887
1.0857451
1.0879425
0.8804325
1.2881088
1.5089946
1.319394
1.9304929
1.4812156
1.5786345
1.7630224
1.0114885
1.0975682
1.2632104
1
1.5984643
1.1631824
0.98883854
1
1.1269868
1.2601702
0.83723773
0.98688827
1.046964
1.2276472
1.3350307
1.3001008
1.0316594
1
1.4665423
1.2055535
1.345173
1.1970022
1.055526
1.2030807
1.0181422
1.2527187
1.0139218
1.1567956
1.3394867
1.049873
1.3183765
1.3443875
1.2874587
1
1.0598421
0.79169097
0.91673729
0.98863718
0.85688047
1.1754298
0.84819638
0.85455476
1.3165911
1.0708066
1.1275837
0.76064505
0.93652305
1
0.87969008
0.84536992
1.4127074
1.1728231
1.7226868
1.6270931
1.170669
1.2882482
0.87050145
1.4998231
0.9088317
3.9284622
1.2700384
0.60300335
1.2034567
1
1.0410457
0.96261964
0.86565133
1.128651
0.66598398
1.1350274
1.1448028
1.3613575
0.83631338
0.3829532
0.91386325
0.87559956
0.72227217
1
1.2881843
0.92975619
1.5304383
1.2043823
1.4473076
1.6957721
1.9626876
1.3015291
1.4927761
0.28529617
1.3507864
0.14881473
1.0878845
1.1296879
1.2964124
1
0.98012599
0.46930516
1.0112942
0.51236884
0.99653522
0.64851489
1.015536
0.42452019
0.7024465
1
0.72261671
1
1
1
0.6166219
0.44977555
0.64247291
0.7668457
0.64212576
0.96691713
0.73770521
1.5703718
0.67596893
1
1.2172654
1
0.631876
0.74666305
0.64583102
1
0.7252506
1.0709901
1.2152403
1.2059416
0.98417103
1.7144777
0.84261376
0.93883224
1.0279136
0.90018532
0.89866031
0.37600787
0.38091352
1
0.42292759
1.0347648
0.90819732
1.2411685
0.5731536
1.4525462
1.2211806
1.4628695
0.435308
1.131438
0.96024654
0.92606746
0.39433797
1.1126793
0.97582042
1
1.0006532
0.71163849
1.0334426
0.87534272
0.94655697
1.0856095
1.8353551
0.92578177
1.1314007
0.78223239
0.94531718
0.93276575
1.2021705
1
1.0516599
1.2557693
1.4739126
1.1023896
1.2116531
1.0354889
1.0336237
1.0532
1.435011
1.0746393
1.1168826
1.8419889
0.71549876
1.3356294
1.1793045
1
0.94596568
1.0497522
0.98518675
1.0876917
1.1591882
1.1236758
0.97240288
0.81471557
1.157446
1.2023745
1.212828
0.96721607
0.89239831
1
1.3064879
1.2787237
1.3995374
1.3267267
1.2002695
1.2778017
2.7399824
1.4289301
1.5296821
1.3930819
1.0138551
2.4000001
1.1260886
0.90555376
1.2159586
1
0.94920936
0.77510272
0.99961051
1.1869187
0.98360523
0.80020462
0.88278248
0.74616267
1.3392229
0.63944475
1.3883434
1.0270398
1.287479
1
1.7910855
1.0923163
1.2122798
1.1994972
1.7629323
1.1633729
1.7985705
1.0935199
3.0442856
1.6514277
2.6084908
1.430953
1.4368595
0.86762683
1.2989683
1
0.72443541
1.0153923
0.70332843
1.1651045
1.1283761
1.4387621
0.97952376
1.3476288
2.0460126
1.1293469
1.4819864
0.90517051
0.93441242
1
3.2094686
2.5245787
1.9710167
1.0708615
3.3691996
1.0977222
2.5350465
1.2021039
2.9667148
1.5059661
4.0995227
2.0643757
2.3262807
2.4003834
1.1410028
1
1.0089032
0.66183416
1.1006204
0.91009387
0.98081778
0.80175754
0.77320813
0.80617942
1.2083528
1.0136173
1.3576596
0.75741595
0.99590425
1
1.1286138
0.91739671
1.1806485
1.3211145
2.4030633
1.3183118
1.5647011
1.2847216
1.1704542
0.97319228
1.6775418
1.1578082
1.5668837
0.95991574
1.254555
1
0.89641492
0.68964866
0.89272873
1.2884807
0.91242444
0.73900347
0.86724758
0.75370336
0.8878922
1.3111522
0.98570109
0.86990545
0.50162109
1
0.81386335
0.83998266
1.442731
1.3907156
1.2660191
1.3412104
2.0172216
1.3099514
0.91350321
0.5811174
1.9040669
0.59785665
1.2649011
1.6628853
1.2327629
1
1.151815
0.99698215
0.9739408
1
1.7238333
0.99995121
1.2316119
0.99949344
1.0923963
0.97430268
1.0079236
0.98906129
1.1223249
1
1.5375701
1.0854574
1.0852059
1.1286227
1.0031291
1.1501774
1.0355767
0.91269479
1.3758854
0.57333334
1.3351391
0.87364002
0.76571018
0.82286334
1.0425786
1
1.3386159
0.99893364
0.9141487
1
1.117326
1
1.1093893
1
0.96251933
0.99923032
0.98706384
0.99131013
0.91108381
1
1.5246432
1.1158302
1.0213653
1.0465367
0.99518826
0.88491332
1.2087789
0.90707793
1.3452651
1.0340841
1.126859
0.92062712
0.89128694
0.99774718
0.97494114
1
0.88689137
0.99833194
1.1256951
1
0.84695867
1
1.0263416
1
0.91076383
0.99443666
0.77143256
0.98210134
1.2497562
1
1.5175405
1.0305839
1.1521366
0.86885961
1.0527957
1.232932
0.9672953
0.90876588
1.2068329
1.0221738
1.3150458
0.96418815
0.92340605
1.162198
0.94719606
1
0.54261035
0.99839866
0.92407879
1
1.0022983
0.99916669
1.3121823
0.99963773
0.93784392
0.99059722
0.65278918
0.99220654
1.1540438
1
1.5616081
1.3381021
1.1184923
1.2287069
0.94693642
0.9914519
0.9462824
1.0499921
0.69020395
0.89213596
1.5567554
0.96647458
1.0165449
0.97794403
1.0444499
1
1.0503037
0.55894944
0.82373888
0.87042981
0.88587043
0.96247217
1.0436837
0.87422806
0.99384347
1.11423
0.91410598
0.93246167
1.1617205
1
0.85905769
0.82912593
1.0170394
0.92465606
1.2108097
0.75134243
1.2446446
0.75424402
0.88874597
0.95750298
1.0525375
0.97580294
0.7593664
1.1606081
0.93901038
1
1.1677948
0.69023493
0.659553
0.94073833
0.99271692
0.91192458
1.0030824
0.97797365
0.88427078
0.90843986
0.75896418
0.95624915
0.91355442
1
1.1825252
1.4709236
1.2713927
1.0563295
1.0012625
1.2037212
1.1968784
0.86897922
1.0797812
0.80799272
0.66950366
0.50001857
0.75995566
1.32995
0.93517336
1
0.86794
0.2135288
0.9823813
0.65272733
0.71187815
0.42009597
0.7837965
0.56352623
0.65034429
1
1.5917951
1
1
1
0.80793096
0.58104228
0.76891552
0.90177673
0.36443327
0.95895134
0.30062275
1.488115
2.4768611
1
0.19647342
1
0.41192517
1.1776584
0.61492936
1
0.55739903
0.55434919
0.8942896
0.82912659
0.76150526
0.73523286
0.81572326
0.64124441
0.89837613
0.69329559
1.1390953
0.77901263
1.3771605
1
0.83524837
3.8529456
0.90203932
1.0210163
1.0670788
1.2546883
2.3766674
1.2425657
0.53658588
1.0764258
0.41763334
0.81720868
1.5745003
2.3537617
0.98135705
1
0.638137
0.71045925
0.9517801
0.57441534
0.90615179
0.60968551
0.83979814
0.96634386
0.73827497
0.8008338
1.3215061
0.75589144
1.4662504
1
0.99886826
1.9211352
0.7321345
1.0022783
1.2029116
0.84952909
1.7316815
0.61439742
1.4186838
0.9571017
0.86478723
1.0193865
0.77264949
0.64363338
0.89569164
1
1.2135999
0.75201362
0.94249138
0.95103852
0.9479179
0.85615348
1.3599741
0.92888498
0.84077809
1.0300323
1.1016843
0.8910394
0.70653442
1
0.86743579
1.1002913
1.1685878
0.99159491
1.156443
1.3875464
0.98238883
1.1265242
0.78956891
0.98477409
0.6144133
1.058678
0.99652274
1.1719103
1.0259718
1
0.76801727
0.51625114
0.92045109
0.80513974
1.0741062
0.82564807
0.9515923
0.81585671
0.81461653
0.38173847
0.85147248
0.80147598
1.1839946
1
0.90497421
0.84399335
0.78639183
0.82558361
1.5388602
1.1893146
1.4773068
0.91788567
0.95654797
1.0524304
0.10455477
0.63048883
1.2532797
0.90235335
1.118347
1
0.55749153
0.64384308
0.92746837
0.8695164
0.97405544
0.91275538
0.70773269
1.1909577
0.81252962
0.57805213
1.1636974
0.7422338
1.027028
1
0.67813501
3.4237044
0.80139614
1.0783623
1.4869635
0.96974225
0.7768833
0.85293711
0.45376197
0.83711777
0.69208993
1.0124348
0.6075554
1.1263063
0.88269335
1
1.0142371
0.6960641
0.82962083
0.86665623
1.0086704
1.2537099
0.69497433
0.78515076
1.4245596
0.83908225
0.86929723
0.88473131
1.131519
1
0.95461143
1.3020023
1.086898
1.6518753
1.3598246
0.94285648
1.0994806
1.2343844
0.83862392
0.77901372
0.98069699
0.79387184
0.44878555
0.69711335
1.078589
1
0.70570141
0.44858355
0.93212334
0.81395751
0.84899289
0.53751761
1.0600812
0.88243412
0.70874975
0.74707204
0.93989658
0.96338463
0.69118662
1
0.81965393
0.95373997
1.1601091
1.1159113
1.4008426
1.0909161
1.0781957
0.89100312
0.75180375
1.0414003
0.95192758
1.1530293
1.3007338
0.87715165
0.91179678
1
1.0828639
0.98805552
0.98547075
0.99981529
1.2954862
0.99980115
1.6551482
0.99995925
1.2423718
0.98848025
1.4050395
0.99884948
1.2187502
1
1.6902382
0.78071489
1.1227496
1.0115391
1.182672
0.79605923
1.7003642
0.8934279
1.4392958
0.93498056
1.211401
0.80602535
1.4570652
0.71636614
1.0275372
1
1.1002635
0.99420086
0.98600083
1
1.2860099
1
0.94607418
0.99998292
1.2652508
0.99350867
0.90175522
0.92634847
0.8619552
1
1.0787706
1.1076719
1.6831682
1.0194486
1.0535438
1.020284
1.2433368
1.2590284
1.6839757
0.91868895
1.1703259
1.1476109
1.088873
0.97950849
1.0740814
1
0.39361638
1
0.73138273
1
0.60040526
1
1.4631302
0.99972279
1.3936517
0.99720843
1.2126854
0.99933047
1.2621313
1
1.1791278
1.0290485
0.95141123
1.1750259
0.99744923
1.214469
1.2667971
1.2376605
1.3680094
1.2165117
1.4437506
0.89569916
1.0154744
1.0258022
1.1377566
1
0.93778281
0.99817723
1.1023079
1
0.67202406
0.99959207
1.1872737
0.99991242
0.98731435
0.98421211
0.96544863
0.99996035
1.1413997
1
1.4335924
1.0216179
1.1410232
1.2423066
1.0402049
1.4191158
0.71379761
1.2619835
0.7307189
1.2809488
3.3979645
1.088086
1.1780031
0.88979162
1.3068806
1
1.4226594
0.84726631
1.0189551
0.90004894
0.65374104
0.7211482
1.0607903
0.94182254
1.4512287
0.97043137
1.2179132
0.97794895
0.62912324
1
0.83396606
0.60562959
0.91305887
1.1751539
1.0502762
0.83497376
1.3875449
1.5459414
0.79281079
1.2595558
1.156985
1.0995704
1.036591
0.7029077
1.1030635
1
0.99728234
0.89710385
1.0664703
1.0389167
0.89169442
0.78634223
1.3545236
0.96643577
1.1473852
0.92097606
0.89447031
0.99611571
0.64117164
1
1.0854269
1.2309959
1.2842345
1.5563038
1.238425
1.3395984
1.6133985
1.9074502
1.1578698
1.1607608
0.85084351
0.97832837
1.5948552
0.90927163
1.120791
1
0.75327585
0.45924818
1.0221577
0.82741535
0.86988041
0.78505357
0.75308944
1.1624567
0.77927347
1
1.0670113
1
1
1
0.52224589
1.0273401
0.72671016
0.69074069
0.79820168
0.74481662
0.69131903
0.70002028
0.5683181
1
0.58471559
1
0.54515788
3.8554782
0.59262561
1
0.55807499
0.73815472
0.56782908
0.82659952
0.63835894
0.99751815
0.8284775
1.2566484
2.1250882
0.66269177
2.432177
0.74785005
0.57161168
1
1.16954
1.5973322
1.105781
1.4349085
1.0829926
1.1982259
1.7132355
1.3947589
0.73000639
1.0200368
0.93054585
0.66906829
1.1680818
0.76627625
1.012363
1
0.50656741
0.69467689
0.99544622
0.56365881
0.75277674
1.0448571
1.4979923
1.3599554
1.1027098
0.82546389
1.0995834
0.89604275
1.4760409
1
0.99094896
0.95221073
0.82338825
1.1742389
0.79545331
0.62629392
0.93553383
0.78504804
1.01222
1.0419301
0.38247422
1.5388175
0.90784432
0.92236987
1.0328062
1
1.0939758
0.97300341
0.97836114
0.95844841
0.94924699
1.1268783
0.92541258
0.93843747
1.3855752
0.97310434
1.2164076
0.9350057
0.71997128
1
0.97278701
1.0695958
1.0575638
1.1451623
1.3379485
1.0187839
1.8305443
1.0471527
1.0759614
1.1911683
0.96642703
1.1672595
0.89359445
0.96529664
1.1534194
1
0.85444868
0.47921051
0.97987937
1.0181794
0.95923347
0.76823682
1.0518522
1.0275393
1.3163038
0.34105114
1.2117295
0.93567258
1.2188896
1
0.95880058
1.1724731
0.89962752
1.3135758
1.2486714
1.1234494
1.2192689
1.0887434
0.9130156
0.85774593
1.7625398
0.93045953
1.3842974
0.8409274
1.075109
1
0.61670002
0.93427119
0.76750107
1.4036944
0.50457478
0.94079654
0.9123977
0.84958143
0.85600596
0.9931167
0.99523007
1.0721126
0.84877378
1
0.93537127
2.7899962
0.72634999
1.2043566
1.5584089
1.1572019
0.73047811
1.0664129
0.72221658
1.1499284
0.61405315
1.4514883
1.1120347
0.90525141
1.0333012
1
0.84134243
0.68570999
1.14243
0.91638751
1.4017481
0.74665732
1.0434876
0.77269077
0.55754471
0.92899394
1.2170078
0.98784017
1.1390759
1
0.75133699
1.1041622
1.1818945
1.4212436
1.6231088
1.0086237
1.1212339
1.1655998
0.86369308
0.72912865
2.1413094
0.86624648
1.6330643
0.83565055
1.1005219
1
0.73760322
0.51817721
1.0511038
0.89311439
0.6341493
0.59078359
0.8230339
1.0560117
1.7237812
0.98526247
1.4627012
0.98938684
0.48661249
1
0.85481554
1.078131
1.3015142
1.5309577
0.92949872
1.4321259
1.3747206
1.0396607
0.99718422
1.3501913
0.77748918
0.63584444
1.3511712
0.97772578
1.027794
1
1.1149906
0.99738176
0.87222132
0.99999999
1.4821719
0.94815667
1.1471443
0.99980258
0.76653673
0.95980759
0.99523502
0.99918681
1
1
2.0299736
0.97137333
1.1037351
1.0250846
1.6152016
0.85002057
0.87118811
1.1515145
1.1520404
0.97249877
1.0500988
1.1115396
0.88126179
0.71590493
1.0922789
1
1.0504554
1
0.96560413
1
0.97021257
1
0.90735975
1
0.98421429
0.99988486
0.99689818
0.99999999
1
1
0.93413468
0.91904384
1.2787801
1.2121694
1.0626738
0.91696375
1.5182771
0.98670706
1.1158608
1.2243608
1.16789
1.0809507
0.99839961
0.97700246
1.1117866
1
0.72981273
0.99999999
0.9579082
0.94995666
0.77848144
1
0.94569176
1
1.055732
0.99321861
0.99952485
0.99716205
1
1
1.4210746
1.4041617
0.94564714
1.3876372
1.1921593
0.95819741
0.76228142
1.2385293
1.0389647
1.0109665
1.1345554
1.4886476
0.99612537
1.05549
1.2407916
1
0.65470393
1
0.94274927
1
1.1008106
1.1159032
0.87102724
1
1.1409129
0.90074876
0.99998433
0.99956563
1.0993543
1
0.9979535
0.87453565
1.1854358
1.4027823
0.99051654
1.1918774
1.3928536
1.01172
1.0901022
1.3731383
0.90818113
1.5047636
0.66336285
1.2131103
1.4304781
1
1.1192482
1.2619285
1.1180689
0.94771323
1.2585281
0.73483876
0.89822202
0.92707431
1.0182654
0.97289142
0.99823651
1.1220476
0.83075967
1
0.72333793
0.83534773
1.0456097
1.264089
1.5750834
1.3730828
1.3705467
1.216213
0.66968124
1.5557429
1.0054336
1.3785519
1.186464
1.0168305
1.2369015
1
1.2458554
1.2930788
0.59347902
1.181522
1.2726295
0.98658024
0.87167601
0.92565808
0.91311338
0.85818701
0.97931053
0.99589553
0.56490037
1
1.3966651
0.84005101
1.6570613
1.446789
1.5576834
2.0641333
1.7091231
2.4952822
0.99022712
0.26264903
0.96144819
0.25396659
0.94108651
1.7485275
1.4421698
1
0.88884859
1.0235674
0.986235
1.0162138
0.94331194
1.8865402
0.96968982
2.0896466
0.92507615
1
0.98857493
1
1
1
0.91270526
2.0089622
1.0364711
1.0574493
0.57886457
1.569584
1.2097563
1.0980751
0.85482607
1
0.91890297
1
0.79799592
3.305586
0.87196041
1
0.70587742
0.72230886
0.80986401
0.70733129
0.65203091
0.93167484
0.76538069
1.4906653
1.2707564
1.1524317
0.99018537
1.1680255
0.39254516
1
0.83588198
0.78846206
1.2298053
1.3605274
0.69856386
1.1274852
1.7872282
1.3547867
0.70674642
0.70114442
0.87535693
1.1434958
0.89891563
1.103049
1.0246478
1
0.91164864
0.45930406
1.1601901
0.96911963
1.4929002
1.0617425
0.91511156
1.1330828
0.65374061
0.76651562
1.3504869
0.99441117
1.4071071
1
0.73119911
1.1269918
1.0202422
1.1154966
1.0741332
0.85736036
1.0040156
1.0619546
0.8134343
1.2461684
0.72468006
1.9114837
1.3776977
1.1260721
1.0469053
1
1.3252349
1.1234117
0.99601165
0.96590219
0.96581072
1.0465034
0.99896733
0.96980637
0.9332879
0.98214285
1.1124483
0.99925128
1.0352644
1
0.84061266
1.6378308
1.1527999
1.9293849
1.6823146
1.533052
2.3730455
0.81675417
1.2575186
1.9724305
1.0120163
1.2881849
1.0769853
0.99597965
1.1281864
1
0.99558407
0.81650565
0.99940099
0.90122337
0.99617203
0.87830917
0.98213156
0.92413273
1.1023265
1.2507858
0.9786437
0.99597223
0.99110824
1
1.57197
1.4476705
1.1456858
1.9588953
1.5542764
1.8763595
1.5678447
1.2094653
1.3888923
1.7155336
0.65431792
2.3307319
0.80769652
1.080573
1.1160461
1
0.38039885
0.81259778
0.73577049
1.4967124
0.78318357
1.1654658
0.8699488
1.6025544
1.0077652
0.97618201
0.9110512
0.97204259
1.0543184
1
1.7291059
3.2936625
1.2466124
1.9088013
1.6105888
2.483163
1.6512454
1.4183117
1.2865276
1.8379758
1.0962112
2.833084
1.3441474
1.0801282
1.1702375
1
0.73345385
0.84497838
0.6876462
1.0505685
0.93421138
1.1573318
0.94542141
1.1451033
0.87931614
1.0837947
1.1959058
1.2132601
0.98477089
1
0.78223896
1.3138732
1.0628565
1.5137647
1.6642755
1.2784577
1.1536051
1.1627049
1.0135419
0.72846507
1.4946236
1.072056
0.95763397
0.8599565
1.1368485
1
0.93056239
0.46335053
0.95516413
0.97567631
0.95070016
1.5255213
0.96098835
1.0334672
1.0904158
0.95596124
0.99842628
0.99917398
0.85317394
1
0.7778897
1.1086879
1.506278
1.2263164
0.54383828
1.7897727
1.8880931
1.8182391
1.1684841
1.1166487
0.86834542
0.80222691
1.5101775
1.1027374
1.1474243
1
