1
1.0003407
1
0.99996879
0.999988
1.0000021
1
1.000409
1.00043
1.0005107
0.999436
0.93396335
1.0968065
1.0790026
1.1650189
1.5970942
0.9996918
1.0017096
1.0001106
1.0001814
1.0001545
0.9998853
1.0000111
0.9999354
1.0005588
1.0001917
1.001137
1.0000449
1
0.99314732
0.98567574
0.90691121
1
0.99999967
1
0.99999047
0.98237653
0.99999651
0.99999991
0.99997465
1
1
0.99983048
0.99699446
0.99963513
0.99900632
1.0015162
1.1826071
1.0002393
1.0001886
0.99986725
1.000011
1.000115
1
1.0001145
1
1
1.0000914
1
1.0000119
1
0.9995584
0.99944091
1.4760035
1.0000315
0.99994959
0.99115343
1.1987362
0.99991964
1.1099854
1.2121625
1.1534176
0.99973458
1.0000087
1.0000267
0.99998901
0.99983995
0.99999291
1.1616291
1.3311575
1.000929
0.99999957
1.0002452
0.93324071
0.98650627
0.99409717
1.0000488
0.99447808
1
1.0002373
1
1.0000433
0.99716122
1.0002034
0.99998813
0.92434636
1
1
1.0001863
1.0000359
0.99976377
1.0006687
1.0001051
1.0001885
1.0003879
1.0003083
1.0000427
1.0004114
1.0005127
0.99998734
1.0012082
1.0001985
0.99827928
1.0512184
1.4928494
2.0153634
1.4211162
1.5413546
1.47714
0.72692072
1.000246
0.99948215
0.9999013
0.99652887
0.98952765
0.97104869
0.9615709
0.84553161
0.99982913
0.69326694
2.0333504
0.87296652
1.1142112
0.86069251
0.89850881
0.57920545
1.0009876
1.0010302
1.0803909
1.0805819
0.93317562
1.6294496
2.010898
2.3385713
0.99997839
1.0037124
1.021321
1.4603124
0.79033658
1.4727281
1.3431817
0.78986661
1
1
0.99999283
1.000024
0.99705376
0.99495733
1.0000167
1.3396921
1.0000625
0.98679474
1.1560128
1.499916
1.5492832
1.5776363
1.8501054
0.79825754
0.99999898
1.0002913
1
1.3649463
0.99850424
0.98482689
0.99947551
0.83555563
0.93083788
1.101384
0.96037989
1.4800822
1.2434085
1.1427975
1.102019
0.85358459
0.99991078
1.1045064
0.94641663
0.99724149
0.99852865
0.99399572
0.98947866
1.014777
1.0005938
1.2003396
1.2385623
1.2266707
1.1694921
1.0210291
1.2535971
1.3123992
0.99995098
1.0002297
1.0000066
0.99996403
1.0002844
0.98501774
0.99665717
1.1918345
1
1
1.1970345
1.1482743
1.288098
1.9669438
1.0128371
1.2212611
1.0009866
1.1264741
1.0003039
1.000439
0.99848813
0.99880497
1.0967348
1.0065854
0.99998907
1.0022377
1.0001929
1.0004101
1.0000065
0.99995325
1.0002305
1.0006799
0.99992798
1.0009955
1.0016302
0.97895069
1
0.9992367
0.99345331
0.99237527
1.0011323
1
1.0007504
1.0003988
1.0010025
1.0017618
1.0001606
1.0000956
1.0004989
1.0008071
1.0088023
1.003623
0.9630267
0.9948152
0.99514378
1.0316531
0.99999453
1.0000933
0.99999804
1.0002526
1.0001833
1.0002578
1.0006063
1.0001149
1
1
1.0000379
1.0005393
0.99360409
0.99903136
0.99695886
0.99980732
1.0004232
1.0011965
1.0007032
1.0000536
1.0008263
1.0014431
1.0001223
1.0001122
0.99998512
1.0001382
0.99997837
0.99989789
0.99999346
0.98041738
0.9462008
0.98712337
1.0029772
1.0000766
1.0009389
1.000017
1
0.99748989
1.000659
0.90613209
1.0004203
1.000998
1.000122
1.0010741
1.0004766
1.0008223
0.99911377
0.99863892
1.0006987
1.000416
1.0058605
1.0003678
1.0001695
1.0007497
0.9999486
0.99689359
1.0001897
0.99993986
0.99994262
1.0000255
1.0003329
0.99999908
1.000348
0.97272741
1
1
1.0011845
1.000744
0.99955652
1.0008354
0.99986301
1.0008195
1.0005686
1.0006459
1.0004167
1.0005946
1.0003746
0.99981181
1.0029778
1.0035996
1.0000828
1.1151402
1.4019173
0.8009443
1.6401509
0.97399886
1.061659
0.68435729
1.0000389
1.0000651
0.99991086
1.0005243
0.99994638
0.99881966
1.0001128
0.97466077
1.000126
1.0580592
0.82101648
0.7072753
0.86670733
0.75766685
0.96435053
0.46806485
1.0010973
0.99958136
0.92226165
1.0034925
1.0002491
0.997888
1.1695956
1.1567367
0.99969191
0.99999711
1.1460217
0.97196739
1.2798197
1.1640516
1.782282
2.0943663
1
1
0.99953617
1.0004435
0.82554923
1.0000376
0.94224264
1.0757872
1.0003907
1.0001939
1.0405964
1.0347296
1.2838074
1.2717204
1.6153566
1.0647663
1
1
1
1
1
1
0.99258446
1.2107563
1
1
1.1780589
0.78324015
1.2881169
0.81974754
1.0348461
0.71994997
1
1
1
1
1
1
0.99554544
1.0794888
1
1
0.83187393
0.99920823
1.2979898
1.0552181
0.92776047
1.47466
1
1
1
1
1
1
1
1
1
1
1
0.99480911
1.1817333
1.205612
1.0980708
0.89241331
1
1
1
1
1
1
1
1
1
1
1
1
1
1
1
1
1
1
1
0.99971196
0.99137303
0.94486692
1
1.2637158
1
1
1
1
1
1
1
1
1
1
1
1
1
1
1
1.0930255
1
1
1
1
1
1
1
1
1
1
1
0.98935916
1
0.98817356
0.98689634
0.96211106
1
1
1
1
1
1
1
1
1
1
1
1
1
1
0.87451646
0.96023357
1
1
1
1.0230025
0.91008254
0.87653889
0.91457375
1.1798911
1
1
0.98730527
1
1
1
0.97235542
0.9706363
1
1
1
1
0.99244123
0.99684392
1
0.99863724
1
1
0.99931463
1
1
0.99140078
1
0.99669136
1
1
1
1
1
1
1
1
1
1
1
1
1
1
1
1
1.0466924
1.1443693
1.1153504
1.3871273
1.9216123
1.2078066
0.77257963
0.75821659
1
1
1
0.99664086
1.1631102
0.99043989
0.99112243
1.4496551
1
1
1.1577145
1.0131445
0.938088
1.2042732
0.70341561
0.70232783
1
1
1.2109269
0.91134767
0.99669786
0.98670332
0.95791746
0.99826185
1
1
1.052722
0.81666529
0.94113109
1.6351129
1.3081306
0.87800562
1
1
1
1
1
0.99768058
0.99911001
1.1527316
1
1
1.2611295
1.202585
1.2264588
1.7764238
1.0048668
0.53147008
1
1
1
1
1
1
0.98668783
0.97824001
1
1.0756238
1.0002391
1.7238452
1.2443129
1.1137049
0.94237732
0.68902187
1
1
1
1
0.9971074
1
0.97139008
1.0079886
1
0.97516991
0.86861739
0.85286476
1.3387304
1.5592077
1.4956252
1.3146554
1
1
1
1
1
1
1
0.99874161
1
1
1
0.9626709
0.88697565
1.2585422
0.96224428
1.3475238
1
1
1
1
1
1
1.0842267
1
1
1
1
1
1
1
1
1
1
1
1
1
0.99973989
1.0329439
0.98214376
0.98878175
1
1
1
1
1
1
1
1
1
1
1
1
1
1
1
0.99320482
1
1
1
1
1
1
1
1
1
1
1
1
1
1.0922012
1
1.2055845
1
1
1
1
1
1
1
1
1
0.99413856
1
1
1.0061098
0.97081667
1.2894174
1.0561689
1
1
1
0.98357372
1
1.2199509
0.99907368
1.1109872
1
1
1
1
1
1.1379287
0.99566052
1.1885531
1
1
1
1
1
0.99927598
0.98816642
0.98926175
1
1
1
1
1
0.9999681
0.99236655
0.99281727
1
1
1
1
1
1
1
1
1
1
1
1
1
1
1
1
1
1.0612454
1.6999981
1.2901306
1.738309
1.8842054
1.8447507
0.64954703
1
1
1.1527967
1
0.9992799
0.93681429
0.99443319
0.99572558
0.99928155
1.3468173
1.0194679
1.0067241
0.75501812
1.3488234
0.97801777
0.69189505
0.998185
1
1.3795768
1.165784
0.95487974
1.5403006
0.91601982
1.1462634
1
1
1
1.1526317
1.3146655
1.2250367
1.1202433
0.81683647
1
1
1
1
1
1.1750894
1.1529648
0.9901238
0.99164722
0.95819745
1.1343657
1.379271
1.1441709
1.6519235
2.155366
1.0820056
1
1
1.124673
1.1622033
0.93601399
1.0813945
1.0100796
1.3466353
0.99064269
0.97125806
1.2448971
1.3928502
0.89386622
1.0629413
1.2267076
0.85219571
1
1
1.203916
1.0067406
0.99664674
0.99174183
0.9364989
1.4528527
1
1.2133433
0.99519574
1.156256
1.1802649
1.6801644
1.3304013
1.1719611
1
1
1
1
1
1.0618564
1
1.0408492
1
1
0.99104881
0.9580089
1.8907482
1.0763573
2.3201747
0.95189421
1
1
1
1
1
1
1.2863478
1.1139253
1
1
1
0.99988996
0.98212724
0.97510702
0.97855637
0.92557462
1
1
1
0.99912566
0.98980461
0.99488228
1.6931901
0.8522389
1
1
1
1
0.99952636
1
0.99756082
0.99302652
1
1
1
0.9984622
1
1.2093207
0.99602415
0.91943231
1
1
1
1
1
0.99816115
1
0.99023911
1
1
1
1
1
1
0.99765651
0.976805
1
1
0.99999875
0.99999071
0.99871247
0.94106107
1
0.8199264
1
1
1
1
0.99277235
1.1201798
1.1531811
1.1221535
1
0.99933349
0.99495494
0.99145077
1.1328904
1.1809261
0.92992979
0.97189316
0.77012922
0.62447836
0.78209698
0.76110999
0.50501882
0.5170187
0.67177021
0.91079254
1
1
1
1.0912693
0.99386437
1
0.99983838
0.89332518
1
1
0.98844592
1
0.93974054
0.99912094
0.93199345
0.94160184
1
1
1
1
1
1
1
1
1
1
1
1
1
1
1
1
0.9998222
0.86600389
1.0452594
0.72494164
0.95987058
0.88827446
0.71828943
0.56695974
0.94779047
0.91085497
0.84553004
0.84113846
1.3036685
1.5453292
1.4235702
1.3004624
1.0448983
0.5649553
0.64071798
0.93891333
0.89690311
0.93695777
0.92728137
0.86931919
1.569824
1.0380927
1.3870012
1.165694
1.2585073
1.497564
1.1206912
1.4397236
0.9334541
1
0.98360696
1.2189439
1.5739832
0.91058381
1.3090002
0.93783141
0.99651615
0.98994173
1.2662838
1.054849
0.9140482
1.3603393
1.1148423
1.1191284
1.2043888
1.3062047
0.98463195
1.6529944
2.0835855
1.1938769
1.507634
0.89828106
1.1063496
1.1299398
0.73417228
1.1017029
0.84222685
1.4600697
1.3351355
1.3869736
0.97136051
0.92239803
1.0186749
0.68164138
1.2163275
1.0530416
0.57501449
0.39693555
1.059566
0.75642643
1.1187746
1.2139932
1.1432309
1.4607432
1.1633814
1.4274949
1
1.3666733
1.1406683
1.2338489
1.4707689
0.90020092
1.7413927
1.3685508
0.94634632
1.0318327
1.081893
1.580619
1.27173
1.0639809
1.6272385
1.7425244
1
1.0555661
1.0601947
0.94866384
1.2463684
0.8782119
0.94530004
0.87730927
1
0.90179982
1.0588942
1.2178808
0.79313526
1.4420838
1.4667895
1.0557633
1
1
1
1
0.99966052
0.84949362
0.97065545
1.271678
1
1
1
1
0.99690221
0.99927506
0.97963182
0.93640868
1
1
1
1
1
0.99808552
0.99292778
0.82086967
1
1
1
1
1
1
1
0.94989388
1
1
0.99978763
1
1
1
1
0.91510391
1
1
1
1
1
1
1
1.0838863
1
1
1
1
1
1
0.99243818
0.96171839
1
1
1
1
0.9779163
0.96049872
0.9985644
1.09488
1
0.99903204
1.0962755
0.96972005
1.0462306
1.0958408
1.1099073
1.5673161
1
0.9993272
0.98556926
0.99985247
1.0454138
0.98987472
0.99049769
1.3029219
1
1
1
0.99989348
1.0166412
1.1297202
0.99867339
0.99802574
0.82789703
1
0.33030284
0.67614737
0.47211406
0.77692104
0.69416451
0.36852718
1
1
1
1
1
1
1
1
1
1
1
1
1
1
1
1
1
0.99546855
0.81134218
1.2375173
1.3505573
1.5041257
0.94864894
1.0639338
0.99260085
1.0923493
1.0531869
1.4573819
1.0501477
1.1796166
0.63110282
1.103263
0.87114581
1.0729394
0.74292118
1.0448722
1.2825289
1.2101698
1.251989
0.92100462
0.92431054
0.88904454
1.2055533
1.0830832
1.1887753
1.2384763
1.2737001
1.2333332
1
0.99921511
1.0428495
0.99255
0.95616647
1.1841989
0.82065035
1.0243335
1
1
1.0627923
0.97472293
0.88330693
0.8431267
0.89029082
1.6385083
0.99990755
0.81089822
0.96166267
1.6829694
1.5607254
1.0558745
1.3497637
0.9655825
1
1.0344002
1.154334
1.3416021
1.1765234
1.2739068
1.2529938
1.0465887
1
1.1447256
1.1806642
0.89917417
1.0966467
1.051428
0.92978369
0.61074984
0.97546774
0.81298332
1.6893193
0.96679469
1.1271104
1.0789929
0.96028086
1.2618634
0.96787782
0.92010127
1.0183221
1.1600021
1.3306625
1.5912193
0.89281772
1.0287734
1
1
0.99205139
0.96545373
0.79083432
0.93229819
1.3388902
1.4159976
1
0.93538678
1.1864399
0.98511478
1.3881164
0.9929594
0.87738209
1.332352
1
1
0.96969148
1.13925
1.0722743
0.89722937
0.66801202
1.1742777
1
1
1
1
1
1
1
0.99864013
1
1
1
1
0.99316438
1.1554066
0.95306817
1.309117
1
1
1
1
1
1
1
1
1
1
1
1
1
0.99961528
1
1.335125
1
1
1
1
1
1
0.93506835
0.85238711
1
1
1
0.98903322
1
0.97211847
0.97344562
0.98260893
1
1
1
1
1
1
1
1
1
1
1
1
0.9971586
0.9990165
0.96255888
0.82245461
1
1
1
1
1
1
1
1
0.99762649
0.98316036
0.97872252
1.0574072
0.94170936
1.1003696
1.2595098
1.2683782
1
1
1
1
1
1
1
1
1
1
0.98658512
0.98481145
0.93222939
0.96366365
0.94985089
1.0256684
1
1
1
1
1
1
1
1
1
1
1
1
1
1
1
1
1
1
1
1
1
1
1
0.97258487
1.0327269
0.77740099
1.2492754
1.573595
1.5442485
1.6635781
1.1479104
1.1428171
0.99996297
0.9961843
1.0786579
0.92684285
1.0575769
1.1180719
0.70762889
1.0053698
1.5318026
1.2045143
1.6763244
0.98552849
0.97113132
0.78782756
0.85080574
0.94135191
1
0.99623214
0.99995395
0.99995011
0.9991615
0.91757499
0.81756222
0.80149048
0.92883001
0.97214616
1.0577906
0.98754681
0.73353278
0.85994632
0.61986438
0.89282523
1
0.99939527
1
0.99737897
0.90941798
0.99505731
0.87563334
0.71532948
0.71572927
0.51861248
1.1365618
0.9100136
1.4478242
1.096225
1.0504498
0.74842176
1
1
1
0.99384247
1
1
1
1.0238228
0.14595512
0.5527669
1.0592174
1.5443146
1.9757345
1.0350939
1.1180141
0.94564049
1
1
1
1
1
1
1.017448
1.619502
0.61518351
0.87730712
0.94647217
1.1810815
1.0484532
0.79561677
1.0900577
0.73287831
1
1
1
1
1
0.98488287
0.83082917
0.98306859
0.99608458
0.77223706
1.251791
0.96084337
0.90889375
1.6267292
0.84553991
1.0851302
1
0.99999587
0.99981081
0.99432299
0.99844247
0.98960326
0.97207219
1.3618983
1
1
1
0.99760122
1.2067921
0.98466779
0.96698285
2.1159616
1
1
1
1
0.99998153
1.218949
0.99957685
1.0737293
1
1
1
1
1
0.99955816
0.99847947
0.9337783
1
1
0.99994927
1.0985215
0.99724337
0.99964602
0.99854408
0.94263192
1
1
1
0.99008455
0.99965547
0.99335022
1.106292
1.1303371
1
1
0.99999824
0.99956229
0.99725071
0.98912354
0.99381083
1.0543273
1
1
1
1
0.98808484
0.97116093
0.9619454
1.0842493
1
0.9985566
1.0587894
1.3194743
1.5710491
0.96105707
1.8512711
0.93364718
0.83258665
0.93035877
0.94333571
1.5181648
1.6715499
1.2584948
0.78506752
1.3902416
1
1
0.99965295
0.99095161
0.87632215
1.3321573
1.3795882
1.3894055
0.98262475
0.97772819
0.90663167
1.1011845
0.90619869
1.0077356
0.88204766
1.1968953
1
1
1
1
1
1
1
1
1
1
1
1
1
1
1
1
1
0.93951264
1.2303189
2.2604802
2.3805261
2.1387108
1.8975685
0.80933635
1.055768
1.4383012
2.5321593
1.9674908
1.9061219
1.6103219
1.5294091
1.9899094
0.87347458
0.61680581
0.58330736
0.82742753
1.1214401
0.75490237
0.85363181
0.83644457
1.5415582
1.465495
1.6578198
1.817065
1.9971651
1.9783269
2.1200951
2.1978112
1
0.94601338
0.85441153
1.1849211
1.7492122
1.421219
1.3084106
1.2547719
0.94355901
0.94394021
1.532614
1.0729973
3.0739903
2.3953307
2.2113988
1.7938863
0.8745314
1.2047961
1.1913204
1.6602867
2.7881541
2.9054319
2.050773
1.4950106
0.50119474
0.90849697
1.5567833
1.6322895
1.4810953
1.6059551
1.3958283
1.3213761
1.8663578
0.99247913
1.908477
1.7079929
1.9539242
1.8067528
1.6646419
1.0473935
0.93702679
1.2084982
1.6468083
1.3170035
1.2628122
1.485046
1.4132787
1.7468521
1.1670645
1.3486449
3.7017366
3.2331865
2.1535123
1.6933155
1.6070838
0.93747343
0.17302559
0.97919352
1.5908125
1.7591301
1.2094111
1.7956115
1.9303055
2.1222746
1
0.99296244
2.2319713
5.6538021
3.8369053
1.8485018
1.6494801
1.350815
0.82512261
0.86582241
1.7694916
2.4183754
2.0178408
1.8048849
2.0843675
2.3896975
1
1
0.99987978
0.99920134
0.99964626
0.99873803
0.98999451
0.96755447
1
1
0.99889802
1.1574264
1.1515902
1.2044383
1.7183627
2.0368466
0.99980798
1
1
1
0.99973753
1
1
1.1923073
1
1
1
1
0.99886574
1.1854869
1
1.1499068
1
1
0.99992839
1
1
0.99951548
1.169692
0.99501322
1
1
1
0.93498173
1
0.99968071
0.98326235
0.99839867
1
1
1
0.99979051
0.9993745
1.2044213
1.1701872
0.99402284
1
1.0836033
1
1
0.97619888
1.154117
1.1867103
1.3082367
1.177031
0.96350029
0.92211277
1.0244273
1.0624018
0.87754316
0.91108843
1.1197638
0.99062437
0.99038083
1.3793355
1.9424803
1.149284
1.839874
1.2601211
1.2867978
1
0.9984685
1.1935255
1.7175648
1.1257349
1.3604626
1.2979739
1.6887314
0.98858293
0.9769106
0.9706044
1.0880134
1.243811
1.5847818
1.0767184
2.0413677
1
1
1
1
1
1
1
1
1
1
1
1
1
1
1
1
1.4556175
2.8739418
3.2888703
2.2173018
1.9587381
1.1766847
1.0637633
0.79268115
1.0144721
1.5483327
2.7803361
2.96614
3.6654673
3.0753004
3.6870683
3.6234313
3.5059038
2.0038327
1.9120989
2.7958658
2.1843456
2.2719742
2.1341679
1.7528853
1
1
1
1
1
1
1
1
0.93984515
1.2955256
1.6262568
2.2552904
3.058563
2.1400679
1.9205687
1.275244
0.92612742
1.1523464
0.74779135
1.1256772
0.9184695
1.0600214
1.2634477
2.137068
1.4020763
2.8565028
2.9260996
2.6068297
2.0566343
2.3642798
1.9444371
1.0824222
1.2622592
2.8617647
2.5139006
2.3687308
2.4416202
3.0845027
2.4019567
2.7062855
0.6647736
2.1812811
1.5492744
1.9626605
1.3355761
1.1170665
1.0221806
0.79797995
2.0235784
1.2409271
1.4976273
0.91628829
1.5662872
1.287415
0.94734349
1.2403882
1.3355806
0.95891331
1.4955204
1.1757085
1.1054635
1.780599
1.9820671
1.2553204
0.90109974
0.97684273
1.6419403
2.1870339
2.4934956
2.0782604
1.5848587
1.3025296
1.2840335
4.0427524
4.4390193
4.0542163
4.6826084
2.7116855
1.5800191
1.6375964
1.1336702
3.2451284
1.826079
2.7991991
2.3715863
1.9201269
2.0342757
2.3771048
1
1
1
0.99999893
0.99879496
0.99814681
0.99571183
0.96659074
1
1
1
0.99810869
0.99998174
0.99934561
0.99846214
0.9836768
1
1
1
1
0.9978589
1
1
0.99816507
1
1
1
0.96428013
1
0.94183546
1.1824157
1.3013568
1
1
1
1
1
1
1
0.99167329
1
1
1
1.1484407
1
0.99697844
0.97277717
0.95480952
1
1
1
0.99656667
0.99999011
1
1
0.98671179
1
0.99366753
1
1
0.97055951
1.2218436
0.99960082
1.0977046
1
1
0.9997919
1.0220366
0.983238
0.96949631
1.096126
0.93539398
1
0.99724224
1.0825011
0.97079478
1.0051977
0.88181829
1.4949887
1.3152205
1
1
0.99794388
0.9943956
1.1302667
1.1938464
1.1669473
0.95425633
1
0.99979031
0.99137723
0.99679422
0.94710158
0.99692391
0.99347439
1.1514465
1
1
1
1
1
1
1
1
1
1
1
1
1
1
1
1
0.96017724
1.2760963
1.5317691
1.5078167
1.9694406
1.6832534
0.94523747
0.55867866
0.98449618
0.90299009
0.87339712
1.5884679
1.4024506
1.6799916
1.496539
1.2149899
0.85129453
1.1812089
1.5524815
1.9949466
1.7071399
1.6337047
1.5599725
1.0383013
1.3219339
2.2169062
2.0457764
2.2481476
1.2657006
1.6713336
1.5315095
1.9608872
1
0.90794742
1.0368471
0.80822574
1.0982816
1.1707609
0.83161349
0.55695135
1
0.98135703
0.97031017
1.0327416
0.9081829
0.83479084
1.007524
1.3251644
0.99325391
1.1527211
1.0517268
1.4554317
1.646633
1.6229332
1.5161918
0.99821955
1
1.4652707
1.5601274
1.2596058
1.7676179
1.4171877
1.4393451
1.5830201
1.157107
2.1738893
1.5498784
2.6930341
1.5230471
1.5748927
1.3602686
0.73193899
0.9869567
2.4038507
1.6981945
0.6731688
1.125586
0.96182728
0.79652834
1.1028123
1
1.1825459
1.4436868
1.5030935
1.2857896
1.2381406
1.3952694
1.0213124
0.99847896
1.0549546
1.5020024
1.0400161
1.7370071
1.725664
1.7978747
1.5655856
1
1
1.1579902
1.1488394
1.3437082
1.0812402
1.3279998
0.75799416
1
0.9966116
0.93622187
0.8334208
1.085804
1.0082395
1.2694463
1.0621436
1
1
0.99984075
0.99935318
0.99743068
1.1983293
0.99364485
0.95225734
1
1
0.99983759
0.99974019
0.94090664
0.99980981
0.99387985
1.414759
1
1
1
1
0.99952853
1
0.99999306
0.9737616
1
1
1
1
1
0.93933429
0.98753742
0.97200698
1
1
1
1
1
0.99871604
0.99980805
0.99058285
1
1
1
1
1
0.99977954
0.99103627
0.99523971
1
1
1
1
0.99999876
0.99961172
0.99633656
0.99359632
1
1
1
1
0.99398631
0.98864718
0.97946764
0.94091267
1
1
1.0797743
1.3551231
1.7318355
2.4316061
1.5496521
1.9500626
1
0.99951777
0.98664093
0.9624632
0.96312059
1.0233765
0.95470503
1.3915541
1
1
0.99906647
1.205302
1.5092749
1.0250316
1.1743569
0.96152967
1
1
0.97847778
0.97517119
0.97140792
0.97084596
0.97642095
1.0429491
1
1
1
1
1
1
1
1
1
1
1
1
1
1
1
1
0.9660533
2.8780955
4.6270305
3.1955943
3.2210823
2.5235368
1.6776261
0.97055711
0.9980752
0.94881782
0.91296909
1.2291609
1.2279279
1.0872232
1.2947214
1.4887824
0.54691736
0.5232842
1.1339525
2.0738057
2.1313799
2.0414434
1.829575
1.2792093
1.0563098
2.3401809
1.7957164
1.5572859
2.0691402
1.9298518
2.2248323
1.7407155
1
1.045766
0.97376334
1.2861294
1.4499195
1.1549384
1.1763238
0.95624813
1
0.99818439
0.97038204
1.0226995
0.98835307
1.2972268
1.4076019
1.925097
2.4724755
1.8252547
2.6497938
1.9380839
2.208653
1.933393
2.0577824
0.78342972
1
0.97161294
1.4019488
1.3013583
1.1127372
1.2025581
2.0661639
2.1235283
3.031532
3.248614
3.5097064
2.7902036
2.4812896
2.2416843
1.7362762
1.0845669
0.95606173
0.83317835
0.66512276
0.92737443
1.0828192
0.91937809
1.4262254
1.5628533
1.0621426
0.83494619
2.3222142
1.6977417
2.7686866
3.2852509
1.7072334
1.6250377
0.99991045
0.9773299
0.91508956
1.0758543
1.1885155
0.9715877
1.1958861
1.608661
1
1.2150038
2.3195727
3.7985723
2.9573271
3.0635441
1.7461087
2.8071908
1
1.0924384
0.99054006
1.3676825
1.1244347
0.91028541
0.91657587
1.2327582
0.99854435
1
0.98043807
0.99774001
0.99837301
0.99510286
1.2988507
1.2368311
1
1
1
0.99952948
1.1637084
0.9655243
1.0483901
1.8081959
1
1
1
1
0.99987646
0.99596207
0.99211582
0.93951569
1
1
1
1
1
0.99885763
0.99428941
1.0561306
1
1
1
0.99827913
0.9997961
0.99801889
0.99459537
1.3536391
1
1
1
1
0.99992942
1.0534828
0.96254874
0.99461204
1
1
0.99999877
0.99992572
0.99887397
0.97270642
1.1480995
0.87026843
1
1
1
1
0.99549065
0.97478379
1.1269157
0.9800379
1
0.98718191
1.0825988
1.1018767
1.2726903
1.9559876
1.1903489
0.90674
0.7271379
0.9128712
1.0993173
0.94974137
0.92189807
1.1172081
1.0954658
1.3584199
1
0.99487046
0.99101784
0.98147414
1.2346534
1.5674552
1.1648217
1.1330115
0.93017092
0.99878151
1.1582777
0.93682239
1.0103367
1.1578383
0.94103929
1.1789668
1
1
1
1
1
1
1
1
1
1
1
1
1
1
1
1
1.1183337
0.97005997
3.7262052
4.3596506
3.9590457
3.0817287
2.3679853
1.1369268
0.91638738
1.5132895
1.5434212
1.867191
1.5552215
1.7537172
1.609445
1.9298498
0.30084832
0.5100789
0.44697119
0.5293084
0.64033167
0.65307053
0.66917333
0.54722886
1.3284667
1.8398035
1.9064057
1.9740965
1.9663929
1.9603394
1.9209967
2.1516329
0.9869398
0.96935408
0.89216005
0.74313328
1.0143953
1.0023473
0.86458639
0.7199739
0.94273887
0.96559175
1.1802746
1.5100987
1.8295468
1.2599542
1.71485
1.9985345
1.1962262
1.1232432
1.0330705
1.6224358
2.228626
1.6248458
1.549367
1.0764499
0.49365601
0.85023511
1.2044364
1.5624175
1.4266323
1.5523616
1.6366255
2.1617867
3.8852368
1.6839356
1.9011158
1.6905436
1.8822439
1.6648111
1.4297536
0.79822805
1.8504843
1.4095665
1.5245187
1.1088686
1.2964466
1.4495722
1.3914701
1.981395
1.4190426
1.8403663
2.7267814
2.7188327
2.969685
1.8697955
1.1827616
0.62397771
0.19382156
0.7623947
0.83575006
1.8422658
2.2447234
1.7904016
2.6373923
2.2759056
1
1.6251779
5.0366159
5.2235586
4.2579989
2.1465743
3.4467087
1.2598204
0.97900335
1.4562622
2.344763
4.4735317
3.8550462
3.6523761
4.0780413
2.3415783
1
1
0.99573432
0.99590534
0.97822113
0.98876872
0.98991228
1.1094936
1
1
1
0.94743932
0.95226275
0.99803333
0.98263392
1.3332865
1
1
1
1
1
0.99985249
0.99316071
1.2792524
1
1
1
1
1
1
0.99619492
1.3312594
1
1
1
1
1
0.99863697
1
0.99507311
1
1
1
1
1
0.97042159
1.0756934
1.0667743
1
1
1
1
0.99200774
0.99845698
0.9704312
0.95590644
1
0.99539255
1
1
0.98609554
0.98396272
0.93611332
1.5577733
1
0.99980644
0.99977796
0.97117157
1.2717957
1.0950362
1.0834562
0.99449593
1
0.98544006
0.97768699
1.0537732
0.95244309
0.9020629
1.0304434
1.0522808
1
0.99776253
0.99172503
0.99576053
0.98960301
0.97362068
0.93641042
1.0840361
1
0.98030853
0.97017666
0.95776711
0.82360203
1.472297
0.88163548
1.2341953
1
1
1
1
1
1
1
1
1
1
1
1
1
1
1
1
0.84875886
0.96389726
2.0036093
2.0593931
1.9741919
1.5568833
1.1122197
0.7894345
0.93734219
0.93905155
0.93368246
1.2660642
1.1226428
1.6547733
1.2953958
1.1148728
1.0846966
0.72662768
1.2603625
1.3274211
1.4668094
1.4340901
1.6636572
1.0903219
1.3787773
1.249209
0.86223671
1.2830929
1.5286365
1.4178111
1.5469753
1.5903042
0.98534261
0.98418227
0.83185029
1.0180982
1.0545625
0.95381331
0.9252837
0.97860822
1
1.1810641
1.0048715
0.9264559
1.2235072
1.6885948
1.6321426
1.6601673
0.98854561
0.95391068
1.5174534
1.1395608
1.1205812
2.170346
1.4392846
1.6157008
0.67434386
1.1685215
1.0196159
1.4999609
1.2338741
1.6835893
1.0366343
1.5518801
1.3536173
1.4949153
2.4360099
2.0011312
1.7854514
1.3365648
1.1490672
0.92220728
0.85100225
1.3902834
1.4996852
1.007925
1.0654347
1.4521548
1.2868247
1.7642465
1.6919627
1.9646706
0.92591717
1.940704
1.8710269
2.7494141
2.9842081
1.1601278
0.22920604
0.40322854
0.68247721
0.71256594
0.89108873
0.83769804
1.5875237
0.84043908
1
1.1824595
0.99133921
1.0505499
1.0835738
0.82925559
1.2456128
0.79856143
1.3737424
3.4190842
4.0392378
4.5024681
2.5442585
1.6432163
1.3262687
1.3092704
1
1
1
0.9935259
0.99999002
0.9976987
0.99423535
1.3207088
1
1
1
0.99901313
0.99943295
0.98148641
1.1871315
1.2376296
0.99195752
1
1
0.99333047
0.99864648
0.99928051
1
0.92449478
1
1
1
1
1
1
0.99963266
0.99560494
1
1
0.9999467
1
1
0.97223305
0.86989696
0.71558336
1
1
1
1
1
0.99728991
0.99750294
0.98161097
1
1
1
1
0.9999981
1
0.96265098
0.91083077
1
1
1
1
0.99995477
0.9275171
0.97629874
1.0522979
1
0.99996419
0.99737681
0.99840509
0.99912099
1.1380375
1.0547582
0.84412857
0.9950178
0.99974192
0.96631556
0.95204085
1.0312333
0.93999507
1.0068923
1.2220838
1
0.99953416
0.99288328
0.9950369
0.99759027
0.91885198
0.99224785
0.95946374
1
0.99634261
0.93870019
0.96613594
0.96368502
0.97634069
0.93983185
0.82985907
1
1
1
1
1
1
1
1
1
1
1
1
1
1
1
1
1.2155601
0.92981332
1.1067691
0.59328305
0.71019728
0.5478178
0.71973905
0.58506715
1.1137334
1.4260633
1.3045499
1.016929
1.3182736
1.4801643
2.1478949
1.640872
1.1704179
1.1307378
1.4413887
1.2609887
0.95883076
1.000227
0.72355156
0.79365438
1.0320374
0.8069965
1.002935
1.1120056
1.065054
1.2263824
1.7328422
1.3525813
0.93241358
0.98238003
0.93721309
1.0024086
0.92100667
1.2095359
0.88258781
0.97160467
0.98685149
1.3289391
1.2220264
1.2995624
1.807944
1.6357515
1.5827574
1.3033925
1.313831
1.5251624
0.72321757
1.8138452
0.98527411
1.3221444
0.93130979
1.1537323
0.75842175
1.0945989
1.2650963
0.81514809
1.0675711
0.91160019
0.98318498
1.4404653
0.59130668
0.85248255
0.76245952
0.72609518
0.56975628
0.63700266
0.71716516
0.6055498
0.97423441
0.85356144
0.91545202
0.77043441
1.2931205
1.2726368
1.2503865
1.0998746
0.9660782
0.98324996
1.4192765
1.0803294
0.90858952
1.089749
1.0025718
0.80518456
0.87083734
1.4988525
0.98402772
1.087809
1.5923226
0.83310344
1.7876035
1.5517436
1
0.99181865
1.1071659
1.1948309
1.229102
1.5265581
1.3679384
0.85539917
1.1527189
0.52975118
0.73090784
0.87974838
1.0817608
1.4881432
0.87358158
1.3384723
