2.0903157
1.283646
1.2166223
1.4963237
1.3676963
1.5258873
1.1794556
0.73153768
0.99990522
0.99989861
0.99992605
0.99992774
0.99992146
0.99990996
0.99992407
0.99992051
0.99996961
1
0.9825981
1.0882392
1.067193
1.0914636
1.0874974
0.85383452
0.99989891
0.99989887
0.99992426
0.99992076
0.99990722
0.97459595
0.67560765
0.99935734
1.0000784
1
1.0000046
1.0000002
1.0851478
1
0.99992803
1.0254015
0.99992392
0.99992091
0.99994166
1.0931793
1.0015022
1.001785
1.0095533
1.1422863
1.4553241
0.8994287
0.76837568
0.60844347
0.75227654
1.0071736
0.8361826
0.62941253
0.95113108
0.87833282
0.55685567
0.5357899
0.70492628
0.84634454
0.76246833
0.71262087
0.9775938
1.1185339
0.6446081
0.49579962
0.34668755
0.45468692
0.49613748
0.47222096
0.28234885
0.1751478
0.32108066
0.25810021
0.31661543
0.41130771
0.33371315
0.40493854
0.75815168
0.61606444
0.76051533
0.82713133
0.76113694
1.0455096
0.71598008
0.60877158
0.76896398
0.70564034
0.61999947
0.69256217
0.77438397
0.92123143
0.77493585
0.74400868
0.78881155
0.69397716
0.68749325
0.69744474
0.84950274
0.9232767
0.74416089
0.5707417
0.61849519
0.62777818
0.54831497
0.48679855
0.58848729
0.76339559
0.53252105
0.49149829
0.77722907
0.73510859
0.72952264
0.65515009
0.67772216
1.0374884
0.64614092
0.68423252
1.0037368
0.68456376
0.65563254
0.59219934
0.63051601
0.83916714
0.61297853
0.56669209
1.3943677
0.90311198
0.7838309
1.0523875
0.81586008
0.62362255
0.83267066
0.4696387
0.99992655
0.99991129
0.99993957
0.9999296
0.99990751
0.99991407
0.99992735
0.99993578
1.0000248
1
0.99991504
0.99999092
1.0518057
0.99985834
1.0289424
0.95071754
0.99992757
0.99993438
1.0000381
1.0000767
0.9999302
0.99992952
0.99993403
1.0475899
1.0001279
1
0.99997493
1.0000192
0.99992863
0.99994166
0.99996186
0.99993159
0.99994953
0.99993968
1.0000205
0.99994162
1.0001117
0.99993638
0.99993917
0.92556442
0.99061051
1.2674321
0.81940673
0.66134061
0.60893622
0.54189036
0.46199737
0.59380836
1.3140788
0.6709948
0.82311111
0.53164785
0.74218591
0.50726352
0.59161756
0.39629963
0.9999853
0.90875105
1.203081
0.75310849
0.69248944
0.34669791
0.37193009
0.35466262
0.87469792
0.72000384
0.40589747
0.30023605
0.59098503
0.40460219
0.54140659
0.40550066
0.83778713
0.9067581
1.1542907
1.2350643
1.0598764
0.73103067
1.2957995
0.77324199
0.74154765
0.55654289
0.81421776
0.5453773
0.56062299
0.84685773
0.79489707
0.74915366
0.74173944
0.81404299
0.84762168
0.71678572
0.60698076
0.82054978
0.7882768
0.52341747
0.72686798
0.92829853
0.75685652
0.5527194
0.75227636
0.49452579
0.49753212
0.42599235
1.5769696
0.58321585
0.96762035
0.74844152
0.50125041
0.51575892
0.56335098
0.56321765
0.92461382
0.83657896
0.82315017
0.57278743
0.48844955
0.62730862
0.62140387
0.41314689
1.5097592
1.1354788
1.0097725
1.3600165
0.93593597
0.99980862
1.1635178
0.83528095
1
1
1
1
1
1
1
1
1
1
1
1
1.0406113
1
1
1.1390873
1
1
1
1
1
1
1
1.0484657
1
1
1
1
1
1
1
1.0452879
1
1
1
1
1
1
1
1
1
1.281186
1.0329881
0.66091171
0.50702426
0.76163843
0.82378101
0.70519918
1.1794861
1.0284126
0.71157696
0.67351062
0.57114034
0.80708443
1.0772608
0.8215756
1
0.98267218
0.91796129
0.95048353
0.89312084
0.50419533
0.49744227
0.69342409
0.95507726
0.71319513
0.66516787
0.54180646
0.46224877
0.58294876
0.62531978
0.66801362
1.1091421
1.1917841
1.3343524
1.3992082
1.1460318
0.97273551
1.1324756
0.76631803
0.94431783
0.98638074
0.83557893
1.1077792
0.90230235
0.827143
1.2864812
1.0058226
1.0774001
1.2021372
1.0718276
1.6162854
0.90573586
1.0199824
0.78563884
0.77862829
0.72521809
0.99277929
0.81489633
0.69830935
0.68006512
0.68722146
0.65577018
0.70319467
1.1287106
1.3105798
1.1202087
0.87211811
0.81520191
0.98354892
0.81132145
0.92254468
1.3600054
1.0464935
0.86492305
0.78316304
0.53454466
0.56318584
0.54214603
0.76937872
0.92076801
0.67012131
0.75731067
0.92531031
0.76537826
0.78429893
0.99350951
0.95989832
1
1
1
1
1
1
1
1
1
1
1
1
1.2898375
1
1.1998636
1.0457384
1
1
1
1
1
1
1
1
1
1
1
1
1
1
1
1
1
1
1.0007212
1
1
1.0038257
1
1.0156916
1.1618854
0.58950689
1.0442833
0.86860986
0.57724659
0.7976834
0.80206211
1.2504049
0.98146695
1.082641
0.7747343
0.78496487
1.0262284
0.70013851
0.93284894
1.5065787
1
1.030195
1.1756825
1.0409363
0.35613561
0.63285686
0.64075809
0.68762262
0.76679463
0.66019532
0.91864651
1.1988844
1.0149101
0.91026779
1.0951154
1.1495885
1.7794339
1.2987281
1.3978309
1.365152
2.0478777
1.3142701
1.7220997
1.6044625
0.89166409
0.80833572
0.66761378
0.87365359
0.80035823
0.96837353
1.1844071
1.5002899
1.1544079
1.2555102
1.2040365
1.1552697
1.514123
1.16924
1.4863463
1.3045858
1.0427676
0.72140801
0.80020082
0.89132672
1.1252176
0.96585275
1.0701038
1.0823502
1.149712
0.8607458
0.94955246
0.73405859
0.89979725
0.94083466
0.91157136
1.3873001
0.53947606
0.61065609
0.62508355
0.62128505
0.64993418
0.55762156
0.88794819
1.0253677
0.83220987
0.49806503
0.58425918
0.74786447
0.72482862
0.75707102
0.94580692
0.87901651
1
1
1
1
1
1
1
1
0.90411613
0.75773054
0.95262838
1.408348
1.7324953
3.1944322
2.3291632
2.4140172
0.91036338
1.0691828
1.6088789
1.6272206
1.3582858
1.0777311
2.4356819
2.0828643
1.015107
0.80977437
1.3078666
1.1813407
1.542847
1.4089106
0.99627633
1.1521945
1.6731133
1.1158287
1.3195817
1.4674771
1.9780341
1.3350107
1.5074785
2.0732234
1.6981749
0.97697908
1.4531382
1.5701753
2.1610729
2.2537928
1.7487178
2.2309415
0.99894677
0.72280869
1.0631243
1.173453
1.2644356
1.4799563
1.7335741
1.7787884
1
1
1
1
1
1
1
1
2.8573129
2.9373558
3.465603
3.6124918
3.5743532
3.4896737
2.9554702
1.8365154
4.4395454
5.9860556
6.2764369
5.3838937
5.3275374
5.2403566
5.3604289
3.9173025
1.0381688
2.6562146
4.2390916
4.9340012
5.4094553
5.0308454
4.438729
4.567787
2.3308962
3.0804212
4.6608661
6.642185
6.0668201
5.3336769
4.9409717
3.2736826
3.7737218
3.6890311
3.545279
3.7627631
3.1216769
3.5639654
3.0731509
1.9609936
11.596866
4.3498349
3.8771827
4.1893645
4.4678025
4.7391695
4.0042811
3.688878
0.37710651
1.4560795
1.6226478
1.7610349
1.8223528
1.9313053
2.4311323
2.0270847
0.66812178
0.70532151
0.70612818
0.6498935
0.69095044
0.76934001
0.75120987
0.97040102
1
1
1
1
1
1
1
1
1.5683363
2.3431847
2.1400242
3.1205761
3.0942643
3.1539077
2.1883884
3.2880821
1.467748
1.9699818
1.6785297
1.6075906
2.1493339
1.792691
2.0038412
2.848286
0.98189961
1.0572639
1.8818677
0.96869668
1.5901817
1.5918231
1.5504058
2.1117553
0.97433633
1.2351148
1.8533923
2.095161
2.4214493
2.5328395
2.3589877
2.2465657
3.3637045
2.9450862
5.0726601
4.1692018
5.003012
4.5899294
3.99719
3.5895626
1.4331901
2.2016786
2.9853112
3.005742
2.35034
3.1603885
2.4814258
2.5083498
1
1
1
1
1
1
1
1
5.6759834
7.600682
7.5686034
5.1112759
5.5695725
4.9222264
3.1029513
2.5424942
4.4576572
4.9036391
4.5544574
4.4985479
4.4499304
4.7083732
5.0240171
4.2172794
2.3478578
4.4521645
3.9391969
3.962379
4.4092791
4.9624083
4.0817001
4.5863638
3.0214636
6.6855781
6.5289701
6.8884126
7.7227853
5.2362953
6.2866449
3.3608864
4.5933825
5.7105413
6.0250043
5.4558281
4.5399346
4.28484
3.7078204
3.0149895
5.2285431
3.7802604
6.2680583
5.1681167
5.7972734
6.7566393
4.9781002
3.8534859
3.8720721
6.0760877
4.2219735
4.6902574
5.1105379
5.5677529
4.6349529
3.0879494
1.3770774
1.2148122
1.2652603
0.67907168
0.9412881
0.87605565
1.1207251
1.0193807
1
1
1
1
1
1
1
1
1
1.3751361
2.898781
2.1363816
2.5820264
1.7735361
1.7722652
1.4810236
1
3.3011016
4.5537776
2.4664929
2.5522001
2.2397371
1.7995171
1.5159058
1
4.7841938
3.0177773
1.2871875
1.2693271
1.0143754
1.0258104
1.0318525
1
0.97242675
2.1312997
1.2591261
1.4922552
1.285611
1.1435246
1.1580834
1
1.5488183
1.723687
1.2241855
1.9253715
1.6729116
1.6777491
1.6996785
1
1.2024977
1.2102104
0.98636008
1.3228876
1.3780558
1.2539637
1.4092201
1
1
1
1
1
1
1
1
1
1
1.0868675
1.5957138
1.8118167
1.4863286
1.5786708
1.7148761
1.8444935
3.260088
2.1469877
0.93266074
1.1963945
0.96223484
0.8819301
0.98207416
1
2.8167852
1.8326585
1.1677845
1.9728189
1.4019503
1.5493255
1.5032542
1.1210261
2.8469259
2.2432404
1.8704848
1.8793925
1.7679638
1.5200392
1.7219943
1
0.99716767
4.3590896
2.0875307
2.1631122
2.3810736
2.1191551
1.9442465
9.6269316
3.2200803
2.798491
1.1216625
1.3947872
1.1561781
1.1179348
1.2476674
1
3.0873442
1.9026576
0.61456798
0.81386635
0.85387404
0.96634769
1.0611042
1.0270766
0.95013833
0.67553981
0.60972105
0.50538064
0.48479046
0.61676472
0.75103453
1
1
1
1
1
1
1
1
2.2641351
1.9527216
1.9225221
1.6276973
1.989081
1.7395881
1.7799704
1.7970195
1.4894748
1.9782369
2.7913582
2.624645
2.293237
2.2795027
1.8702241
2.1542617
0.92790209
1.5282084
1.6712793
1.4740678
1.3879468
1.4348678
1.2693313
1.4458128
1.6714516
1.8713388
1.672003
1.5216911
1.5151086
1.6155279
1.4323075
1.7261477
0.95739097
1.2685214
1.2829728
0.90034526
0.9893527
1.0185523
1.0562684
1.3682919
1.1515524
1.1731637
0.8412017
0.5260129
0.51255829
0.53951005
0.59842988
0.90114317
1
1
1.1037776
0.91846178
0.33758226
0.36298262
0.42953096
0.73866186
1.9411717
1.7871924
1.3843613
1.0310554
1.0572801
1.3317795
1.3802362
1.3653401
7.6231499
8.4517806
6.3085781
5.2684076
5.2002522
4.4911402
4.2021131
3.0735297
2.9671685
2.910751
2.7705612
2.1576421
1.7820371
1.4295872
1.8439457
1.7542957
6.2928286
8.2573585
4.9852317
4.1947091
3.5615233
2.7726496
2.196464
1.6343521
2.9293405
2.3434251
1.6653797
1.2858725
1.2177398
1.2003702
1.1965247
1.222576
1.4111059
1.7461059
1.2686207
0.91783333
0.99092718
0.99051748
0.95229872
1.1456445
0.57669002
0.9559257
0.66885112
0.69715459
0.58078648
0.5858558
0.67296732
0.87207454
1.2747721
1.0841282
1.2618746
1.9074296
1.5676317
1.4334845
1.6912172
1.3352849
1
1
1
1
1
1
1
1
0.51313664
0.47621884
0.5401558
0.86156956
0.87262637
1.0320434
1.258689
1.2755935
0.95030096
0.90433689
1.0437205
1.7241323
1.132423
1.52421
1.731437
1.6174658
0.93956605
0.48058914
0.45550465
0.62922295
0.5083598
0.63532148
0.72592305
0.64601626
0.52499543
0.40383646
0.4513737
0.47669474
0.65013694
0.85977328
0.86401361
1.0764058
0.69264295
0.49664112
0.50254117
0.61507534
0.66941322
0.75440065
0.87495853
1.0353323
0.76383157
0.51331427
0.44602473
0.52657648
0.55265938
0.6481476
0.74305623
0.74547689
0.87347136
0.65470405
0.56446142
0.54807935
0.64356435
0.79146676
0.80257491
0.93845797
0.46358928
0.38967502
0.39129631
0.45171354
0.48445015
0.57901293
0.64261901
0.75725659
0.90936443
0.75700763
0.66539864
0.835617
0.83650133
0.95768313
1.1220681
1.3805763
1.1727323
0.72112142
0.64562332
0.74884322
0.67183245
0.7326796
0.79492928
0.93360007
0.44154067
0.33276193
0.37028035
0.39932856
0.38987313
0.45638832
0.46786889
0.57709422
0.64359435
0.40938551
0.38002316
0.46157789
0.49422599
0.59934104
0.66615215
0.83404214
0.63364191
0.50556668
0.466129
0.52513922
0.51276299
0.58178799
0.63700912
0.77057713
0.80958334
0.68981035
0.66527217
0.7916039
0.76599645
0.89632221
0.95527984
1.0289955
1.3947484
0.79617412
0.78859849
1.1110164
1.0836981
0.93594309
1.362866
1.0042381
1
1
1
1
1
1
1
1
0.44817646
0.63601907
0.59291517
0.65131043
0.67541736
0.96950713
1.1170666
1.0137926
1.3260595
1.1334219
2.2769749
2.3449124
2.6805884
1.7361854
1.9803781
1.6380101
0.72616753
0.89411897
1.485159
1.3100439
1.3159812
1.0568791
1.0990016
1.1474108
1.1002779
0.80352309
1.1940424
0.91366492
0.81354709
1.0754797
1.1635118
1.2778065
1.0795897
1.0115343
1.0163389
0.77529931
0.93788499
0.94081307
1.1447526
1.1312337
0.97619638
1.0964718
1.1172853
0.74489211
0.89931564
0.70952715
0.96138708
0.87928543
1
0.94883326
1.3529346
1.5734934
1.2915743
0.84074407
1.0383655
0.74341211
1.0302903
1.0347006
1.0239927
1.026768
1.1292195
0.84092696
1.2347567
1.0139152
2.541983
2.180989
2.405013
2.6410734
2.7016812
2.1867265
2.7174128
1.8573409
2.0301987
2.1281365
2.4156932
2.7534129
3.1000682
3.522208
4.0607701
2.8635322
2.9260601
1.8518282
1.8825899
1.3822645
1.3635434
1.0408231
0.95456061
0.89603196
0.69205204
0.88807844
0.79175589
0.77298881
0.93563861
0.89654515
1.1219584
0.97534493
1.5620983
1.4506377
1.2408176
0.91471183
0.99311544
0.73104692
0.8745159
0.81877566
1.8727059
1.1426819
1.2433051
0.95984767
0.98854576
1.0635564
1.0053622
1.213687
1.3297442
1.2823355
1.151895
1.5887043
1.1968023
1.1519972
1.3763876
1.1846272
1
1
1
1
1
1
1
1
2.4228335
2.3842863
1.4947574
1.4579867
0.94048033
1.1548787
1.052536
0.86906053
2.0966673
2.7413133
2.7992232
2.1382309
1.5949828
1.8820103
1.3283181
1.2072701
1.1502544
1.2812615
1.2287749
1.1515766
0.95088868
0.96146271
0.96747599
0.53178065
2.1587088
1.5365991
1.3085446
0.99250482
1.0109321
0.81559828
0.75158858
0.62550158
1.4215769
1.3367339
0.99763861
1.2184277
0.92556946
0.82960883
0.99763718
1.1564536
1.2070539
1.1922246
0.83704667
0.75924429
0.67709701
0.65460009
0.67996451
0.7716393
1
1.2679214
0.76763374
0.75550065
0.63807574
0.68526856
0.98325789
1.0846892
1.0144238
1.3459796
0.80153605
0.842402
0.79429504
0.8054871
0.88955072
0.81241243
5.1238917
3.8581899
2.5620081
2.2892524
1.7233164
1.6556193
1.4625407
1.0666124
2.0335238
0.89877821
0.73878611
0.68325141
0.58123477
0.81918068
0.79041435
1.0995878
2.8161211
3.558042
2.6861258
3.1439497
2.3916223
2.7298154
2.7495214
2.7842478
1.2400771
0.95177079
0.75289774
0.75743096
0.63294569
0.75759825
0.8229773
0.84054385
0.67954386
0.9340448
0.66967154
0.81441284
0.62962465
0.72115186
0.63615658
0.93627296
1.1589462
1.213538
0.74420747
0.79141707
0.76740492
0.79065234
0.85469974
0.94671327
1.1362129
0.87045205
0.94217755
1.1049864
0.92246162
0.89839059
1.1992925
1.1219716
1
1
1
1
1
1
1
1
2.1281483
1.5373569
2.3363513
2.4016339
2.4068878
2.5822844
2.4683728
2.1228637
1.0799301
1.3299634
2.8701301
2.8051221
3.2856817
2.1718076
2.3124571
2.4072556
0.61327644
1.243577
2.0132828
1.9643158
1.8969275
1.5654887
1.5539157
1.5341231
1.1827717
1.2489898
1.5636026
1.4618839
1.5096096
1.4848197
1.6950883
1.9957486
1.4587708
0.9065688
1.352216
1.1424421
1.1677861
1.163997
1.2330481
1.4176637
0.97878855
0.70406181
0.74821173
0.72235745
0.74457988
0.75227852
0.83857025
1.2135177
1
1.174843
0.90133826
0.812309
0.86139923
0.65437483
0.8170638
0.83036973
0.99768702
0.76189102
0.88570376
0.97919712
0.95183725
0.8881203
1.1235411
1.1184596
5.0842707
5.2341253
4.0776878
4.0082268
3.5087791
3.5492612
3.3964765
2.5157561
2.0801575
2.0429247
1.9721079
1.9043997
1.6490966
1.8408807
2.2707711
2.0395338
1.9323343
2.5599018
2.7997995
2.0062048
1.7381109
1.5460975
1.4123238
1.1956532
1.6244224
1.2927942
1.2338719
1.2052839
1.1127806
1.2178909
1.5570291
1.5465468
0.72841516
0.73912367
0.72688365
0.76819322
0.87538146
0.90757903
0.93272466
1.178075
0.52873425
0.64220529
0.51342343
0.62752582
0.64743638
0.74000423
0.84226422
0.98971395
1.0225376
0.55267632
0.56662912
0.68407108
0.63419434
0.60577055
0.76782898
0.72791844
1
1
1
1
1
1
1
1
4.0347652
5.8110097
4.4066138
4.2064769
3.930358
3.8323736
3.4945583
2.1386972
2.6279883
2.8428673
1.8191446
3.5263681
3.9667295
2.8140565
2.5340928
1.7816529
1.6512502
2.5647761
2.0209315
2.3361225
3.1435598
2.2133267
1.7570973
1.9185046
5.2049829
3.2757592
2.5475536
2.491353
2.5749903
2.6011318
2.0059097
1.6738871
1.2697056
1.2137748
1.4437332
1.6731038
1.639988
1.8196266
2.0741074
1.8912933
0.95532262
0.80157281
0.95062124
0.96065363
0.95325179
1.0408932
1.0782231
1.2225773
1
2.0208231
1.9150141
1.2766074
1.4622119
1.2796121
1.3299769
1.4696073
4.0785317
2.5689248
2.2859538
1.7461291
1.6992476
1.6082667
1.5335153
1.4202089
10.677185
8.9235283
8.3271719
6.89447
5.8458472
5.4948615
4.7012459
2.4337472
7.4476834
4.2557451
3.2945227
3.1311224
2.3089026
2.569577
2.2720439
2.0849881
7.9974912
6.2551881
5.4732408
4.2119013
3.5421797
2.6374248
2.8405292
1.6567948
4.1675631
2.8631907
2.4166304
2.1682437
2.0940126
2.3140916
2.1362528
1.8485033
1.5432444
1.4071572
2.7609904
3.8772573
4.2038519
3.8168757
3.8203837
3.7175235
0.52604367
0.70843483
0.77415594
0.80051717
0.92161206
1.0709965
1.2109786
1.2447036
0.8532126
0.75201544
0.49084974
0.3850755
0.43506288
0.49332894
0.49367779
0.76189942
1
1
1
1
1
1
1
1
3.0594321
4.1806907
3.4149473
2.9416436
3.687897
3.6461361
2.9170136
2.6986616
3.4180009
5.3394409
6.0175735
5.0481993
3.9791187
4.6939281
2.7334703
3.7179489
2.8393748
3.1427738
3.2153528
1.9480408
2.1880681
2.4864203
2.0235016
2.2659406
5.6692233
5.4527254
4.8539496
2.3536161
2.646278
2.5854417
2.2985115
2.5136323
3.8407545
4.581253
2.9721959
2.0387412
2.5048675
2.5045663
2.0622897
2.7852782
2.5521885
3.7195117
2.5621457
2.0082915
2.0601356
1.9794304
1.676238
2.6109983
1
0.99980692
1.5214196
1.6909765
1.78599
1.6868805
1.2978656
1.4795464
6.0283156
5.6491035
5.0439473
3.2596519
3.5231807
3.1941758
2.5230973
2.5576539
5.02993
5.229911
5.0110148
3.6088069
4.3090298
4.6517772
3.6032886
3.7715008
5.0338946
9.2957121
9.4667328
5.9758975
7.9472414
6.5111963
4.9213819
5.6858776
8.3965389
9.0459421
6.6278447
5.4185803
4.4014207
4.2325009
2.7397331
2.5580078
5.4560659
5.8164509
4.5626913
3.5134727
3.378199
3.3142823
2.23947
2.2713607
4.8207145
4.6942078
3.7154125
2.4463856
2.5649588
2.8335973
2.2838032
2.2942513
3.1348139
5.0908132
4.4371713
2.7719719
4.2231721
4.3942142
3.6565201
4.0915385
