0.71266512
0.92783151
1.0791053
1.0753199
0.91011286
0.71542353
0.80823111
1.0736793
0.932408
0.81159916
0.97204891
0.8983293
0.76603063
0.85908371
0.85736135
1.3149589
1.219392
1.2666387
1.4962482
1.3207145
1.1719416
0.97190583
1.0520994
1.0653139
0.80456535
0.95454076
0.92906239
0.8527789
0.66015352
0.78918808
0.79826321
0.79633852
1.2461976
1.4296103
1.2349396
1.1868739
1.1699394
0.94470801
1.0483095
1.0281689
0.70712557
0.71906301
0.71761869
0.9621096
0.79934989
0.69102363
0.85863982
0.78103471
0.60704884
0.51596261
0.21202256
0.43530234
0.34293429
0.40906191
0.48212774
0.90595755
0.53415582
0.56961294
0.7053233
1.0161488
0.84584331
0.84693549
0.78749241
0.72843317
0.36812273
0.3128869
0.26069019
0.16649342
0.22032527
0.29702907
0.30153588
0.54674186
0.48195313
0.72096331
0.63777154
0.5181566
0.54824787
0.55951965
0.53516359
0.55814172
0.85250732
1.1961811
1.2623829
0.87423547
0.97068654
0.88576455
0.72137323
0.75131347
1.096114
0.7620643
0.77281132
0.85898524
0.84384962
0.83584111
0.80249594
0.83498643
0.43758559
0.56639486
0.5311515
0.47542869
0.46089331
0.54258004
0.44022072
0.45638706
0.075680394
0.19912207
0.51616151
0.69482836
0.71475546
0.69393804
0.68806502
0.60051972
0.19191441
0.18737619
0.23067166
0.18902837
0.32210268
0.44632305
0.4889727
0.59771671
0.89402627
1.1568144
1.0821927
0.99497517
0.99421028
0.95066372
0.81567784
0.75737086
0.29355149
0.17981738
0.23469081
0.20549167
0.32472475
0.36987613
0.47213611
0.76958097
0.4147874
0.93654317
0.823558
1.1337115
1.0839109
0.95487027
1.0752193
0.79689888
0.17459542
0.16054236
0.30995949
0.41804067
0.64435503
0.78387089
0.77680901
1.0210985
0.34824958
0.62194038
1.2378544
2.151713
1.891768
1.8152668
2.2736874
1.3032761
0.87456298
0.62608731
0.74462624
0.73472928
0.93777053
0.84587118
0.96732763
0.95903762
1.0424481
1.1036655
1.0948827
1.3036445
1.1426625
0.9702923
1.1165762
1.4300922
1.4061813
1.4125473
1.2920605
1.3297577
1.1377568
1.4236226
1.282612
1.8625929
0.9340203
1.2386692
1.4317438
1.3520311
1.2995926
1.2367755
1.2719854
1.4705164
1.2027147
1.0778514
1.1502299
1.2415635
1.1283255
1.102276
1.2058181
1.2980845
1.5472216
1.8124029
1.5227403
1.4585872
1.3652244
1.1043552
1.3646248
1.2612723
1.2364229
1.1480321
1.1104377
1.4642679
1.2266141
1.1124032
1.3016489
1.1765462
1.114203
0.60940429
0.50019123
1.0907161
0.91144793
0.99778438
1.0313304
1.2253936
1.0003374
0.55997665
0.76137277
0.91631097
0.87624272
0.84517809
0.88243147
0.74384628
0.61353311
0.59375402
0.58038838
0.39944655
0.5144991
0.60630691
0.60990717
0.82830773
1.6332299
1.963216
1.8655443
1.3928589
1.3169429
1.1797984
1.0967007
0.93329782
0.71904004
0.90270303
1.0240068
1.104647
1.399116
1.4009111
1.1532832
1.1101811
1.6783647
0.83527589
0.85677847
0.99099682
1.03277
1.1460881
1.1477882
1.0547594
0.81583789
0.73953311
0.6564063
0.6266218
0.65890116
0.83537995
0.71823105
0.66146735
0.94738191
1.3300129
1.8604777
1.4386304
1.3696647
1.3075823
1.2411462
1.0478584
0.71276625
0.60834771
0.7039096
0.52653151
0.77227942
1.0128795
1.0105698
1.0548804
2.3125623
1.5239644
1.2706307
1.0544355
1.0326075
0.91155956
0.76138186
0.70213276
0.56827295
0.3962125
0.48041618
0.45238111
0.61442707
0.63336287
0.68313595
0.96334343
0.61802142
1.0082932
1.0995326
0.95015928
0.85754244
0.77336651
0.83873901
0.68214795
0.3049043
0.22654975
0.30101934
0.32237786
0.40853966
0.52541342
0.50670504
0.64425896
0.89633217
0.84058434
1.0749193
1.4851529
1.1975699
1.0290739
1.2637879
0.86378568
1.0021188
0.93507384
0.82111841
0.75368028
0.85237654
0.78360927
0.74715445
0.74586886
1.4939746
1.5150324
1.4748002
1.5862733
1.2824269
1.055426
1.2764173
1.6612807
1.6742408
1.5007585
1.4327528
1.5953586
1.2857819
1.4037439
1.4691798
1.8509382
1.3431904
1.2858096
1.4871981
1.5258617
1.5253161
1.353462
1.5508487
1.682529
1.4845808
1.3851698
1.1632454
1.3138686
1.2425233
1.2874594
1.4564286
1.4907271
1.8393537
2.0556435
1.7685048
1.6625355
1.5654323
1.243512
1.5372645
1.2882321
1.5807948
1.4993391
1.3519163
1.5330693
1.4007716
1.1815436
1.3811491
1.1068069
0.82385693
1.1573951
0.57609386
1.0542882
0.95678118
1.1742779
1.2245528
1.4159177
1.2576093
0.85309185
0.89282938
1.0971849
1.0908782
1.0984709
1.1498568
1.0219224
1.0963135
1.0411745
0.87223515
0.59739155
0.78286465
0.95156573
0.84499346
0.95071375
1.8456595
1.9853199
1.6385011
1.0810934
1.0125275
0.91058308
0.8727241
0.84926445
0.82570305
1.062693
1.2333571
1.145391
1.3964419
1.3815963
1.1364249
1.0939946
4.081992
1.1597016
0.91949112
0.78047581
0.96889798
0.90780974
1.0965406
0.95679521
0.58532254
0.60728693
0.52846293
0.48393553
0.49068264
0.63548814
0.57245274
0.56783719
2.1726875
1.5905862
1.3843985
1.2495467
1.1531264
1.1093578
0.96855201
0.90352824
0.85207308
0.70351347
0.73774788
0.59616364
0.86815593
1.1702876
1.139285
1.0741865
2.2149979
1.7873901
1.4306047
1.2692569
1.1469313
1.1607606
1.0490764
0.97142191
0.88140578
0.73208012
0.77174861
0.69613121
0.9896292
1.0965177
1.1025599
1.2983748
1.3491622
1.5649295
1.4376649
1.3095711
1.0551013
0.93780829
0.96151469
0.74579535
0.97059104
0.5235442
0.53744005
0.57146265
0.71037415
0.78674581
0.69843579
0.79280006
1.000963
0.71411263
0.78169743
1.2582685
0.95467648
0.7957433
0.96923627
0.68147435
0.58665884
0.61602481
0.52276131
0.50550296
0.62316616
0.61196393
0.58924669
0.58163919
1.4919435
1.5814075
1.63164
1.843208
1.5716613
1.2850704
1.5645875
2.0568092
1.428601
1.4337592
1.6760991
1.5287771
1.3039908
1.5450999
1.558972
2.150652
1.190862
1.4706524
1.4335693
1.4149071
1.5292955
1.4158226
1.5838026
1.7030786
1.3144009
1.4482512
1.2964592
1.5229334
1.4585943
1.6470718
1.7908829
1.6908053
2.26622
2.2143596
1.8823147
1.9110287
1.7099566
1.4064088
1.6975488
1.4661016
2.3038793
1.7763422
1.5576392
1.4678913
1.396444
1.1531239
1.3475899
1.123421
0.57429243
0.59730696
0.47106854
1.2234883
1.3603383
1.7429958
1.9291822
2.0035038
1.5159624
0.90018885
0.8929794
1.1174798
1.1581612
1.1743508
1.2488924
1.0745533
1.0183697
1.0762042
0.91342545
0.60102137
0.76041186
0.8633916
0.76479736
0.78845288
1.6768926
1.9832112
1.6899797
1.3486641
1.3353599
1.2053253
1.0969274
1.0280797
1.1779257
1.7025973
1.68765
1.2987172
1.4951738
1.5004464
1.2142513
1.0705759
3.7713481
1.1356332
1.1170052
0.86454944
1.0812804
1.0718119
1.0654842
1.0404234
0.85519839
0.78045295
0.63491811
0.58910543
0.62824938
0.8069485
0.6680746
0.5857407
1.698747
1.4826782
1.8791326
1.7216662
1.5705683
1.5060711
1.2353132
1.0565894
0.71968585
0.78430598
0.75607482
0.59294195
0.81620065
1.084182
1.0296597
0.96345555
2.1919568
1.9142553
1.6252276
1.4060558
1.3850488
1.3955851
1.1697955
1.0439292
1.1839039
0.82231229
0.88601265
0.77288517
0.99328846
1.0555232
1.0108047
1.0596855
1.1209192
1.2647507
1.144932
1.0571
1.0317776
0.88836703
0.87837576
0.67984814
1.2350909
0.92572609
0.81465622
0.71434358
0.75177463
0.85046807
0.71992855
0.71935619
0.67093376
0.73750413
0.93471248
1.3529732
1.0278478
0.84024149
1.0060215
0.6376052
0.73188434
0.85691674
0.54672208
0.55183661
0.71785604
0.68012877
0.64374333
0.58472363
1.6772905
1.6110913
1.6406819
1.9694818
1.8112948
1.5624489
1.8264053
2.136462
0.91849511
1.7119974
1.6223422
1.4917323
1.6265786
1.8936893
1.7988787
2.1781582
1.2017297
1.1244905
1.4566011
1.63607
1.8183029
1.6885475
1.8375278
1.8375844
1.369221
1.5659199
1.4100646
1.5760312
1.6123534
1.8946884
2.0566783
1.7302192
2.5502169
2.6112964
1.8317387
1.9760788
1.7568398
1.423817
1.7432675
1.4374587
1.8060206
1.9137344
1.5156625
1.5246496
1.3599005
1.1406365
1.3011676
1.0962348
0.034611854
0.39151818
0.54991536
1.2771597
1.4025866
2.0099833
2.0398228
2.1667316
1.0109649
0.75941044
0.91750639
1.097067
1.1956695
1.2689091
1.3265427
1.1425719
0.64093513
0.90424076
0.87161627
0.58605039
0.71327678
0.79802474
0.67787186
0.68902123
1.7987451
1.6730787
1.6974511
1.3785474
1.3708576
1.2640807
1.1052693
1.0266075
0.98469371
1.6936998
1.6859019
1.3177403
1.5768251
1.5336382
1.1913011
1.0529542
2.3216913
1.2778831
0.99055333
1.0582913
1.1162721
1.1891363
1.1354896
1.091536
0.65263466
0.65229651
0.71181107
0.65945283
0.70437297
0.84227529
0.64350387
0.56631567
2.0227522
1.647523
1.6353483
1.5580699
1.6598359
1.422498
1.3785463
1.1827
0.85711782
0.95477456
0.88181827
0.63318779
0.88610557
1.171956
1.0510693
0.9618551
1.9679712
1.926335
1.6437468
1.4700805
1.5019726
1.5134422
1.2758513
1.0818636
0.79228269
0.80411239
0.92337417
0.77161008
0.96483982
0.96471688
0.87087799
0.93479458
0.9246696
1.2179677
0.93456738
0.98420094
0.89585425
0.77720433
0.82609158
0.5791654
1.2365198
0.90358913
0.90984801
0.73726238
0.76631072
0.84567469
0.71579735
0.69912704
0.71583838
0.78626712
1.0031026
1.3433753
1.0164389
0.86631959
1.0351275
0.63958326
0.59246853
0.65247357
0.47929049
0.46800992
0.57723771
0.55905249
0.57659694
0.53504023
