1.0504676
0.90499886
0.90896064
0.95360641
0.98259224
0.91248011
1.1978116
1.2671958
0.80277362
0.76978198
0.72200843
0.74831623
0.8952614
0.91381673
0.8887406
0.83676518
1.0989833
0.86135977
1.1909534
0.99986006
1.1899215
1.242627
1.2613177
1.1062573
1.2074147
0.95479905
0.66202072
0.87763629
0.99599001
0.97808922
0.91459759
1.0817961
0.69094007
0.95174347
0.9567132
1.0143495
0.74163564
1.0136416
0.78027819
1.2142373
1.1048343
1.0443372
1.1869942
1.2466437
1.0049284
0.90169544
1.1133729
0.99189427
1.0000288
1.0000053
0.98740956
0.9059979
1.3044376
0.80616142
0.70399424
0.96954234
1.5541153
1.5605962
1.4393175
1.3682897
1.3549241
0.98633088
1.2035518
1.2482453
0.59614881
0.33561074
0.31554553
0.43616642
0.64063764
0.96187032
0.80328854
1.1828383
1.0000295
1.0000211
0.99999598
0.99999512
0.99999793
1.0000046
0.99999625
0.99999228
0.99998851
0.99999116
0.99999809
0.99997176
1.0000158
1.0000378
1.0000145
1.0000166
1.0000007
1.0000023
1.0000009
1.0000132
0.99999005
1.0000004
0.99999668
0.99999569
0.99999132
1.0000059
1.0000092
0.99999632
0.99999355
0.99999243
0.99999541
0.99999843
0.99997333
1.0000391
1.0000255
1.0000227
1.000036
1.0000032
1.0000132
1.0000042
1.00001
0.99998897
0.99999564
0.9999865
1.0000053
0.99999207
1.0000014
0.99999689
1.0554302
1.0684821
1.4031924
1.2416355
1.0661982
1.086534
0.98523306
1.2316693
0.39729509
0.38008603
0.47164773
0.74150543
1.0586126
1.5089741
1.4708944
1.717861
0.14616605
0.065341124
0.050023695
0.034724984
0.024581716
0.031759351
0.029429953
0.033137942
0.65543326
0.53902641
0.91436821
1.3281614
1.4117104
1.8314177
1.6940032
2.4435849
0.19797393
0.086469733
0.10774931
0.073534246
0.07588535
0.060817599
0.050345826
0.046301211
4.6976377
4.3063157
7.0623042
7.3454659
7.8975442
5.8146913
6.6978292
7.3402271
1.1461869
1.1370944
1.1590898
1.1575697
1.1174459
1.0477342
1.2058882
1.1088706
1.3587501
1.4219301
1.308828
1.3296679
1.5320436
1.4975029
1.512414
1.1475273
1.7203158
1.4208228
1.360853
1.4017106
1.4570472
1.4017757
1.3799646
1.2895473
1.6279218
1.5900088
1.4906411
1.5718932
1.5924867
1.6198849
1.436244
1.3341373
1.242392
1.7079227
1.772532
1.613897
1.3792366
1.5796754
1.2185084
1.6017627
1.5216544
1.4596342
1.5120254
1.7811807
1.6774607
1.5022183
1.7170158
1.3987607
1
0.99630177
0.96494416
0.89415849
1.3947664
1.3426444
1.2087544
1.3905136
2.1740058
2.6762097
2.1698556
1.8884222
1.8112286
1.3605562
1.6087527
1.5423192
1.1047656
1.5220193
1.4404993
1.4224549
1.5349596
1.7714555
1.4007819
1.6457768
0.075752375
0.03764063
0.036553657
0.027837823
0.0545866
0.048957067
0.059286881
0.025049547
1.2592631
0.78024072
1.1297675
0.8027726
0.92189294
0.94169076
0.9691593
1.0619388
0.18622934
0.16450375
0.071860609
0.067160108
0.035136456
0.037729306
0.043340561
0.023051773
0.34422474
0.1606036
0.1813342
0.27564091
0.37513028
0.44100142
0.4969526
0.63601873
1
1
1
1
1
1
1
1
1
1
1
1
1
1
1
1
1.69463
1.328833
1.1993845
0.90958539
0.9023099
0.7940074
0.72026594
0.75703963
2.2060465
1.9638578
2.0233636
1.9526201
1.9355177
2.0839072
1.7459077
2.008421
0.21878745
0.063955098
0.06072202
0.030986085
0.016908921
0.019239232
0.020709105
0.011227063
1.5819195
1.4279195
1.0407901
0.87621598
0.7405414
0.74359727
0.58998166
0.73768716
0.27406915
0.12350215
0.070794241
0.056989051
0.071809019
0.048251664
0.050429359
0.026082979
0.92448325
0.9446121
1.3207021
1.3585751
1.7627653
1.4036481
1.6003704
1.7972012
1.1833726
1.2925289
1.3934715
1.3850405
1.3274904
1.2765991
1.4469398
1.2249817
1.4316928
1.6425744
1.4454664
1.5337144
1.9216104
1.5491589
1.7243291
1.3156664
1.4015435
1.2109472
1.3284768
1.3450963
1.3508113
1.1905125
1.2943372
1.1508922
1.0559441
1.4610027
1.1279177
1.3174834
1.1763831
1.2798487
1.0633024
1.0878311
1.1694682
1.3110422
1.4736543
1.4123633
1.2526593
1.3533464
1.0776233
1.2458778
0.9361505
0.98848431
1.0637624
1.285457
1.1486398
1.0747215
1.1573987
1.0388544
1
0.99897883
0.9769865
1.3416432
1.7162673
1.9578493
1.548659
2.213387
1.2194906
1.4899098
1.3367311
1.260588
1.295534
1.0389124
1.1991283
1.1089526
1.2133703
1.256493
1.4397788
1.1623312
1.2456706
1.1891673
1.0712847
1.1494129
0.012217739
0.0088023486
0.0079817933
0.0097053724
0.009518503
0.011107203
0.014428559
0.010511322
1.5091345
1.734059
1.9883024
1.9077776
2.0772099
2.169647
2.0669775
1.9347373
0.18227528
0.17592859
0.12216464
0.081829917
0.062099587
0.058358137
0.087237987
0.12709079
0.48948227
0.56070569
0.66384271
0.69183027
0.82889337
0.96852232
1.0779942
1.0806972
0.17166174
0.11600204
0.17005787
0.13032887
0.1818816
0.15809801
0.20265441
0.24251492
0.89097687
0.71151044
0.60966503
0.66783638
0.94157827
1.1090381
1.0893277
1.1753243
0.38481107
0.35078085
0.26944805
0.30438958
0.32063644
0.34022843
0.37684926
0.36436165
1.4202129
1.839462
1.7600943
1.5665774
1.575555
1.6722116
1.3630956
1.3593261
0.058449025
0.037839239
0.020649033
0.014485893
0.01416111
0.0079411411
0.012701882
0.0086562669
1.5195409
2.4914141
1.4218378
1.2551044
1.1565345
1.222596
0.9841431
0.93901296
0.055636483
0.034017341
0.028051496
0.032231219
0.030507438
0.030384111
0.056900323
0.027795657
1.1036857
1.0503909
1.1488668
0.78810949
0.61997868
0.45415587
0.49606078
0.60427714
0.80187835
0.8483487
0.97538175
0.92252277
1.0115793
0.87202006
1.1581329
1.1233971
1.0646324
1.0502029
1.3992254
1.1586596
1.4550666
0.91404246
1.2952888
1.4405643
0.87174941
0.98626488
1.03085
1.0360582
0.94122503
1.0080063
0.89472482
1.0729641
1.3298529
1.4114468
1.1643752
1.3008707
1.1478345
1.2903452
1.0638782
1.0485405
1.1619744
1.056912
1.0944037
1.1083591
1.0673996
1.0697225
0.88529973
0.95668319
0.88658918
0.78507383
0.79256892
0.86767522
0.77329593
0.81771857
0.89729905
0.82349495
1
0.99769245
1.4623051
1.5027134
3.1436612
2.0258246
2.1166871
1.7416884
1.2453634
1.3428916
1.2905213
1.3780977
1.1836818
1.1517853
1.1139506
1.0203085
1.4282083
1.3444763
1.3542586
0.90512876
0.80281985
0.73967623
0.64291956
0.61844284
1.6898995
2.4625136
2.461647
2.6755897
2.6756671
2.7482447
2.4619952
1.8834614
2.0177218
2.0710701
2.2651387
2.0151521
2.0117131
2.086121
1.9170724
1.7727246
0.97527305
1.1554088
1.2299572
1.4195672
1.3453596
1.2945162
1.4557681
1.3900183
0.81795777
1.1192519
1.049622
1.0053477
1.0269467
1.0500556
0.93968249
0.81707432
1.8280645
1.2691977
1.5392573
1.1226118
1.4066439
1.4834453
1.4756815
1.2861617
1.0524652
1.177067
1.3413052
1.3088393
1.6305338
1.6966487
1.6277283
1.4072636
1.0426583
1.104391
1.2088755
1.5057471
1.4058828
1.3052911
1.3115216
1.1656607
1.4216971
1.3467382
1.1575836
0.92495858
0.88570378
0.85898272
0.71189501
0.75260964
1.1762449
1.3129121
1.0405479
1.1109335
0.90474906
0.79299826
0.91309565
0.70506458
0.64643589
0.57326431
0.57432966
0.66045719
0.80228153
0.8462215
0.82611587
0.66367885
1.3196859
1.2109116
1.1245128
1.1938683
1.1671889
1.0973225
1.1887182
0.96672918
0.55833634
0.28809267
0.24042443
0.18475111
0.20879681
0.21285534
0.21622477
0.24601878
0.88982125
0.93157881
1.11195
0.97822918
1.103032
1.2597444
1.5479788
1.4464638
1.0507836
1.0742954
1.0627582
1.4791869
1.7110416
1.0988559
2.2966745
1.9163378
0.90438526
1.272771
1.3280382
0.9562527
1.0771008
1.0384167
1.5366277
1.2896759
0.85792569
0.89197441
1.0699968
0.98521006
1.1348025
1.284501
1.1711015
1.4628444
1.0664726
1.1695174
1.2605732
1.243151
1.0936727
1.1090917
0.93200268
0.95970123
1.0062537
0.91130031
0.87561527
0.87871529
0.86012764
0.92058824
0.97111221
0.87096941
0.9257535
2.5417828
1.4230843
1.2384748
1.6590639
1.3377525
1.2798846
1.4112191
1.0773567
1.2077136
1.2613763
1.3219598
1.2986665
1.2448314
1.2567573
1.2173328
1.1306805
1.0840547
0.93679628
0.77948851
0.67673068
0.69855661
0.55999747
0.56884686
1.1437944
1.0954962
1.1844647
1.1205065
1.0839164
1.0941426
1.0259959
1.0400306
1.1954937
1.1663291
0.96744046
0.87668836
0.92801665
0.873602
0.84362755
0.9074289
0.63550214
1.1003205
1.1484709
1.1583027
1.2286072
1.1767562
1.1812885
1.304612
0.96657399
0.95518261
0.7858394
0.74169541
0.80093028
0.88129157
0.73968191
0.72505434
1.1272384
1.3054644
1.7490133
2.1952952
2.2001319
2.2032942
1.8760176
1.5463691
1.0158156
1.2329112
1.6074839
1.4139854
1.6470595
1.7327158
1.5981183
1.4901079
0.87759901
1.1359006
1.3206915
1.37145
1.3391309
1.3025207
1.412565
1.4182546
1.2328052
1.2337802
1.0320023
0.87185556
0.88198917
0.79869009
0.64961812
0.72380101
0.85667566
1.1534584
1.2675998
1.3786489
1.3759108
1.2618203
1.2472359
0.95473959
0.71399082
0.66092162
0.79403636
0.93162594
1.0260156
0.92734447
0.91754748
0.70303701
0.97987381
0.87499072
1.0903033
1.3339838
1.2769134
1.2416721
1.2638813
1.0436492
0.58959785
0.51773791
0.45118922
0.51793282
0.48197984
0.35870634
0.32043745
0.28983545
1.7618388
1.1148153
1.1044029
1.0960156
1.1194399
1.2987632
0.93944457
2.1052589
0.98691772
1.2245424
0.98841448
0.96946152
0.94954871
1.3869413
1.2334387
1.2908315
1
1.0892762
1.0157639
1.0656993
1.8012543
0.78695539
1.2009025
1.4057772
1.3694573
1.0869497
0.8832126
1.5549404
0.99902215
1.3680066
1.6053004
1.4579367
1.1963439
1.2374866
1.3370081
1.3188477
1.1556743
1.1829766
0.92968138
0.82513423
1.2417884
1.1620478
1.0502164
1.2477272
1.1457758
1.0833834
1.1765269
0.96303867
0.23946869
0.80180921
0.88939503
1.3452226
1.0475029
1.2730175
1.2865206
1.502617
1.427613
1.0439022
1.1131945
1.3356559
1.3480906
1.4142388
1.3530883
1.2419498
0.58168746
0.62615254
0.66473836
0.62831017
0.63874786
0.76863027
0.69735165
0.56594282
0.9527974
0.81704294
0.78628861
0.62517336
0.6878265
0.6993466
0.71479679
0.7423973
0.54832904
0.5972208
0.54412482
0.55237822
0.60018586
0.60822662
0.60233429
0.69313686
0.76273639
1.0585927
1.2929639
1.2595457
1.3548524
1.4054018
1.1739275
1.1042142
0.75457604
0.75668466
0.8095207
0.80449817
0.79687234
0.84979427
0.65626149
0.6176572
1.2842437
1.3542273
1.2915339
1.357094
1.1425695
1.3431546
1.1715914
1.0867308
1.0481692
1.27596
1.2069644
1.0730482
1.2214749
1.1795064
1.0128722
0.94177394
1.4828934
1.196301
1.4319538
1.3959524
1.563571
1.5329174
1.4539397
1.280483
0.86965392
0.67767741
0.7534434
0.71016897
0.85277597
0.7948139
0.7409486
0.74447445
1.4441142
2.0628933
1.7778229
1.9727847
1.9965074
1.8901592
1.7989389
1.3110393
0.95871042
0.83479733
0.92477157
1.0257802
1.02165
0.95258505
0.90852021
0.71861271
2.0292052
1.5622409
1.5563068
1.8467371
1.5222367
1.4883048
1.6029196
1.2651022
0.72492828
0.50861808
0.57918726
0.43182312
0.50318069
0.41658638
0.38101245
0.36373811
0.93948899
1.0506856
0.86371102
1.2523223
1.0397807
1.0796538
1.3068156
1.0826992
0.99744432
0.99824349
0.93794602
1.1026542
0.95542922
0.9592531
1.2344929
1.4937476
1
0.98777311
0.9791182
0.93323124
1.1265652
1.1353898
0.96440741
1.3400631
1.1657908
1.1080033
0.87815729
1.2609799
0.90893489
1.7588254
0.83189823
1.3553843
0.83323123
0.8455559
0.8437995
0.98258266
0.69529385
0.79054428
0.72293905
0.61027876
1.0014226
0.84835674
0.83927804
0.90934962
0.80448449
0.84536818
0.92892565
0.93643459
0.095876528
0.073744971
0.20023208
0.52872188
0.69461751
0.9573075
1.1581683
1.4556922
1.223254
0.75335595
0.79599757
0.91806415
0.88239556
0.93636614
0.96939692
0.85069989
0.77086674
0.48850771
0.6334893
0.57670785
0.60593239
0.66209688
0.70581416
0.64510777
0.20610764
0.38783825
0.58498562
0.64521377
0.82782004
0.78777707
0.8555578
0.89320299
0.65471504
0.74730635
0.47992104
0.5176034
0.57238821
0.59889547
0.55732109
0.62898114
0.75758941
0.91939218
0.86075462
0.94182842
1.0404408
0.96205278
0.99848651
0.97148183
0.92876647
0.8423554
0.724479
0.59065683
0.61542755
0.59714876
0.54032857
0.61250662
1.129578
1.0885231
1.0662633
1.0907863
1.000893
0.98097502
0.90742261
0.89630502
0.45607854
0.44867052
0.42864024
0.35661167
0.42218673
0.52474274
0.48088652
0.60699702
1.1802293
1.289068
1.0391213
1.0116672
1.0166123
1.028209
1.0632317
0.99899723
0.56317322
0.58683193
0.64983506
0.69153622
0.72904286
0.66678497
0.70157758
0.73629136
1.4065511
1.4005589
1.6076999
1.3696519
1.4817592
1.4679182
1.4803967
1.4588506
0.96550397
1.0261077
0.67710053
0.62278366
0.64760402
0.67126785
0.64322248
0.6181681
0.5100049
0.62071713
0.8533593
1.0924362
1.0271308
1.054215
1.1999123
0.92662367
0.41460648
0.42903158
0.24041129
0.29905549
0.28881076
0.41471695
0.29035273
0.31227801
1
0.99931165
0.88452017
1.0546119
0.97857315
1.1619979
0.9880764
1.0248983
1
1
0.99298737
0.98703561
1.061372
0.99834997
0.96835067
0.93001072
1
0.98992425
0.9890064
0.96320995
1.1147006
0.99682165
0.99735906
1.1482937
0.99520544
0.99956149
0.98647658
0.98531916
1.209128
0.97116097
0.98715889
0.9956918
0.59166649
0.65508848
0.73245427
1.1235662
0.78903748
0.88757369
0.79243499
0.63217075
1.1353539
0.9189273
0.93493646
0.9981964
0.96201208
0.9111982
0.84553556
0.95835671
0.74868696
0.9239038
0.72991524
1.1691088
0.98865028
1.0965162
1.119205
1.0735803
1.0421658
1.1629503
1.0146507
1.2334214
1.1962554
1.2317042
1.2505389
1.0701516
0.59404412
0.56902864
0.69661786
0.8055177
0.96614135
1.1358241
1.2365328
1.1230397
1.296022
0.9833217
0.8634786
0.65635918
0.64941617
0.60008119
0.63978711
0.85588827
0.87218368
1.0500955
1.1105316
0.91288725
0.90233382
0.91834927
0.89660392
0.84083238
1.1241784
0.77858306
0.71491098
0.66208635
0.62912581
0.76059394
0.80859432
0.73175454
0.66241807
0.71867166
0.6630802
0.62470147
0.6636856
0.77055658
0.77320982
0.83363458
1
1
1
1
1
1
1
1
0.55902261
0.2419443
0.25308976
0.21366472
0.28145128
0.35212115
0.40964739
0.56349877
1.2668428
1.4780163
1.5329063
1.3061371
1.2621337
1.2104062
1.2705964
1.0897456
0.46734817
0.49209806
0.65812752
0.81784972
0.95250416
0.85601673
0.93023556
0.78059984
1.2382631
1.4847535
1.2431527
1.2205565
1.0645324
1.1002888
1.2261267
1.2340726
0.8526088
0.46381887
0.34057948
0.47236055
0.45127412
0.48013896
0.45666582
0.53176338
0.7616881
0.67117041
0.68542179
1.0419034
0.88341747
0.86828185
1.0497618
0.81483957
0.25984544
0.56540212
0.51700247
0.39823206
0.37677305
0.5105624
0.52047056
0.60854095
1
1
0.99467532
0.9988765
1.0740985
0.99977669
1
0.8032047
1
1
1.162592
0.95508349
0.99998258
0.98094398
0.99690391
0.99100821
1
1
1
1
1
1
1
1
1
1
1
1
1
1
1
1
0.37232343
0.44658187
0.53868481
0.75828868
0.91401664
1.1593937
0.91772217
1.5500715
1.0225024
0.76116271
0.74088952
0.82614468
0.79275222
0.7999162
0.91129999
0.92162186
1.0477502
0.8863682
0.68192179
0.8475644
0.8260306
0.87247747
0.91736399
1.0369448
1.082447
0.71233715
0.47980868
0.3756171
0.41938139
0.48899815
0.50865206
0.48313459
0.4207461
0.2775571
0.35371586
0.39950289
0.45996921
0.46376557
0.53461369
0.51502852
1
1
1
1
1
1
1
1
0.20052541
0.24159287
0.36033684
0.49840747
0.60884568
0.62887479
0.57029064
0.55841745
1
1
1
1
1
1
1
1
0.88302954
0.99349995
1.1162315
1.1745658
1.2224234
1.5782971
1.5784153
1.5988579
1
1
1
1
1
1
1
1
0.46550737
0.57683257
0.60607919
0.54939115
0.67993506
0.84304734
0.98204331
1.0038366
0.43540696
0.34718302
0.30408073
0.32952698
0.44528592
0.47304246
0.54586066
0.57018873
0.18789021
0.069807058
0.10650069
0.19171907
0.25560015
0.26791774
0.35686052
0.36670304
0.60733453
0.61305955
0.78480764
0.96967322
1.1659645
1.2861062
1.6251993
2.0999808
0.15969424
0.080377517
0.1167319
0.18051274
0.21420987
0.27321153
0.35727654
0.52976557
1.3583566
0.98126412
1.1961773
1.6902768
1.4870211
1.4702779
1.6562757
1.3239166
0.59848112
0.58604211
0.41479596
0.50075376
0.48226667
0.51385361
0.49154532
0.6313503
